Digital_Input	Screen_Position_Y_axis(px)	time(ms)
1.8131869170139048	1440.0	9
1.8131869170139048	1440.0	29
1.8131869170139048	1440.0	43
1.8131869170139048	1440.0	60
1.8131869170139048	1440.0	77
1.8131869170139048	1440.0	93
1.8131869170139048	1440.0	110
1.8131869170139048	1440.0	127
1.8131869170139048	1440.0	143
1.8131869170139048	1440.0	160
1.8131869170139048	1440.0	177
1.8131869170139048	1440.0	193
1.8131869170139048	1440.0	210
1.8131869170139048	1440.0	227
1.8131869170139048	1440.0	244
1.8131869170139048	1440.0	261
1.8131869170139048	1440.0	277
1.8131869170139048	1440.0	293
1.8131869170139048	1440.0	311
1.8131869170139048	1440.0	327
1.8131869170139048	1440.0	343
1.8131869170139048	1440.0	361
1.8131869170139048	1440.0	377
1.8131869170139048	1440.0	394
1.8131869170139048	1440.0	411
1.8131869170139048	1440.0	427
1.8131869170139048	1440.0	444
1.8131869170139048	1440.0	461
1.8131869170139048	1440.0	477
1.8131869170139048	1440.0	494
1.84371811165693	1412.658227848101	511
1.8640722414189455	1394.4303797468363	527
1.9149575658239897	1348.860759493669	544
1.9556658253480208	1312.4050632911394	561
2.0269052795150806	1248.6075949367073	577
2.0777906039201213	1203.0379746835436	594
2.1388529932061715	1148.3544303797457	611
2.1999153824922217	1093.670886075948	627
2.2508007068972624	1048.101265822784	644
2.2813319015402875	1020.759493670885	661
2.301686031302303	1002.5316455696202	677
2.3118630961833126	993.4177215189861	694
2.3118630961833126	993.4177215189861	711
2.3220401610643187	984.3037974683552	728
2.3423942908263378	966.0759493670872	744
2.3525713557073438	956.9620253164563	761
2.372925485469363	938.7341772151883	777
2.3932796152313784	920.5063291139234	794
2.4238108098744036	893.1645569620244	811
2.4543420045174287	865.8227848101255	827
2.49505026404146	829.3670886075957	844
2.525581458684485	802.0253164556968	861
2.55611265332751	774.6835443037978	878
2.5764667830895256	756.455696202533	894
2.586643847970535	747.3417721518989	911
2.5968209128515447	738.2278481012648	928
2.5968209128515447	738.2278481012648	945
2.6069979777325507	729.1139240506341	961
2.5968209128515447	738.2278481012648	978
2.5968209128515447	738.2278481012648	995
2.6069979777325507	729.1139240506341	1011
2.6069979777325507	729.1139240506341	1028
2.6069979777325507	729.1139240506341	1045
2.6069979777325507	729.1139240506341	1061
2.6069979777325507	729.1139240506341	1078
2.6069979777325507	729.1139240506341	1094
2.6069979777325507	729.1139240506341	1111
2.6171750426135603	719.9999999999999	1128
2.6171750426135603	719.9999999999999	1145
2.6171750426135603	719.9999999999999	1161
2.6171750426135603	719.9999999999999	1178
2.6171750426135603	719.9999999999999	1194
2.6069979777325507	729.1139240506341	1211
2.6069979777325507	729.1139240506341	1228
2.5968209128515447	738.2278481012648	1245
2.5764667830895256	756.455696202533	1261
2.55611265332751	774.6835443037978	1277
2.5459355884465005	783.7974683544319	1294
2.5357585235654945	792.9113924050628	1311
2.525581458684485	802.0253164556968	1328
2.525581458684485	802.0253164556968	1344
2.525581458684485	802.0253164556968	1361
2.525581458684485	802.0253164556968	1378
2.515404393803479	811.1392405063276	1394
2.5052273289224694	820.2531645569617	1411
2.49505026404146	829.3670886075957	1428
2.4645190693984347	856.7088607594947	1445
2.444164939636419	874.9367088607595	1461
2.4339878747554096	884.0506329113937	1478
2.4238108098744036	893.1645569620244	1495
2.4238108098744036	893.1645569620244	1512
2.4238108098744036	893.1645569620244	1528
2.4339878747554096	884.0506329113937	1545
2.444164939636419	874.9367088607595	1562
2.4543420045174287	865.8227848101255	1578
2.4645190693984347	856.7088607594947	1595
2.4746961342794442	847.5949367088606	1612
2.4746961342794442	847.5949367088606	1628
2.4746961342794442	847.5949367088606	1645
2.4746961342794442	847.5949367088606	1662
2.4746961342794442	847.5949367088606	1678
2.4746961342794442	847.5949367088606	1695
2.4746961342794442	847.5949367088606	1712
2.4746961342794442	847.5949367088606	1728
2.4746961342794442	847.5949367088606	1745
2.4746961342794442	847.5949367088606	1762
2.4746961342794442	847.5949367088606	1778
2.4746961342794442	847.5949367088606	1795
2.4746961342794442	847.5949367088606	1812
2.4746961342794442	847.5949367088606	1828
2.4746961342794442	847.5949367088606	1845
2.4746961342794442	847.5949367088606	1862
2.4746961342794442	847.5949367088606	1878
2.4746961342794442	847.5949367088606	1895
2.4746961342794442	847.5949367088606	1912
2.4746961342794442	847.5949367088606	1928
2.4746961342794442	847.5949367088606	1945
2.4645190693984347	856.7088607594947	1962
2.4645190693984347	856.7088607594947	1979
2.4543420045174287	865.8227848101255	1995
2.4339878747554096	884.0506329113937	2012
2.413633744993394	902.2784810126584	2029
2.383102550350369	929.6202531645574	2045
2.3525713557073438	956.9620253164563	2062
2.301686031302303	1002.5316455696202	2079
2.2609777717782684	1038.9873417721533	2095
2.1999153824922217	1093.670886075948	2112
2.128675928325162	1157.4683544303798	2129
2.0676135390391117	1212.1518987341776	2145
2.0065511497530615	1266.8354430379754	2162
1.9454887604670148	1321.5189873417703	2179
1.8844263711809646	1376.2025316455681	2195
1.8233639818949143	1430.886075949366	2212
1.8335410467759203	1421.772151898735	2229
1.8538951765379394	1403.544303797467	2245
1.8538951765379394	1403.544303797467	2262
1.8538951765379394	1403.544303797467	2278
1.8233639818949143	1430.886075949366	2295
1.8233639818949143	1430.886075949366	2312
1.8131869170139048	1440.0	2329
1.8131869170139048	1440.0	2345
1.8131869170139048	1440.0	2362
1.8131869170139048	1440.0	2379
1.8131869170139048	1440.0	2395
1.8131869170139048	1440.0	2412
1.8131869170139048	1440.0	2429
1.8131869170139048	1440.0	2445
1.8131869170139048	1440.0	2462
1.8131869170139048	1440.0	2479
1.8131869170139048	1440.0	2496
1.8131869170139048	1440.0	2512
1.8131869170139048	1440.0	2529
1.8131869170139048	1440.0	2546
1.8131869170139048	1440.0	2562
1.8131869170139048	1440.0	2579
1.8131869170139048	1440.0	2596
1.8131869170139048	1440.0	2612
1.8131869170139048	1440.0	2629
1.8131869170139048	1440.0	2645
1.8131869170139048	1440.0	2662
1.8131869170139048	1440.0	2679
1.8131869170139048	1440.0	2696
1.8131869170139048	1440.0	2712
1.8131869170139048	1440.0	2729
1.8131869170139048	1440.0	2746
1.8131869170139048	1440.0	2762
1.8131869170139048	1440.0	2779
1.8131869170139048	1440.0	2796
1.8131869170139048	1440.0	2812
1.8131869170139048	1440.0	2829
1.8131869170139048	1440.0	2846
1.8131869170139048	1440.0	2862
1.8131869170139048	1440.0	2879
1.8131869170139048	1440.0	2896
1.8131869170139048	1440.0	2912
1.8131869170139048	1440.0	2929
1.8131869170139048	1440.0	2946
1.8131869170139048	1440.0	2962
1.8131869170139048	1440.0	2979
1.8131869170139048	1440.0	2996
1.8131869170139048	1440.0	3012
1.8131869170139048	1440.0	3029
1.8131869170139048	1440.0	3046
1.8131869170139048	1440.0	3062
1.8131869170139048	1440.0	3079
1.8131869170139048	1440.0	3096
1.8131869170139048	1440.0	3112
1.8131869170139048	1440.0	3129
1.8131869170139048	1440.0	3146
1.8131869170139048	1440.0	3163
1.8131869170139048	1440.0	3180
1.8131869170139048	1440.0	3196
1.8131869170139048	1440.0	3213
1.8131869170139048	1440.0	3229
1.8131869170139048	1440.0	3246
1.8131869170139048	1440.0	3263
1.8131869170139048	1440.0	3279
1.8131869170139048	1440.0	3296
1.8131869170139048	1440.0	3313
1.8131869170139048	1440.0	3330
1.8131869170139048	1440.0	3346
1.8131869170139048	1440.0	3363
1.8131869170139048	1440.0	3380
1.8131869170139048	1440.0	3396
1.8131869170139048	1440.0	3413
1.8131869170139048	1440.0	3430
1.84371811165693	1412.658227848101	3447
1.8946034360619706	1367.0886075949372	3463
1.9658428902290304	1303.2911392405053	3480
2.0777906039201213	1203.0379746835436	3497
2.2100924473732277	1084.556962025317	3513
2.3627484205883533	947.8481012658224	3530
2.525581458684485	802.0253164556968	3546
2.657883302137595	683.544303797467	3563
2.7494768860666667	601.5189873417734	3580
2.800362210471711	555.9493670886063	3597
2.8207163402337265	537.7215189873414	3613
2.8207163402337265	537.7215189873414	3629
2.8308934051147325	528.6075949367105	3647
2.8207163402337265	537.7215189873414	3663
2.8308934051147325	528.6075949367105	3680
2.8512475348767516	510.37974683544246	3697
2.8817787295197768	483.03797468354355	3713
2.922486989043808	446.58227848101376	3730
2.942841118805827	428.35443037974574	3747
2.9631952485678426	410.12658227848056	3763
2.983549378329858	391.89873417721606	3780
3.0039035080918737	373.6708860759509	3797
3.024257637853893	355.44303797468274	3813
3.0446117676159083	337.215189873418	3830
3.0751429622589335	309.873417721519	3847
3.115851221782968	273.4177215189861	3863
3.126028286663974	264.30379746835524	3880
3.1463824164259897	246.0759493670903	3897
3.1565594813069993	236.96202531645622	3913
3.166736546188009	227.84810126582238	3930
3.176913611069015	218.7341772151915	3947
3.197267740831034	200.50632911392336	3963
3.20744480571204	191.39240506329247	3980
3.227798935474059	173.16455696202456	3997
3.237976000355065	164.05063291139368	4013
3.2481530652360746	154.93670886075938	4030
3.2481530652360746	154.93670886075938	4047
3.258330130117084	145.82278481012554	4064
3.26850719499809	136.70886075949466	4080
3.2786842598790997	127.59493670886059	4097
3.2786842598790997	127.59493670886059	4114
3.2888613247601057	118.4810126582297	4130
3.2786842598790997	127.59493670886059	4147
3.2888613247601057	118.4810126582297	4164
3.2786842598790997	127.59493670886059	4180
3.2888613247601057	118.4810126582297	4197
3.2888613247601057	118.4810126582297	4214
3.2888613247601057	118.4810126582297	4230
3.2990383896411153	109.36708860759563	4247
3.309215454522125	100.25316455696156	4263
3.2990383896411153	109.36708860759563	4280
3.2990383896411153	109.36708860759563	4297
3.309215454522125	100.25316455696156	4313
3.309215454522125	100.25316455696156	4331
3.319392519403131	91.13924050633068	4347
3.319392519403131	91.13924050633068	4364
3.319392519403131	91.13924050633068	4381
3.319392519403131	91.13924050633068	4397
3.319392519403131	91.13924050633068	4413
3.3295695842841404	82.02531645569684	4431
3.3295695842841404	82.02531645569684	4447
3.3295695842841404	82.02531645569684	4464
3.3295695842841404	82.02531645569684	4481
3.3295695842841404	82.02531645569684	4497
3.3295695842841404	82.02531645569684	4514
3.3295695842841404	82.02531645569684	4531
3.3295695842841404	82.02531645569684	4547
3.3295695842841404	82.02531645569684	4564
3.3295695842841404	82.02531645569684	4581
3.3295695842841404	82.02531645569684	4597
3.3295695842841404	82.02531645569684	4614
3.3295695842841404	82.02531645569684	4631
3.3295695842841404	82.02531645569684	4647
3.319392519403131	91.13924050633068	4664
3.319392519403131	91.13924050633068	4681
3.319392519403131	91.13924050633068	4698
3.3295695842841404	82.02531645569684	4714
3.319392519403131	91.13924050633068	4731
3.319392519403131	91.13924050633068	4748
3.319392519403131	91.13924050633068	4764
3.319392519403131	91.13924050633068	4781
3.319392519403131	91.13924050633068	4797
3.319392519403131	91.13924050633068	4814
3.319392519403131	91.13924050633068	4831
3.319392519403131	91.13924050633068	4848
3.319392519403131	91.13924050633068	4864
3.319392519403131	91.13924050633068	4881
3.319392519403131	91.13924050633068	4898
3.309215454522125	100.25316455696156	4914
3.309215454522125	100.25316455696156	4931
3.2990383896411153	109.36708860759563	4948
3.2786842598790997	127.59493670886059	4965
3.2481530652360746	154.93670886075938	4981
3.20744480571204	191.39240506329247	4998
3.1362053515449837	255.18987341772117	5015
3.0751429622589335	309.873417721519	5031
3.024257637853893	355.44303797468274	5048
2.973372313448852	401.0126582278467	5064
2.912309924162802	455.69620253164464	5081
2.8512475348767516	510.37974683544246	5098
2.780008080709692	574.1772151898745	5114
2.7087686265426356	637.9746835443032	5131
2.657883302137595	683.544303797467	5148
2.5968209128515447	738.2278481012648	5164
2.5459355884465005	783.7974683544319	5181
2.5052273289224694	820.2531645569617	5198
2.4746961342794442	847.5949367088606	5214
2.444164939636419	874.9367088607595	5231
2.413633744993394	902.2784810126584	5248
2.372925485469363	938.7341772151883	5265
2.3423942908263378	966.0759493670872	5281
2.301686031302303	1002.5316455696202	5298
2.2609777717782684	1038.9873417721533	5314
2.240623642016253	1057.215189873418	5331
2.2100924473732277	1084.556962025317	5348
2.189738317611212	1102.784810126582	5365
2.1693841878491966	1121.0126582278467	5381
2.1388529932061715	1148.3544303797457	5398
2.1083217985631464	1175.6962025316448	5415
2.0676135390391117	1212.1518987341776	5431
2.0269052795150806	1248.6075949367073	5448
1.986197019991046	1285.0632911392404	5465
1.9353116955860052	1330.6329113924044	5482
1.8640722414189455	1394.4303797468363	5498
1.8233639818949143	1430.886075949366	5514
1.8335410467759203	1421.772151898735	5532
1.8538951765379394	1403.544303797467	5548
1.8640722414189455	1394.4303797468363	5565
1.8538951765379394	1403.544303797467	5582
1.8335410467759203	1421.772151898735	5598
1.8233639818949143	1430.886075949366	5615
1.8233639818949143	1430.886075949366	5632
1.8131869170139048	1440.0	5648
1.8131869170139048	1440.0	5665
1.8131869170139048	1440.0	5682
1.8131869170139048	1440.0	5698
1.8131869170139048	1440.0	5715
1.8131869170139048	1440.0	5732
1.8131869170139048	1440.0	5748
1.8131869170139048	1440.0	5764
1.8131869170139048	1440.0	5782
1.8131869170139048	1440.0	5798
1.8131869170139048	1440.0	5814
1.8131869170139048	1440.0	5831
1.8131869170139048	1440.0	5848
1.8131869170139048	1440.0	5865
1.8131869170139048	1440.0	5882
1.8131869170139048	1440.0	5898
1.8131869170139048	1440.0	5915
1.8131869170139048	1440.0	5932
1.8131869170139048	1440.0	5948
1.8131869170139048	1440.0	5965
1.8131869170139048	1440.0	5981
1.8131869170139048	1440.0	5998
1.8131869170139048	1440.0	6015
1.8131869170139048	1440.0	6032
1.8131869170139048	1440.0	6049
1.8131869170139048	1440.0	6064
1.8131869170139048	1440.0	6082
1.8131869170139048	1440.0	6098
1.8131869170139048	1440.0	6115
1.8131869170139048	1440.0	6131
1.8131869170139048	1440.0	6149
1.8131869170139048	1440.0	6165
1.8131869170139048	1440.0	6182
1.8131869170139048	1440.0	6198
1.8131869170139048	1440.0	6215
1.8131869170139048	1440.0	6232
1.8131869170139048	1440.0	6249
1.8131869170139048	1440.0	6265
1.8131869170139048	1440.0	6282
1.8131869170139048	1440.0	6299
1.8131869170139048	1440.0	6315
1.8131869170139048	1440.0	6332
1.8131869170139048	1440.0	6349
1.8131869170139048	1440.0	6365
1.8131869170139048	1440.0	6382
1.8131869170139048	1440.0	6399
1.8131869170139048	1440.0	6416
1.8131869170139048	1440.0	6432
1.8131869170139048	1440.0	6449
1.8131869170139048	1440.0	6465
1.8335410467759203	1421.772151898735	6482
1.874249306299955	1385.3164556962022	6499
1.9149575658239897	1348.860759493669	6516
1.9556658253480208	1312.4050632911394	6532
2.0269052795150806	1248.6075949367073	6549
2.098144733682137	1184.8101265822788	6565
2.1795612527302026	1111.8987341772158	6582
2.2609777717782684	1038.9873417721533	6599
2.3220401610643187	984.3037974683552	6616
2.3627484205883533	947.8481012658224	6632
2.3932796152313784	920.5063291139234	6649
2.413633744993394	902.2784810126584	6666
2.4238108098744036	893.1645569620244	6682
2.4339878747554096	884.0506329113937	6699
2.4543420045174287	865.8227848101255	6716
2.484873199160454	838.4810126582266	6732
2.525581458684485	802.0253164556968	6749
2.5764667830895256	756.455696202533	6765
2.62735210749457	710.8860759493659	6782
2.668060367018601	674.4303797468361	6799
2.698591561661626	647.0886075949372	6815
2.729122756304651	619.7468354430381	6833
2.7494768860666667	601.5189873417734	6849
2.7596539509476763	592.4050632911392	6866
2.769831015828686	583.2911392405053	6882
2.769831015828686	583.2911392405053	6899
2.7901851455907014	565.0632911392403	6916
2.7901851455907014	565.0632911392403	6932
2.800362210471711	555.9493670886063	6949
2.810539275352717	546.8354430379754	6966
2.810539275352717	546.8354430379754	6982
2.810539275352717	546.8354430379754	6999
2.810539275352717	546.8354430379754	7016
2.810539275352717	546.8354430379754	7032
2.810539275352717	546.8354430379754	7049
2.810539275352717	546.8354430379754	7066
2.810539275352717	546.8354430379754	7082
2.810539275352717	546.8354430379754	7099
2.810539275352717	546.8354430379754	7116
2.810539275352717	546.8354430379754	7133
2.810539275352717	546.8354430379754	7150
2.810539275352717	546.8354430379754	7166
2.810539275352717	546.8354430379754	7182
2.810539275352717	546.8354430379754	7199
2.810539275352717	546.8354430379754	7216
2.810539275352717	546.8354430379754	7232
2.810539275352717	546.8354430379754	7249
2.810539275352717	546.8354430379754	7266
2.810539275352717	546.8354430379754	7283
2.810539275352717	546.8354430379754	7299
2.810539275352717	546.8354430379754	7316
2.810539275352717	546.8354430379754	7332
2.810539275352717	546.8354430379754	7349
2.810539275352717	546.8354430379754	7366
2.810539275352717	546.8354430379754	7383
2.810539275352717	546.8354430379754	7400
2.810539275352717	546.8354430379754	7416
2.810539275352717	546.8354430379754	7433
2.810539275352717	546.8354430379754	7450
2.810539275352717	546.8354430379754	7466
2.810539275352717	546.8354430379754	7483
2.810539275352717	546.8354430379754	7500
2.810539275352717	546.8354430379754	7516
2.810539275352717	546.8354430379754	7533
2.810539275352717	546.8354430379754	7550
2.810539275352717	546.8354430379754	7567
2.810539275352717	546.8354430379754	7583
2.810539275352717	546.8354430379754	7600
2.810539275352717	546.8354430379754	7617
2.810539275352717	546.8354430379754	7633
2.810539275352717	546.8354430379754	7650
2.810539275352717	546.8354430379754	7666
2.810539275352717	546.8354430379754	7683
2.810539275352717	546.8354430379754	7700
2.810539275352717	546.8354430379754	7717
2.810539275352717	546.8354430379754	7733
2.810539275352717	546.8354430379754	7750
2.810539275352717	546.8354430379754	7767
2.810539275352717	546.8354430379754	7783
2.810539275352717	546.8354430379754	7800
2.810539275352717	546.8354430379754	7817
2.810539275352717	546.8354430379754	7833
2.800362210471711	555.9493670886063	7850
2.810539275352717	546.8354430379754	7867
2.810539275352717	546.8354430379754	7883
2.810539275352717	546.8354430379754	7900
2.810539275352717	546.8354430379754	7917
2.810539275352717	546.8354430379754	7933
2.800362210471711	555.9493670886063	7950
2.800362210471711	555.9493670886063	7967
2.7901851455907014	565.0632911392403	7983
2.780008080709692	574.1772151898745	8000
2.7494768860666667	601.5189873417734	8017
2.7189456914236416	628.8607594936723	8033
2.6782374318996105	665.3164556962021	8050
2.6477062372565854	692.658227848101	8067
2.5968209128515447	738.2278481012648	8083
2.5459355884465005	783.7974683544319	8100
2.4746961342794442	847.5949367088606	8117
2.4034566801123844	911.3924050632926	8134
2.3118630961833126	993.4177215189861	8150
2.230446577135247	1066.329113924049	8167
2.128675928325162	1157.4683544303798	8183
2.0269052795150806	1248.6075949367073	8200
1.9353116955860052	1330.6329113924044	8217
1.84371811165693	1412.658227848101	8233
1.84371811165693	1412.658227848101	8250
1.874249306299955	1385.3164556962022	8267
1.9047805009429801	1357.9746835443032	8284
1.9353116955860052	1330.6329113924044	8300
1.9454887604670148	1321.5189873417703	8317
1.9454887604670148	1321.5189873417703	8334
1.9353116955860052	1330.6329113924044	8350
1.9149575658239897	1348.860759493669	8367
1.8640722414189455	1394.4303797468363	8383
1.8335410467759203	1421.772151898735	8401
1.8335410467759203	1421.772151898735	8417
1.84371811165693	1412.658227848101	8434
1.8335410467759203	1421.772151898735	8451
1.8233639818949143	1430.886075949366	8467
1.8233639818949143	1430.886075949366	8484
1.8131869170139048	1440.0	8501
1.8131869170139048	1440.0	8517
1.8233639818949143	1430.886075949366	8534
1.8233639818949143	1430.886075949366	8551
1.8131869170139048	1440.0	8567
1.8233639818949143	1430.886075949366	8584
1.8131869170139048	1440.0	8601
1.8131869170139048	1440.0	8617
1.8131869170139048	1440.0	8634
1.8131869170139048	1440.0	8651
1.8131869170139048	1440.0	8667
1.8131869170139048	1440.0	8684
1.8131869170139048	1440.0	8701
1.8131869170139048	1440.0	8718
1.8233639818949143	1430.886075949366	8734
1.8233639818949143	1430.886075949366	8751
1.8131869170139048	1440.0	8768
1.8233639818949143	1430.886075949366	8784
1.8131869170139048	1440.0	8801
1.8131869170139048	1440.0	8817
1.8131869170139048	1440.0	8834
1.8131869170139048	1440.0	8851
1.8131869170139048	1440.0	8868
1.8131869170139048	1440.0	8884
1.8131869170139048	1440.0	8901
1.8131869170139048	1440.0	8918
1.8131869170139048	1440.0	8934
1.8131869170139048	1440.0	8951
1.8131869170139048	1440.0	8968
1.8131869170139048	1440.0	8984
1.8131869170139048	1440.0	9001
1.8131869170139048	1440.0	9018
1.8131869170139048	1440.0	9034
1.8131869170139048	1440.0	9051
1.8233639818949143	1430.886075949366	9068
1.8131869170139048	1440.0	9084
1.8233639818949143	1430.886075949366	9101
1.8131869170139048	1440.0	9118
1.8131869170139048	1440.0	9134
1.8131869170139048	1440.0	9151
1.8131869170139048	1440.0	9168
1.8233639818949143	1430.886075949366	9184
1.8131869170139048	1440.0	9201
1.8233639818949143	1430.886075949366	9218
1.8131869170139048	1440.0	9234
1.8131869170139048	1440.0	9251
1.8131869170139048	1440.0	9268
1.8131869170139048	1440.0	9284
1.8131869170139048	1440.0	9301
1.8131869170139048	1440.0	9318
1.8233639818949143	1430.886075949366	9334
1.8131869170139048	1440.0	9351
1.8131869170139048	1440.0	9368
1.8131869170139048	1440.0	9384
1.8131869170139048	1440.0	9401
1.8233639818949143	1430.886075949366	9418
1.8233639818949143	1430.886075949366	9434
1.8335410467759203	1421.772151898735	9451
1.8538951765379394	1403.544303797467	9468
1.8946034360619706	1367.0886075949372	9485
1.9251346307049957	1339.7468354430382	9501
1.9760199551100364	1294.1772151898745	9518
2.016728214634071	1257.7215189873414	9535
2.0676135390391117	1212.1518987341776	9551
2.1083217985631464	1175.6962025316448	9568
2.1388529932061715	1148.3544303797457	9585
2.1795612527302026	1111.8987341772158	9601
2.1999153824922217	1093.670886075948	9618
2.2202695122542373	1075.443037974683	9635
2.2202695122542373	1075.443037974683	9652
2.2202695122542373	1075.443037974683	9668
2.2202695122542373	1075.443037974683	9685
2.2202695122542373	1075.443037974683	9702
2.2202695122542373	1075.443037974683	9718
2.2202695122542373	1075.443037974683	9735
2.2202695122542373	1075.443037974683	9752
2.2202695122542373	1075.443037974683	9768
2.2202695122542373	1075.443037974683	9785
2.2202695122542373	1075.443037974683	9801
2.2202695122542373	1075.443037974683	9818
2.2202695122542373	1075.443037974683	9835
2.2202695122542373	1075.443037974683	9852
2.2202695122542373	1075.443037974683	9868
2.2202695122542373	1075.443037974683	9885
2.2202695122542373	1075.443037974683	9902
2.2202695122542373	1075.443037974683	9918
2.2202695122542373	1075.443037974683	9935
2.2202695122542373	1075.443037974683	9952
2.2100924473732277	1084.556962025317	9968
2.2100924473732277	1084.556962025317	9985
2.2100924473732277	1084.556962025317	10002
2.2100924473732277	1084.556962025317	10018
2.2100924473732277	1084.556962025317	10034
2.2100924473732277	1084.556962025317	10052
2.2100924473732277	1084.556962025317	10069
2.2202695122542373	1075.443037974683	10085
2.2202695122542373	1075.443037974683	10102
2.2202695122542373	1075.443037974683	10119
2.2202695122542373	1075.443037974683	10135
2.2202695122542373	1075.443037974683	10152
2.2202695122542373	1075.443037974683	10169
2.2202695122542373	1075.443037974683	10185
2.2202695122542373	1075.443037974683	10202
2.2202695122542373	1075.443037974683	10219
2.2100924473732277	1084.556962025317	10235
2.2100924473732277	1084.556962025317	10252
2.2202695122542373	1075.443037974683	10269
2.2202695122542373	1075.443037974683	10285
2.2202695122542373	1075.443037974683	10302
2.2202695122542373	1075.443037974683	10318
2.2202695122542373	1075.443037974683	10335
2.2100924473732277	1084.556962025317	10352
2.2202695122542373	1075.443037974683	10369
2.2202695122542373	1075.443037974683	10385
2.2100924473732277	1084.556962025317	10402
2.2100924473732277	1084.556962025317	10419
2.1999153824922217	1093.670886075948	10435
2.1999153824922217	1093.670886075948	10452
2.1999153824922217	1093.670886075948	10469
2.189738317611212	1102.784810126582	10485
2.1999153824922217	1093.670886075948	10502
2.1999153824922217	1093.670886075948	10519
2.1999153824922217	1093.670886075948	10536
2.189738317611212	1102.784810126582	10552
2.1999153824922217	1093.670886075948	10569
2.1999153824922217	1093.670886075948	10586
2.1999153824922217	1093.670886075948	10602
2.1999153824922217	1093.670886075948	10619
2.1999153824922217	1093.670886075948	10635
2.1999153824922217	1093.670886075948	10652
2.1999153824922217	1093.670886075948	10669
2.1999153824922217	1093.670886075948	10686
2.1999153824922217	1093.670886075948	10702
2.1999153824922217	1093.670886075948	10719
2.1999153824922217	1093.670886075948	10735
2.1999153824922217	1093.670886075948	10752
2.1999153824922217	1093.670886075948	10769
2.1999153824922217	1093.670886075948	10785
2.2100924473732277	1084.556962025317	10802
2.2202695122542373	1075.443037974683	10819
2.2202695122542373	1075.443037974683	10836
2.2202695122542373	1075.443037974683	10852
2.230446577135247	1066.329113924049	10869
2.230446577135247	1066.329113924049	10885
2.230446577135247	1066.329113924049	10902
2.230446577135247	1066.329113924049	10919
2.230446577135247	1066.329113924049	10936
2.230446577135247	1066.329113924049	10952
2.230446577135247	1066.329113924049	10969
2.230446577135247	1066.329113924049	10986
2.230446577135247	1066.329113924049	11002
2.230446577135247	1066.329113924049	11019
2.230446577135247	1066.329113924049	11036
2.230446577135247	1066.329113924049	11052
2.230446577135247	1066.329113924049	11069
2.230446577135247	1066.329113924049	11086
2.2202695122542373	1075.443037974683	11102
2.1999153824922217	1093.670886075948	11119
2.1795612527302026	1111.8987341772158	11136
2.159207122968187	1130.1265822784808	11152
2.1184988634441524	1166.5822784810139	11169
2.0777906039201213	1203.0379746835436	11186
2.0269052795150806	1248.6075949367073	11203
1.986197019991046	1285.0632911392404	11220
1.9353116955860052	1330.6329113924044	11236
1.8844263711809646	1376.2025316455681	11252
1.8335410467759203	1421.772151898735	11270
1.84371811165693	1412.658227848101	11286
1.8538951765379394	1403.544303797467	11303
1.8538951765379394	1403.544303797467	11319
1.8538951765379394	1403.544303797467	11336
1.8233639818949143	1430.886075949366	11353
1.8233639818949143	1430.886075949366	11370
1.8131869170139048	1440.0	11386
1.8131869170139048	1440.0	11403
1.8131869170139048	1440.0	11419
1.8131869170139048	1440.0	11436
1.8131869170139048	1440.0	11452
1.8131869170139048	1440.0	11469
1.8131869170139048	1440.0	11486
1.8131869170139048	1440.0	11503
1.8131869170139048	1440.0	11519
1.8131869170139048	1440.0	11536
1.8131869170139048	1440.0	11552
1.8131869170139048	1440.0	11569
1.8131869170139048	1440.0	11586
1.8131869170139048	1440.0	11603
1.8131869170139048	1440.0	11620
1.8131869170139048	1440.0	11637
1.8131869170139048	1440.0	11653
1.8131869170139048	1440.0	11670
1.8131869170139048	1440.0	11687
1.8131869170139048	1440.0	11703
1.8131869170139048	1440.0	11720
1.8131869170139048	1440.0	11736
1.8131869170139048	1440.0	11753
1.8131869170139048	1440.0	11770
1.8131869170139048	1440.0	11787
1.8131869170139048	1440.0	11803
1.8131869170139048	1440.0	11820
1.8131869170139048	1440.0	11837
1.8131869170139048	1440.0	11853
1.8131869170139048	1440.0	11870
1.8131869170139048	1440.0	11887
1.8131869170139048	1440.0	11903
1.8131869170139048	1440.0	11920
1.8131869170139048	1440.0	11937
1.8131869170139048	1440.0	11953
1.8131869170139048	1440.0	11970
1.8131869170139048	1440.0	11987
1.8131869170139048	1440.0	12003
1.8131869170139048	1440.0	12020
1.8131869170139048	1440.0	12037
1.8131869170139048	1440.0	12053
1.8131869170139048	1440.0	12070
1.8131869170139048	1440.0	12087
1.8131869170139048	1440.0	12103
1.8131869170139048	1440.0	12120
1.8131869170139048	1440.0	12137
1.8131869170139048	1440.0	12154
1.8131869170139048	1440.0	12170
1.8131869170139048	1440.0	12187
1.8131869170139048	1440.0	12204
1.8131869170139048	1440.0	12220
1.8131869170139048	1440.0	12237
1.8131869170139048	1440.0	12254
1.8131869170139048	1440.0	12270
1.8131869170139048	1440.0	12287
1.8131869170139048	1440.0	12304
1.8131869170139048	1440.0	12320
1.8131869170139048	1440.0	12337
1.8131869170139048	1440.0	12354
1.8131869170139048	1440.0	12370
1.8131869170139048	1440.0	12387
1.8131869170139048	1440.0	12404
1.8131869170139048	1440.0	12420
1.8335410467759203	1421.772151898735	12437
1.874249306299955	1385.3164556962022	12454
1.9251346307049957	1339.7468354430382	12471
1.986197019991046	1285.0632911392404	12487
2.0777906039201213	1203.0379746835436	12504
2.1795612527302026	1111.8987341772158	12521
2.2915089664212935	1011.6455696202542	12537
2.4034566801123844	911.3924050632926	12554
2.49505026404146	829.3670886075957	12571
2.5662897182085196	765.5696202531639	12588
2.6069979777325507	729.1139240506341	12604
2.62735210749457	710.8860759493659	12621
2.6477062372565854	692.658227848101	12637
2.668060367018601	674.4303797468361	12654
2.698591561661626	647.0886075949372	12671
2.729122756304651	619.7468354430381	12687
2.769831015828686	583.2911392405053	12704
2.800362210471711	555.9493670886063	12721
2.8308934051147325	528.6075949367105	12737
2.841070469995742	519.4936708860765	12754
2.8614245997577576	501.2658227848116	12771
2.8817787295197768	483.03797468354355	12787
2.8817787295197768	483.03797468354355	12804
2.8919557944007828	473.92405063291267	12821
2.9021328592817923	464.8101265822786	12838
2.912309924162802	455.69620253164464	12853
2.912309924162802	455.69620253164464	12870
2.922486989043808	446.58227848101376	12887
2.922486989043808	446.58227848101376	12904
2.953018183686833	419.24050632911485	12921
2.9631952485678426	410.12658227848056	12937
2.9937264432108677	382.78481012658176	12954
3.0140805729728832	364.5569620253168	12971
3.034434702734899	346.32911392405185	12988
3.0446117676159083	337.215189873418	13004
3.0446117676159083	337.215189873418	13021
3.0446117676159083	337.215189873418	13038
3.0446117676159083	337.215189873418	13054
3.034434702734899	346.32911392405185	13071
3.024257637853893	355.44303797468274	13088
3.0140805729728832	364.5569620253168	13104
3.0140805729728832	364.5569620253168	13121
3.0140805729728832	364.5569620253168	13138
3.0140805729728832	364.5569620253168	13154
3.0140805729728832	364.5569620253168	13171
3.0140805729728832	364.5569620253168	13188
3.0140805729728832	364.5569620253168	13204
3.0140805729728832	364.5569620253168	13221
3.0140805729728832	364.5569620253168	13238
3.0140805729728832	364.5569620253168	13254
3.0140805729728832	364.5569620253168	13271
3.0140805729728832	364.5569620253168	13288
3.0140805729728832	364.5569620253168	13304
3.0140805729728832	364.5569620253168	13321
3.024257637853893	355.44303797468274	13338
3.034434702734899	346.32911392405185	13355
3.0446117676159083	337.215189873418	13371
3.054788832496918	328.10126582278394	13388
3.064965897377924	318.98734177215306	13404
3.0751429622589335	309.873417721519	13421
3.0751429622589335	309.873417721519	13438
3.085320027139943	300.7594936708849	13455
3.085320027139943	300.7594936708849	13471
3.085320027139943	300.7594936708849	13488
3.085320027139943	300.7594936708849	13504
3.0751429622589335	309.873417721519	13521
3.0751429622589335	309.873417721519	13538
3.0751429622589335	309.873417721519	13554
3.0751429622589335	309.873417721519	13572
3.0751429622589335	309.873417721519	13588
3.0751429622589335	309.873417721519	13604
3.0751429622589335	309.873417721519	13621
3.0751429622589335	309.873417721519	13638
3.0751429622589335	309.873417721519	13655
3.0751429622589335	309.873417721519	13671
3.0751429622589335	309.873417721519	13688
3.0751429622589335	309.873417721519	13705
3.0751429622589335	309.873417721519	13722
3.0751429622589335	309.873417721519	13738
3.0751429622589335	309.873417721519	13755
3.0751429622589335	309.873417721519	13772
3.0751429622589335	309.873417721519	13788
3.0751429622589335	309.873417721519	13805
3.0751429622589335	309.873417721519	13822
3.0751429622589335	309.873417721519	13838
3.0751429622589335	309.873417721519	13855
3.0751429622589335	309.873417721519	13872
3.0751429622589335	309.873417721519	13888
3.0751429622589335	309.873417721519	13905
3.0751429622589335	309.873417721519	13922
3.0751429622589335	309.873417721519	13938
3.0751429622589335	309.873417721519	13955
3.0751429622589335	309.873417721519	13972
3.0751429622589335	309.873417721519	13988
3.0751429622589335	309.873417721519	14005
3.0751429622589335	309.873417721519	14022
3.0751429622589335	309.873417721519	14038
3.064965897377924	318.98734177215306	14055
3.064965897377924	318.98734177215306	14072
3.064965897377924	318.98734177215306	14089
3.064965897377924	318.98734177215306	14105
3.064965897377924	318.98734177215306	14122
3.064965897377924	318.98734177215306	14138
3.064965897377924	318.98734177215306	14155
3.054788832496918	328.10126582278394	14172
3.054788832496918	328.10126582278394	14188
3.0446117676159083	337.215189873418	14205
3.034434702734899	346.32911392405185	14222
3.0140805729728832	364.5569620253168	14239
2.9937264432108677	382.78481012658176	14255
2.942841118805827	428.35443037974574	14272
2.8817787295197768	483.03797468354355	14288
2.7901851455907014	565.0632911392403	14305
2.6884144967806165	656.2025316455712	14322
2.5662897182085196	765.5696202531639	14339
2.4238108098744036	893.1645569620244	14355
2.2813319015402875	1020.759493670885	14372
2.1388529932061715	1148.3544303797457	14389
1.986197019991046	1285.0632911392404	14405
1.8538951765379394	1403.544303797467	14422
1.8538951765379394	1403.544303797467	14439
1.8946034360619706	1367.0886075949372	14455
1.9353116955860052	1330.6329113924044	14472
1.9760199551100364	1294.1772151898745	14489
1.986197019991046	1285.0632911392404	14505
1.986197019991046	1285.0632911392404	14522
1.9658428902290304	1303.2911392405053	14539
1.9251346307049957	1339.7468354430382	14556
1.8538951765379394	1403.544303797467	14572
1.8233639818949143	1430.886075949366	14589
1.84371811165693	1412.658227848101	14606
1.8538951765379394	1403.544303797467	14622
1.84371811165693	1412.658227848101	14638
1.8233639818949143	1430.886075949366	14656
1.8233639818949143	1430.886075949366	14672
1.8233639818949143	1430.886075949366	14689
1.8131869170139048	1440.0	14706
1.8131869170139048	1440.0	14722
1.8131869170139048	1440.0	14739
1.8131869170139048	1440.0	14756
1.8131869170139048	1440.0	14772
1.8131869170139048	1440.0	14789
1.8131869170139048	1440.0	14806
1.8131869170139048	1440.0	14822
1.8131869170139048	1440.0	14839
1.8131869170139048	1440.0	14856
1.8131869170139048	1440.0	14872
1.8131869170139048	1440.0	14889
1.8131869170139048	1440.0	14906
1.8131869170139048	1440.0	14922
1.8131869170139048	1440.0	14939
1.8131869170139048	1440.0	14956
1.8131869170139048	1440.0	14972
1.8131869170139048	1440.0	14989
1.8131869170139048	1440.0	15006
1.8131869170139048	1440.0	15022
1.8131869170139048	1440.0	15039
1.8131869170139048	1440.0	15048
1.8131869170139048	1440.0	15065
1.8131869170139048	1440.0	15078
1.8131869170139048	1440.0	15095
1.8131869170139048	1440.0	15111
1.8131869170139048	1440.0	15127
1.8131869170139048	1440.0	15145
1.8131869170139048	1440.0	15161
1.8131869170139048	1440.0	15178
1.8131869170139048	1440.0	15195
1.8131869170139048	1440.0	15211
1.8131869170139048	1440.0	15228
1.8131869170139048	1440.0	15245
1.8131869170139048	1440.0	15261
1.8131869170139048	1440.0	15278
1.8131869170139048	1440.0	15295
1.8131869170139048	1440.0	15311
1.8131869170139048	1440.0	15328
1.8131869170139048	1440.0	15345
1.8131869170139048	1440.0	15362
1.8131869170139048	1440.0	15378
1.8131869170139048	1440.0	15395
1.8131869170139048	1440.0	15412
1.8233639818949143	1430.886075949366	15428
1.84371811165693	1412.658227848101	15445
1.874249306299955	1385.3164556962022	15462
1.9047805009429801	1357.9746835443032	15478
1.9353116955860052	1330.6329113924044	15495
1.9760199551100364	1294.1772151898745	15512
2.016728214634071	1257.7215189873414	15528
2.047259409277096	1230.3797468354426	15545
2.087967668801131	1193.9240506329095	15562
2.1184988634441524	1166.5822784810139	15578
2.1490300580871775	1139.2405063291149	15595
2.1795612527302026	1111.8987341772158	15612
2.189738317611212	1102.784810126582	15628
2.2100924473732277	1084.556962025317	15645
2.2202695122542373	1075.443037974683	15662
2.230446577135247	1066.329113924049	15678
2.2508007068972624	1048.101265822784	15695
2.2609777717782684	1038.9873417721533	15712
2.2915089664212935	1011.6455696202542	15728
2.3118630961833126	993.4177215189861	15745
2.3423942908263378	966.0759493670872	15762
2.3627484205883533	947.8481012658224	15778
2.3932796152313784	920.5063291139234	15795
2.413633744993394	902.2784810126584	15812
2.4339878747554096	884.0506329113937	15829
2.444164939636419	874.9367088607595	15845
2.4645190693984347	856.7088607594947	15862
2.4645190693984347	856.7088607594947	15878
2.484873199160454	838.4810126582266	15895
2.484873199160454	838.4810126582266	15912
2.49505026404146	829.3670886075957	15928
2.5052273289224694	820.2531645569617	15945
2.515404393803479	811.1392405063276	15962
2.525581458684485	802.0253164556968	15979
2.5459355884465005	783.7974683544319	15995
2.5459355884465005	783.7974683544319	16012
2.55611265332751	774.6835443037978	16028
2.5662897182085196	765.5696202531639	16046
2.5662897182085196	765.5696202531639	16062
2.5662897182085196	765.5696202531639	16079
2.5662897182085196	765.5696202531639	16096
2.55611265332751	774.6835443037978	16112
2.55611265332751	774.6835443037978	16129
2.55611265332751	774.6835443037978	16146
2.55611265332751	774.6835443037978	16162
2.55611265332751	774.6835443037978	16179
2.55611265332751	774.6835443037978	16196
2.55611265332751	774.6835443037978	16212
2.55611265332751	774.6835443037978	16229
2.5459355884465005	783.7974683544319	16246
2.5459355884465005	783.7974683544319	16262
2.5459355884465005	783.7974683544319	16279
2.5459355884465005	783.7974683544319	16296
2.5459355884465005	783.7974683544319	16312
2.5459355884465005	783.7974683544319	16329
2.5459355884465005	783.7974683544319	16346
2.5459355884465005	783.7974683544319	16362
2.5459355884465005	783.7974683544319	16379
2.5357585235654945	792.9113924050628	16396
2.525581458684485	802.0253164556968	16412
2.525581458684485	802.0253164556968	16429
2.525581458684485	802.0253164556968	16445
2.525581458684485	802.0253164556968	16462
2.515404393803479	811.1392405063276	16479
2.5052273289224694	820.2531645569617	16496
2.5052273289224694	820.2531645569617	16513
2.5052273289224694	820.2531645569617	16529
2.5052273289224694	820.2531645569617	16546
2.5052273289224694	820.2531645569617	16563
2.5052273289224694	820.2531645569617	16579
2.5052273289224694	820.2531645569617	16596
2.5052273289224694	820.2531645569617	16612
2.5052273289224694	820.2531645569617	16629
2.5052273289224694	820.2531645569617	16646
2.49505026404146	829.3670886075957	16663
2.49505026404146	829.3670886075957	16679
2.49505026404146	829.3670886075957	16696
2.484873199160454	838.4810126582266	16713
2.484873199160454	838.4810126582266	16729
2.484873199160454	838.4810126582266	16746
2.484873199160454	838.4810126582266	16763
2.484873199160454	838.4810126582266	16779
2.484873199160454	838.4810126582266	16796
2.484873199160454	838.4810126582266	16813
2.484873199160454	838.4810126582266	16829
2.484873199160454	838.4810126582266	16846
2.484873199160454	838.4810126582266	16863
2.484873199160454	838.4810126582266	16879
2.484873199160454	838.4810126582266	16896
2.484873199160454	838.4810126582266	16913
2.484873199160454	838.4810126582266	16929
2.484873199160454	838.4810126582266	16946
2.484873199160454	838.4810126582266	16963
2.484873199160454	838.4810126582266	16979
2.484873199160454	838.4810126582266	16996
2.484873199160454	838.4810126582266	17013
2.484873199160454	838.4810126582266	17030
2.484873199160454	838.4810126582266	17046
2.484873199160454	838.4810126582266	17063
2.4746961342794442	847.5949367088606	17079
2.4746961342794442	847.5949367088606	17096
2.4645190693984347	856.7088607594947	17113
2.4543420045174287	865.8227848101255	17130
2.4339878747554096	884.0506329113937	17146
2.4238108098744036	893.1645569620244	17163
2.4034566801123844	911.3924050632926	17179
2.372925485469363	938.7341772151883	17196
2.332217225945328	975.1898734177212	17213
2.301686031302303	1002.5316455696202	17229
2.2609777717782684	1038.9873417721533	17246
2.2202695122542373	1075.443037974683	17263
2.189738317611212	1102.784810126582	17279
2.1693841878491966	1121.0126582278467	17297
2.1388529932061715	1148.3544303797457	17313
2.1184988634441524	1166.5822784810139	17330
2.098144733682137	1184.8101265822788	17347
2.0676135390391117	1212.1518987341776	17363
2.0370823443960866	1239.4936708860766	17379
2.0065511497530615	1266.8354430379754	17396
1.986197019991046	1285.0632911392404	17413
1.9658428902290304	1303.2911392405053	17430
1.9454887604670148	1321.5189873417703	17447
1.9149575658239897	1348.860759493669	17464
1.8844263711809646	1376.2025316455681	17480
1.84371811165693	1412.658227848101	17497
1.8233639818949143	1430.886075949366	17513
1.8233639818949143	1430.886075949366	17530
1.8335410467759203	1421.772151898735	17547
1.8233639818949143	1430.886075949366	17563
1.8233639818949143	1430.886075949366	17580
1.8131869170139048	1440.0	17597
1.8131869170139048	1440.0	17613
1.8131869170139048	1440.0	17630
1.8131869170139048	1440.0	17647
1.8131869170139048	1440.0	17663
1.8131869170139048	1440.0	17680
1.8131869170139048	1440.0	17697
1.8131869170139048	1440.0	17713
1.8131869170139048	1440.0	17730
1.8131869170139048	1440.0	17747
1.8131869170139048	1440.0	17764
1.8131869170139048	1440.0	17780
1.8131869170139048	1440.0	17797
1.8131869170139048	1440.0	17813
1.8131869170139048	1440.0	17830
1.8131869170139048	1440.0	17847
1.8131869170139048	1440.0	17864
1.8131869170139048	1440.0	17880
1.8131869170139048	1440.0	17897
1.8131869170139048	1440.0	17914
1.8131869170139048	1440.0	17930
1.8131869170139048	1440.0	17947
1.8131869170139048	1440.0	17964
1.8131869170139048	1440.0	17980
1.8131869170139048	1440.0	17997
1.8131869170139048	1440.0	18014
1.8131869170139048	1440.0	18030
1.8131869170139048	1440.0	18047
1.8131869170139048	1440.0	18064
1.8131869170139048	1440.0	18080
1.8131869170139048	1440.0	18097
1.8131869170139048	1440.0	18114
1.8131869170139048	1440.0	18130
1.8131869170139048	1440.0	18147
1.8131869170139048	1440.0	18164
1.8131869170139048	1440.0	18181
1.8131869170139048	1440.0	18197
1.8131869170139048	1440.0	18214
1.8131869170139048	1440.0	18230
1.8131869170139048	1440.0	18247
1.8131869170139048	1440.0	18264
1.8131869170139048	1440.0	18280
1.8131869170139048	1440.0	18297
1.8131869170139048	1440.0	18314
1.8131869170139048	1440.0	18331
1.8131869170139048	1440.0	18347
1.8131869170139048	1440.0	18364
1.8131869170139048	1440.0	18381
1.8131869170139048	1440.0	18397
1.8131869170139048	1440.0	18414
1.8131869170139048	1440.0	18431
1.8131869170139048	1440.0	18447
1.8131869170139048	1440.0	18464
1.8131869170139048	1440.0	18481
1.8131869170139048	1440.0	18497
1.8131869170139048	1440.0	18514
1.8131869170139048	1440.0	18531
1.8131869170139048	1440.0	18547
1.8131869170139048	1440.0	18564
1.8131869170139048	1440.0	18581
1.8131869170139048	1440.0	18597
1.8335410467759203	1421.772151898735	18614
1.8640722414189455	1394.4303797468363	18631
1.9047805009429801	1357.9746835443032	18647
1.9760199551100364	1294.1772151898745	18664
2.047259409277096	1230.3797468354426	18681
2.1388529932061715	1148.3544303797457	18698
2.2508007068972624	1048.101265822784	18714
2.3525713557073438	956.9620253164563	18731
2.4339878747554096	884.0506329113937	18747
2.515404393803479	811.1392405063276	18764
2.5662897182085196	765.5696202531639	18781
2.5968209128515447	738.2278481012648	18798
2.62735210749457	710.8860759493659	18814
2.657883302137595	683.544303797467	18831
2.6884144967806165	656.2025316455712	18848
2.7392998211856607	610.6329113924043	18864
2.800362210471711	555.9493670886063	18881
2.8614245997577576	501.2658227848116	18897
2.9326640539248174	437.4683544303797	18914
2.9937264432108677	382.78481012658176	18931
3.0446117676159083	337.215189873418	18947
3.085320027139943	300.7594936708849	18965
3.115851221782968	273.4177215189861	18981
3.126028286663974	264.30379746835524	18998
3.1463824164259897	246.0759493670903	19014
3.1565594813069993	236.96202531645622	19031
3.1565594813069993	236.96202531645622	19047
3.1565594813069993	236.96202531645622	19065
3.1565594813069993	236.96202531645622	19081
3.1565594813069993	236.96202531645622	19098
3.1565594813069993	236.96202531645622	19115
3.166736546188009	227.84810126582238	19131
3.176913611069015	218.7341772151915	19147
3.1870906759500244	209.62025316455743	19165
3.197267740831034	200.50632911392336	19181
3.20744480571204	191.39240506329247	19198
3.2176218705930495	182.2784810126584	19215
3.227798935474059	173.16455696202456	19232
3.2176218705930495	182.2784810126584	19248
3.227798935474059	173.16455696202456	19265
3.227798935474059	173.16455696202456	19281
3.237976000355065	164.05063291139368	19297
3.237976000355065	164.05063291139368	19315
3.2481530652360746	154.93670886075938	19332
3.258330130117084	145.82278481012554	19348
3.2786842598790997	127.59493670886059	19365
3.2888613247601057	118.4810126582297	19381
3.2888613247601057	118.4810126582297	19398
3.2990383896411153	109.36708860759563	19415
3.2990383896411153	109.36708860759563	19432
3.2990383896411153	109.36708860759563	19448
3.2990383896411153	109.36708860759563	19465
3.2990383896411153	109.36708860759563	19481
3.309215454522125	100.25316455696156	19498
3.309215454522125	100.25316455696156	19515
3.309215454522125	100.25316455696156	19531
3.319392519403131	91.13924050633068	19548
3.319392519403131	91.13924050633068	19565
3.319392519403131	91.13924050633068	19582
3.3295695842841404	82.02531645569684	19598
3.3295695842841404	82.02531645569684	19615
3.3295695842841404	82.02531645569684	19632
3.3295695842841404	82.02531645569684	19648
3.3295695842841404	82.02531645569684	19665
3.3295695842841404	82.02531645569684	19682
3.3295695842841404	82.02531645569684	19698
3.3295695842841404	82.02531645569684	19715
3.3295695842841404	82.02531645569684	19731
3.3295695842841404	82.02531645569684	19748
3.3295695842841404	82.02531645569684	19765
3.3295695842841404	82.02531645569684	19782
3.3295695842841404	82.02531645569684	19798
3.3295695842841404	82.02531645569684	19815
3.3295695842841404	82.02531645569684	19832
3.3295695842841404	82.02531645569684	19849
3.319392519403131	91.13924050633068	19865
3.3295695842841404	82.02531645569684	19882
3.319392519403131	91.13924050633068	19898
3.319392519403131	91.13924050633068	19915
3.319392519403131	91.13924050633068	19932
3.319392519403131	91.13924050633068	19949
3.319392519403131	91.13924050633068	19965
3.319392519403131	91.13924050633068	19982
3.319392519403131	91.13924050633068	19998
3.309215454522125	100.25316455696156	20016
3.309215454522125	100.25316455696156	20032
3.309215454522125	100.25316455696156	20049
3.309215454522125	100.25316455696156	20065
3.309215454522125	100.25316455696156	20082
3.309215454522125	100.25316455696156	20098
3.309215454522125	100.25316455696156	20115
3.2990383896411153	109.36708860759563	20132
3.2990383896411153	109.36708860759563	20148
3.2888613247601057	118.4810126582297	20166
3.2786842598790997	127.59493670886059	20182
3.2786842598790997	127.59493670886059	20198
3.26850719499809	136.70886075949466	20215
3.2481530652360746	154.93670886075938	20232
3.227798935474059	173.16455696202456	20248
3.197267740831034	200.50632911392336	20266
3.1565594813069993	236.96202531645622	20282
3.115851221782968	273.4177215189861	20299
3.054788832496918	328.10126582278394	20316
2.983549378329858	391.89873417721606	20332
2.9021328592817923	464.8101265822786	20349
2.810539275352717	546.8354430379754	20366
2.7189456914236416	628.8607594936723	20382
2.6069979777325507	729.1139240506341	20399
2.5052273289224694	820.2531645569617	20416
2.3932796152313784	920.5063291139234	20433
2.3118630961833126	993.4177215189861	20447
2.240623642016253	1057.215189873418	20461
2.1693841878491966	1121.0126582278467	20474
2.1184988634441524	1166.5822784810139	20487
2.0676135390391117	1212.1518987341776	20501
2.0065511497530615	1266.8354430379754	20516
1.9556658253480208	1312.4050632911394	20532
1.8946034360619706	1367.0886075949372	20549
1.8335410467759203	1421.772151898735	20566
1.8335410467759203	1421.772151898735	20583
1.8538951765379394	1403.544303797467	20599
1.8538951765379394	1403.544303797467	20616
1.8538951765379394	1403.544303797467	20633
1.8335410467759203	1421.772151898735	20649
1.8233639818949143	1430.886075949366	20666
1.8233639818949143	1430.886075949366	20682
1.8233639818949143	1430.886075949366	20699
1.8233639818949143	1430.886075949366	20716
1.8131869170139048	1440.0	20733
1.8131869170139048	1440.0	20749
1.8131869170139048	1440.0	20766
1.8131869170139048	1440.0	20783
1.8131869170139048	1440.0	20799
1.8131869170139048	1440.0	20816
1.8131869170139048	1440.0	20833
1.8131869170139048	1440.0	20849
1.8131869170139048	1440.0	20866
1.8131869170139048	1440.0	20883
1.8131869170139048	1440.0	20899
1.8131869170139048	1440.0	20916
1.8131869170139048	1440.0	20933
1.8131869170139048	1440.0	20949
1.8131869170139048	1440.0	20966
1.8131869170139048	1440.0	20983
1.8131869170139048	1440.0	20999
1.8131869170139048	1440.0	21016
1.8131869170139048	1440.0	21033
1.8131869170139048	1440.0	21049
1.8131869170139048	1440.0	21066
1.8131869170139048	1440.0	21083
1.8131869170139048	1440.0	21099
1.8131869170139048	1440.0	21116
1.8131869170139048	1440.0	21133
1.8131869170139048	1440.0	21149
1.8131869170139048	1440.0	21166
1.8131869170139048	1440.0	21183
1.8131869170139048	1440.0	21199
1.8131869170139048	1440.0	21216
1.8131869170139048	1440.0	21233
1.8131869170139048	1440.0	21250
1.8131869170139048	1440.0	21266
1.8131869170139048	1440.0	21283
1.8131869170139048	1440.0	21299
1.8131869170139048	1440.0	21316
1.8131869170139048	1440.0	21333
1.8131869170139048	1440.0	21350
1.8131869170139048	1440.0	21367
1.8131869170139048	1440.0	21383
1.8131869170139048	1440.0	21400
1.8131869170139048	1440.0	21417
1.8131869170139048	1440.0	21434
1.8131869170139048	1440.0	21449
1.8131869170139048	1440.0	21466
1.8131869170139048	1440.0	21483
1.8131869170139048	1440.0	21500
1.8131869170139048	1440.0	21516
1.8131869170139048	1440.0	21533
1.8131869170139048	1440.0	21549
1.8131869170139048	1440.0	21567
1.8131869170139048	1440.0	21583
1.8131869170139048	1440.0	21600
1.8131869170139048	1440.0	21617
1.8131869170139048	1440.0	21634
1.8131869170139048	1440.0	21650
1.8131869170139048	1440.0	21667
1.8131869170139048	1440.0	21683
1.8131869170139048	1440.0	21700
1.8131869170139048	1440.0	21717
1.8131869170139048	1440.0	21733
1.8233639818949143	1430.886075949366	21750
1.8233639818949143	1430.886075949366	21767
1.8335410467759203	1421.772151898735	21783
1.8538951765379394	1403.544303797467	21800
1.8844263711809646	1376.2025316455681	21817
1.9251346307049957	1339.7468354430382	21833
1.9658428902290304	1303.2911392405053	21850
2.0065511497530615	1266.8354430379754	21867
2.0574364741581057	1221.2658227848085	21884
2.1184988634441524	1166.5822784810139	21900
2.189738317611212	1102.784810126582	21917
2.2609777717782684	1038.9873417721533	21934
2.332217225945328	975.1898734177212	21950
2.3932796152313784	920.5063291139234	21967
2.444164939636419	874.9367088607595	21984
2.484873199160454	838.4810126582266	22000
2.515404393803479	811.1392405063276	22017
2.5357585235654945	792.9113924050628	22034
2.5459355884465005	783.7974683544319	22050
2.55611265332751	774.6835443037978	22067
2.5662897182085196	765.5696202531639	22084
2.586643847970535	747.3417721518989	22100
2.5968209128515447	738.2278481012648	22117
2.62735210749457	710.8860759493659	22134
2.657883302137595	683.544303797467	22150
2.6884144967806165	656.2025316455712	22167
2.7189456914236416	628.8607594936723	22184
2.7494768860666667	601.5189873417734	22200
2.769831015828686	583.2911392405053	22217
2.7901851455907014	565.0632911392403	22234
2.800362210471711	555.9493670886063	22250
2.810539275352717	546.8354430379754	22267
2.810539275352717	546.8354430379754	22284
2.810539275352717	546.8354430379754	22301
2.810539275352717	546.8354430379754	22317
2.810539275352717	546.8354430379754	22334
2.800362210471711	555.9493670886063	22351
2.800362210471711	555.9493670886063	22367
2.800362210471711	555.9493670886063	22384
2.810539275352717	546.8354430379754	22401
2.800362210471711	555.9493670886063	22417
2.800362210471711	555.9493670886063	22434
2.800362210471711	555.9493670886063	22451
2.800362210471711	555.9493670886063	22467
2.800362210471711	555.9493670886063	22484
2.7901851455907014	565.0632911392403	22500
2.7901851455907014	565.0632911392403	22517
2.7901851455907014	565.0632911392403	22534
2.7901851455907014	565.0632911392403	22551
2.7901851455907014	565.0632911392403	22567
2.780008080709692	574.1772151898745	22584
2.780008080709692	574.1772151898745	22601
2.769831015828686	583.2911392405053	22617
2.769831015828686	583.2911392405053	22634
2.769831015828686	583.2911392405053	22651
2.769831015828686	583.2911392405053	22667
2.769831015828686	583.2911392405053	22684
2.769831015828686	583.2911392405053	22701
2.769831015828686	583.2911392405053	22717
2.769831015828686	583.2911392405053	22734
2.769831015828686	583.2911392405053	22751
2.769831015828686	583.2911392405053	22767
2.769831015828686	583.2911392405053	22784
2.769831015828686	583.2911392405053	22801
2.769831015828686	583.2911392405053	22817
2.769831015828686	583.2911392405053	22834
2.769831015828686	583.2911392405053	22851
2.769831015828686	583.2911392405053	22867
2.769831015828686	583.2911392405053	22884
2.769831015828686	583.2911392405053	22901
2.769831015828686	583.2911392405053	22917
2.769831015828686	583.2911392405053	22934
2.769831015828686	583.2911392405053	22951
2.769831015828686	583.2911392405053	22967
2.769831015828686	583.2911392405053	22985
2.769831015828686	583.2911392405053	23001
2.769831015828686	583.2911392405053	23017
2.769831015828686	583.2911392405053	23035
2.769831015828686	583.2911392405053	23051
2.769831015828686	583.2911392405053	23068
2.769831015828686	583.2911392405053	23085
2.769831015828686	583.2911392405053	23101
2.769831015828686	583.2911392405053	23118
2.7596539509476763	592.4050632911392	23135
2.7596539509476763	592.4050632911392	23151
2.7596539509476763	592.4050632911392	23167
2.7494768860666667	601.5189873417734	23185
2.7494768860666667	601.5189873417734	23201
2.7494768860666667	601.5189873417734	23218
2.7494768860666667	601.5189873417734	23235
2.7494768860666667	601.5189873417734	23252
2.7494768860666667	601.5189873417734	23268
2.7494768860666667	601.5189873417734	23285
2.7494768860666667	601.5189873417734	23302
2.7494768860666667	601.5189873417734	23318
2.7494768860666667	601.5189873417734	23335
2.7494768860666667	601.5189873417734	23351
2.7494768860666667	601.5189873417734	23368
2.7494768860666667	601.5189873417734	23385
2.7494768860666667	601.5189873417734	23402
2.7494768860666667	601.5189873417734	23418
2.7494768860666667	601.5189873417734	23435
2.7494768860666667	601.5189873417734	23452
2.7596539509476763	592.4050632911392	23468
2.7596539509476763	592.4050632911392	23485
2.7596539509476763	592.4050632911392	23501
2.7596539509476763	592.4050632911392	23518
2.7596539509476763	592.4050632911392	23535
2.7494768860666667	601.5189873417734	23552
2.7596539509476763	592.4050632911392	23568
2.7596539509476763	592.4050632911392	23585
2.7596539509476763	592.4050632911392	23602
2.7596539509476763	592.4050632911392	23618
2.7596539509476763	592.4050632911392	23635
2.7596539509476763	592.4050632911392	23652
2.7596539509476763	592.4050632911392	23668
2.7596539509476763	592.4050632911392	23685
2.7494768860666667	601.5189873417734	23702
2.7494768860666667	601.5189873417734	23718
2.7494768860666667	601.5189873417734	23735
2.729122756304651	619.7468354430381	23752
2.698591561661626	647.0886075949372	23768
2.668060367018601	674.4303797468361	23785
2.6171750426135603	719.9999999999999	23802
2.55611265332751	774.6835443037978	23819
2.49505026404146	829.3670886075957	23835
2.4238108098744036	893.1645569620244	23852
2.3525713557073438	956.9620253164563	23868
2.271154836659278	1029.873417721519	23885
2.1999153824922217	1093.670886075948	23902
2.128675928325162	1157.4683544303798	23918
2.047259409277096	1230.3797468354426	23935
1.9658428902290304	1303.2911392405053	23952
1.874249306299955	1385.3164556962022	23969
1.8335410467759203	1421.772151898735	23985
1.8538951765379394	1403.544303797467	24002
1.8946034360619706	1367.0886075949372	24019
1.9047805009429801	1357.9746835443032	24035
1.9149575658239897	1348.860759493669	24052
1.9047805009429801	1357.9746835443032	24068
1.8640722414189455	1394.4303797468363	24085
1.84371811165693	1412.658227848101	24102
1.8335410467759203	1421.772151898735	24118
1.84371811165693	1412.658227848101	24136
1.8335410467759203	1421.772151898735	24152
1.8233639818949143	1430.886075949366	24169
1.8131869170139048	1440.0	24185
1.8131869170139048	1440.0	24202
1.8131869170139048	1440.0	24219
1.8131869170139048	1440.0	24236
1.8131869170139048	1440.0	24252
1.8131869170139048	1440.0	24269
1.8131869170139048	1440.0	24285
1.8131869170139048	1440.0	24302
1.8131869170139048	1440.0	24319
1.8131869170139048	1440.0	24336
1.8131869170139048	1440.0	24352
1.8131869170139048	1440.0	24369
1.8131869170139048	1440.0	24386
1.8131869170139048	1440.0	24402
1.8131869170139048	1440.0	24419
1.8131869170139048	1440.0	24436
1.8131869170139048	1440.0	24452
1.8131869170139048	1440.0	24469
1.8131869170139048	1440.0	24486
1.8131869170139048	1440.0	24502
1.8131869170139048	1440.0	24519
1.8131869170139048	1440.0	24536
1.8131869170139048	1440.0	24552
1.8131869170139048	1440.0	24569
1.8131869170139048	1440.0	24586
1.8131869170139048	1440.0	24603
1.8131869170139048	1440.0	24619
1.8233639818949143	1430.886075949366	24636
1.8335410467759203	1421.772151898735	24652
1.8538951765379394	1403.544303797467	24669
1.8844263711809646	1376.2025316455681	24686
1.9251346307049957	1339.7468354430382	24703
1.9556658253480208	1312.4050632911394	24719
1.9963740848720555	1275.9493670886063	24736
2.047259409277096	1230.3797468354426	24753
2.087967668801131	1193.9240506329095	24769
2.1184988634441524	1166.5822784810139	24786
2.159207122968187	1130.1265822784808	24802
2.1795612527302026	1111.8987341772158	24819
2.1999153824922217	1093.670886075948	24836
2.2100924473732277	1084.556962025317	24853
2.2100924473732277	1084.556962025317	24869
2.2100924473732277	1084.556962025317	24886
2.2100924473732277	1084.556962025317	24903
2.2202695122542373	1075.443037974683	24919
2.2202695122542373	1075.443037974683	24936
2.230446577135247	1066.329113924049	24953
2.2508007068972624	1048.101265822784	24969
2.271154836659278	1029.873417721519	24986
2.301686031302303	1002.5316455696202	25003
2.3220401610643187	984.3037974683552	25019
2.3423942908263378	966.0759493670872	25036
2.3525713557073438	956.9620253164563	25053
2.3627484205883533	947.8481012658224	25069
2.3627484205883533	947.8481012658224	25086
2.3627484205883533	947.8481012658224	25103
2.3627484205883533	947.8481012658224	25119
2.3627484205883533	947.8481012658224	25136
2.3525713557073438	956.9620253164563	25153
2.3423942908263378	966.0759493670872	25170
2.332217225945328	975.1898734177212	25186
2.332217225945328	975.1898734177212	25203
2.332217225945328	975.1898734177212	25220
2.332217225945328	975.1898734177212	25236
2.332217225945328	975.1898734177212	25253
2.332217225945328	975.1898734177212	25270
2.332217225945328	975.1898734177212	25286
2.332217225945328	975.1898734177212	25303
2.3220401610643187	984.3037974683552	25320
2.3118630961833126	993.4177215189861	25336
2.3118630961833126	993.4177215189861	25353
2.301686031302303	1002.5316455696202	25370
2.2813319015402875	1020.759493670885	25387
2.271154836659278	1029.873417721519	25403
2.2609777717782684	1038.9873417721533	25419
2.240623642016253	1057.215189873418	25437
2.230446577135247	1066.329113924049	25453
2.230446577135247	1066.329113924049	25470
2.230446577135247	1066.329113924049	25487
2.230446577135247	1066.329113924049	25503
2.2202695122542373	1075.443037974683	25520
2.2202695122542373	1075.443037974683	25537
2.2100924473732277	1084.556962025317	25553
2.1999153824922217	1093.670886075948	25570
2.189738317611212	1102.784810126582	25587
2.1795612527302026	1111.8987341772158	25603
2.1693841878491966	1121.0126582278467	25620
2.159207122968187	1130.1265822784808	25637
2.159207122968187	1130.1265822784808	25653
2.1490300580871775	1139.2405063291149	25670
2.1490300580871775	1139.2405063291149	25687
2.159207122968187	1130.1265822784808	25703
2.159207122968187	1130.1265822784808	25720
2.159207122968187	1130.1265822784808	25737
2.1693841878491966	1121.0126582278467	25754
2.1693841878491966	1121.0126582278467	25770
2.1693841878491966	1121.0126582278467	25787
2.1693841878491966	1121.0126582278467	25804
2.1693841878491966	1121.0126582278467	25820
2.1693841878491966	1121.0126582278467	25837
2.1693841878491966	1121.0126582278467	25853
2.1693841878491966	1121.0126582278467	25870
2.1693841878491966	1121.0126582278467	25887
2.1795612527302026	1111.8987341772158	25903
2.1693841878491966	1121.0126582278467	25920
2.1795612527302026	1111.8987341772158	25937
2.1795612527302026	1111.8987341772158	25953
2.1795612527302026	1111.8987341772158	25970
2.1795612527302026	1111.8987341772158	25987
2.1795612527302026	1111.8987341772158	26004
2.189738317611212	1102.784810126582	26020
2.189738317611212	1102.784810126582	26037
2.1999153824922217	1093.670886075948	26054
2.1999153824922217	1093.670886075948	26070
2.1999153824922217	1093.670886075948	26087
2.1999153824922217	1093.670886075948	26104
2.1999153824922217	1093.670886075948	26120
2.1999153824922217	1093.670886075948	26137
2.1999153824922217	1093.670886075948	26154
2.1999153824922217	1093.670886075948	26170
2.1999153824922217	1093.670886075948	26187
2.189738317611212	1102.784810126582	26204
2.189738317611212	1102.784810126582	26221
2.189738317611212	1102.784810126582	26237
2.1795612527302026	1111.8987341772158	26254
2.1795612527302026	1111.8987341772158	26270
2.1693841878491966	1121.0126582278467	26287
2.1490300580871775	1139.2405063291149	26304
2.1388529932061715	1148.3544303797457	26321
2.1083217985631464	1175.6962025316448	26337
2.087967668801131	1193.9240506329095	26354
2.0574364741581057	1221.2658227848085	26370
2.0269052795150806	1248.6075949367073	26387
1.986197019991046	1285.0632911392404	26404
1.9454887604670148	1321.5189873417703	26421
1.9149575658239897	1348.860759493669	26437
1.874249306299955	1385.3164556962022	26454
1.84371811165693	1412.658227848101	26471
1.8233639818949143	1430.886075949366	26487
1.8233639818949143	1430.886075949366	26504
1.8335410467759203	1421.772151898735	26521
1.8335410467759203	1421.772151898735	26537
1.8335410467759203	1421.772151898735	26554
1.8335410467759203	1421.772151898735	26571
1.8233639818949143	1430.886075949366	26587
1.8233639818949143	1430.886075949366	26604
1.8233639818949143	1430.886075949366	26621
1.8233639818949143	1430.886075949366	26637
1.8233639818949143	1430.886075949366	26654
1.8233639818949143	1430.886075949366	26671
1.8233639818949143	1430.886075949366	26687
1.8233639818949143	1430.886075949366	26704
1.8233639818949143	1430.886075949366	26721
1.8233639818949143	1430.886075949366	26737
1.8233639818949143	1430.886075949366	26754
1.8131869170139048	1440.0	26771
1.8131869170139048	1440.0	26787
1.8233639818949143	1430.886075949366	26804
1.8131869170139048	1440.0	26821
1.8131869170139048	1440.0	26837
1.8131869170139048	1440.0	26854
1.8131869170139048	1440.0	26871
1.8131869170139048	1440.0	26887
1.8131869170139048	1440.0	26904
1.8233639818949143	1430.886075949366	26921
1.8131869170139048	1440.0	26937
1.8233639818949143	1430.886075949366	26954
1.8233639818949143	1430.886075949366	26971
1.8131869170139048	1440.0	26988
1.8233639818949143	1430.886075949366	27004
1.8131869170139048	1440.0	27021
1.8131869170139048	1440.0	27037
1.8131869170139048	1440.0	27055
1.8131869170139048	1440.0	27071
1.8233639818949143	1430.886075949366	27087
1.8131869170139048	1440.0	27105
1.8131869170139048	1440.0	27121
1.8233639818949143	1430.886075949366	27138
1.8233639818949143	1430.886075949366	27155
1.8233639818949143	1430.886075949366	27171
1.8131869170139048	1440.0	27188
1.8131869170139048	1440.0	27204
1.8131869170139048	1440.0	27221
1.8131869170139048	1440.0	27237
1.8233639818949143	1430.886075949366	27255
1.8233639818949143	1430.886075949366	27271
1.8131869170139048	1440.0	27288
1.8233639818949143	1430.886075949366	27304
1.8131869170139048	1440.0	27321
1.8233639818949143	1430.886075949366	27338
1.8131869170139048	1440.0	27355
1.8131869170139048	1440.0	27371
1.8131869170139048	1440.0	27387
1.8233639818949143	1430.886075949366	27405
1.8131869170139048	1440.0	27421
1.8233639818949143	1430.886075949366	27438
1.8131869170139048	1440.0	27455
1.8131869170139048	1440.0	27471
1.8131869170139048	1440.0	27488
1.8233639818949143	1430.886075949366	27505
1.8131869170139048	1440.0	27522
1.8131869170139048	1440.0	27538
1.8131869170139048	1440.0	27555
1.8131869170139048	1440.0	27572
1.8233639818949143	1430.886075949366	27588
1.8131869170139048	1440.0	27605
1.84371811165693	1412.658227848101	27622
1.8844263711809646	1376.2025316455681	27638
1.9353116955860052	1330.6329113924044	27655
1.986197019991046	1285.0632911392404	27672
2.0676135390391117	1212.1518987341776	27688
2.1388529932061715	1148.3544303797457	27705
2.2202695122542373	1075.443037974683	27722
2.2813319015402875	1020.759493670885	27738
2.3423942908263378	966.0759493670872	27755
2.372925485469363	938.7341772151883	27772
2.4034566801123844	911.3924050632926	27788
2.4238108098744036	893.1645569620244	27805
2.4645190693984347	856.7088607594947	27822
2.515404393803479	811.1392405063276	27838
2.5662897182085196	765.5696202531639	27855
2.62735210749457	710.8860759493659	27872
2.6782374318996105	665.3164556962021	27888
2.729122756304651	619.7468354430381	27905
2.7596539509476763	592.4050632911392	27922
2.7901851455907014	565.0632911392403	27938
2.810539275352717	546.8354430379754	27955
2.8308934051147325	528.6075949367105	27972
2.8308934051147325	528.6075949367105	27989
2.841070469995742	519.4936708860765	28005
2.8512475348767516	510.37974683544246	28022
2.8614245997577576	501.2658227848116	28038
2.871601664638767	492.1518987341775	28055
2.8817787295197768	483.03797468354355	28072
2.9021328592817923	464.8101265822786	28089
2.912309924162802	455.69620253164464	28105
2.942841118805827	428.35443037974574	28122
2.953018183686833	419.24050632911485	28139
2.973372313448852	401.0126582278467	28155
2.9937264432108677	382.78481012658176	28172
3.0039035080918737	373.6708860759509	28189
3.0039035080918737	373.6708860759509	28206
3.0039035080918737	373.6708860759509	28222
3.0039035080918737	373.6708860759509	28238
3.0039035080918737	373.6708860759509	28255
3.0039035080918737	373.6708860759509	28272
3.0039035080918737	373.6708860759509	28289
3.0039035080918737	373.6708860759509	28305
3.0039035080918737	373.6708860759509	28322
3.0039035080918737	373.6708860759509	28339
3.0039035080918737	373.6708860759509	28356
3.0039035080918737	373.6708860759509	28372
3.0039035080918737	373.6708860759509	28389
3.0140805729728832	364.5569620253168	28406
3.0140805729728832	364.5569620253168	28422
3.024257637853893	355.44303797468274	28439
3.024257637853893	355.44303797468274	28456
3.034434702734899	346.32911392405185	28472
3.0446117676159083	337.215189873418	28489
3.0446117676159083	337.215189873418	28506
3.054788832496918	328.10126582278394	28522
3.054788832496918	328.10126582278394	28539
3.054788832496918	328.10126582278394	28556
3.054788832496918	328.10126582278394	28572
3.054788832496918	328.10126582278394	28589
3.054788832496918	328.10126582278394	28606
3.054788832496918	328.10126582278394	28622
3.054788832496918	328.10126582278394	28639
3.054788832496918	328.10126582278394	28656
3.054788832496918	328.10126582278394	28673
3.054788832496918	328.10126582278394	28689
3.054788832496918	328.10126582278394	28706
3.054788832496918	328.10126582278394	28723
3.054788832496918	328.10126582278394	28739
3.054788832496918	328.10126582278394	28756
3.054788832496918	328.10126582278394	28773
3.054788832496918	328.10126582278394	28789
3.064965897377924	318.98734177215306	28806
3.054788832496918	328.10126582278394	28823
3.054788832496918	328.10126582278394	28839
3.054788832496918	328.10126582278394	28856
3.064965897377924	318.98734177215306	28873
3.0751429622589335	309.873417721519	28889
3.0751429622589335	309.873417721519	28906
3.0751429622589335	309.873417721519	28923
3.0751429622589335	309.873417721519	28939
3.0751429622589335	309.873417721519	28956
3.0751429622589335	309.873417721519	28973
3.0751429622589335	309.873417721519	28989
3.0751429622589335	309.873417721519	29006
3.0751429622589335	309.873417721519	29023
3.0751429622589335	309.873417721519	29039
3.0751429622589335	309.873417721519	29056
3.0751429622589335	309.873417721519	29073
3.0751429622589335	309.873417721519	29089
3.0751429622589335	309.873417721519	29106
3.0751429622589335	309.873417721519	29123
3.0751429622589335	309.873417721519	29140
3.0751429622589335	309.873417721519	29156
3.064965897377924	318.98734177215306	29173
3.064965897377924	318.98734177215306	29189
3.064965897377924	318.98734177215306	29206
3.064965897377924	318.98734177215306	29223
3.064965897377924	318.98734177215306	29240
3.054788832496918	328.10126582278394	29256
3.054788832496918	328.10126582278394	29273
3.054788832496918	328.10126582278394	29289
3.054788832496918	328.10126582278394	29306
3.054788832496918	328.10126582278394	29323
3.054788832496918	328.10126582278394	29339
3.0446117676159083	337.215189873418	29356
3.0446117676159083	337.215189873418	29373
3.034434702734899	346.32911392405185	29390
3.024257637853893	355.44303797468274	29407
3.0140805729728832	364.5569620253168	29423
2.9937264432108677	382.78481012658176	29440
2.973372313448852	401.0126582278467	29457
2.9326640539248174	437.4683544303797	29473
2.9021328592817923	464.8101265822786	29490
2.8614245997577576	501.2658227848116	29506
2.810539275352717	546.8354430379754	29523
2.7596539509476763	592.4050632911392	29540
2.6884144967806165	656.2025316455712	29556
2.6069979777325507	729.1139240506341	29573
2.5357585235654945	792.9113924050628	29590
2.4645190693984347	856.7088607594947	29607
2.413633744993394	902.2784810126584	29623
2.3525713557073438	956.9620253164563	29640
2.301686031302303	1002.5316455696202	29657
2.2609777717782684	1038.9873417721533	29673
2.2202695122542373	1075.443037974683	29690
2.1795612527302026	1111.8987341772158	29707
2.1490300580871775	1139.2405063291149	29723
2.1184988634441524	1166.5822784810139	29740
2.1184988634441524	1166.5822784810139	29757
2.1083217985631464	1175.6962025316448	29773
2.1083217985631464	1175.6962025316448	29790
2.098144733682137	1184.8101265822788	29807
2.087967668801131	1193.9240506329095	29823
2.0676135390391117	1212.1518987341776	29840
2.047259409277096	1230.3797468354426	29857
2.0269052795150806	1248.6075949367073	29873
2.0065511497530615	1266.8354430379754	29890
1.9760199551100364	1294.1772151898745	29907
1.9556658253480208	1312.4050632911394	29924
1.9353116955860052	1330.6329113924044	29940
1.9149575658239897	1348.860759493669	29957
1.9047805009429801	1357.9746835443032	29974
1.8946034360619706	1367.0886075949372	29990
1.8946034360619706	1367.0886075949372	30007
1.8946034360619706	1367.0886075949372	30024
1.9047805009429801	1357.9746835443032	30040
1.9047805009429801	1357.9746835443032	30057
