Digital_Input	Screen_Position_Y_axis(px)	time(ms)
567	567	8
567	567	16
567	567	24
567	567	33
567	567	42
567	567	51
567	567	60
567	567	69
567	567	77
567	567	85
567	567	95
567	567	104
567	567	112
567	567	120
567	567	129
567	567	138
567	567	147
567	567	156
567	567	164
567	567	172
567	567	181
567	567	190
567	567	198
567	567	206
567	567	215
567	567	223
567	567	231
567	567	239
567	567	248
567	567	257
567	567	265
566	566	274
563	563	283
560	560	292
557	557	300
556	556	309
555	555	317
551	551	325
549	549	333
544	544	342
544	544	351
541	541	360
540	540	369
538	538	377
537	537	386
536	536	395
535	535	404
533	533	413
532	532	422
528	528	431
526	526	439
518	518	448
513	513	457
508	508	465
493	493	473
488	488	482
473	473	491
467	467	499
461	461	508
446	446	516
440	440	524
423	423	532
417	417	541
400	400	550
388	388	558
374	374	568
366	366	577
348	348	585
341	341	594
334	334	603
312	312	611
302	302	620
293	293	628
271	271	636
264	264	645
244	244	654
240	240	662
231	231	671
228	228	680
225	225	688
218	218	697
216	216	705
209	209	713
207	207	721
205	205	730
202	202	738
200	200	747
195	195	755
192	192	763
190	190	772
185	185	780
183	183	789
175	175	798
172	172	806
165	165	815
162	162	824
159	159	832
152	152	841
149	149	849
142	142	857
139	139	866
136	136	874
129	129	882
126	126	891
124	124	900
116	116	909
114	114	918
106	106	926
104	104	935
101	101	944
100	100	953
98	98	961
97	97	969
96	96	978
94	94	987
94	94	995
92	92	1004
92	92	1012
91	91	1020
90	90	1029
88	88	1038
85	85	1046
84	84	1054
81	81	1063
78	78	1072
77	77	1081
71	71	1090
69	69	1099
66	66	1108
64	64	1117
62	62	1126
55	55	1135
54	54	1143
50	50	1151
47	47	1160
43	43	1168
42	42	1176
40	40	1185
38	38	1194
36	36	1202
33	33	1211
33	33	1220
32	32	1229
32	32	1238
30	30	1247
30	30	1255
30	30	1263
29	29	1271
29	29	1280
29	29	1289
29	29	1298
29	29	1307
29	29	1315
29	29	1324
29	29	1333
29	29	1342
29	29	1351
29	29	1360
29	29	1368
29	29	1376
29	29	1384
29	29	1392
29	29	1401
29	29	1410
29	29	1419
29	29	1428
29	29	1436
29	29	1444
29	29	1453
29	29	1462
29	29	1471
29	29	1480
29	29	1489
29	29	1498
29	29	1506
29	29	1514
29	29	1522
29	29	1531
29	29	1540
29	29	1549
29	29	1558
29	29	1568
29	29	1577
29	29	1586
29	29	1595
29	29	1604
29	29	1613
29	29	1622
32	32	1630
33	33	1638
35	35	1646
40	40	1654
41	41	1664
46	46	1673
47	47	1682
49	49	1690
50	50	1699
51	51	1708
52	52	1716
52	52	1724
52	52	1733
52	52	1742
52	52	1751
52	52	1759
52	52	1767
52	52	1775
52	52	1783
52	52	1792
52	52	1801
52	52	1810
52	52	1819
52	52	1828
52	52	1837
52	52	1846
52	52	1854
52	52	1863
52	52	1871
52	52	1879
52	52	1888
52	52	1896
52	52	1904
54	54	1913
55	55	1922
59	59	1931
61	61	1940
64	64	1949
75	75	1957
84	84	1966
92	92	1975
109	109	1984
116	116	1993
137	137	2002
146	146	2010
156	156	2018
186	186	2027
198	198	2036
229	229	2045
250	250	2054
276	276	2064
284	284	2072
292	292	2081
304	304	2089
309	309	2097
315	315	2105
316	316	2114
317	317	2123
317	317	2132
317	317	2141
317	317	2150
317	317	2159
317	317	2168
317	317	2177
317	317	2185
317	317	2194
317	317	2202
314	314	2211
312	312	2219
306	306	2228
303	303	2236
300	300	2245
290	290	2254
280	280	2262
271	271	2270
266	266	2279
251	251	2288
246	246	2297
240	240	2306
230	230	2314
227	227	2323
222	222	2332
214	214	2341
211	211	2350
205	205	2359
201	201	2368
197	197	2377
195	195	2386
192	192	2394
191	191	2402
190	190	2410
187	187	2419
186	186	2428
185	185	2436
184	184	2444
183	183	2452
183	183	2460
183	183	2468
182	182	2476
182	182	2485
181	181	2494
180	180	2502
180	180	2511
180	180	2519
179	179	2528
178	178	2537
176	176	2546
175	175	2554
172	172	2562
171	171	2571
169	169	2580
165	165	2589
164	164	2597
160	160	2606
158	158	2615
155	155	2624
153	153	2633
152	152	2642
148	148	2650
147	147	2659
145	145	2668
142	142	2676
140	140	2685
136	136	2694
134	134	2702
133	133	2710
132	132	2718
131	131	2727
131	131	2736
131	131	2744
131	131	2754
131	131	2762
131	131	2771
131	131	2779
131	131	2788
131	131	2796
131	131	2805
131	131	2814
131	131	2823
131	131	2832
131	131	2841
131	131	2850
131	131	2858
131	131	2867
131	131	2875
131	131	2883
131	131	2891
131	131	2899
131	131	2908
131	131	2917
131	131	2926
131	131	2935
131	131	2944
131	131	2953
132	132	2961
134	134	2970
136	136	2979
139	139	2988
140	140	2996
142	142	3004
144	144	3013
145	145	3022
147	147	3031
147	147	3040
148	148	3048
148	148	3057
148	148	3065
148	148	3073
148	148	3081
148	148	3090
148	148	3098
148	148	3107
148	148	3115
148	148	3124
148	148	3133
148	148	3142
148	148	3151
148	148	3160
148	148	3168
148	148	3177
148	148	3185
148	148	3193
148	148	3202
148	148	3210
148	148	3219
148	148	3228
148	148	3237
148	148	3245
148	148	3254
148	148	3262
148	148	3271
148	148	3280
148	148	3289
148	148	3298
148	148	3307
148	148	3316
148	148	3324
148	148	3333
148	148	3342
148	148	3350
148	148	3359
148	148	3368
148	148	3376
148	148	3385
148	148	3393
148	148	3401
148	148	3410
148	148	3419
148	148	3428
148	148	3436
148	148	3445
148	148	3453
148	148	3461
148	148	3470
148	148	3478
148	148	3487
148	148	3495
148	148	3503
148	148	3512
149	149	3521
154	154	3530
156	156	3538
159	159	3546
164	164	3554
166	166	3562
169	169	3571
175	175	3580
178	178	3589
185	185	3598
190	190	3607
193	193	3615
194	194	3623
195	195	3632
196	196	3640
196	196	3648
197	197	3656
198	198	3665
198	198	3674
198	198	3682
198	198	3691
198	198	3699
198	198	3708
198	198	3717
198	198	3726
198	198	3735
198	198	3743
198	198	3751
198	198	3760
198	198	3769
198	198	3778
198	198	3787
198	198	3796
198	198	3804
198	198	3813
198	198	3821
198	198	3830
198	198	3839
198	198	3848
198	198	3857
198	198	3866
198	198	3874
198	198	3882
198	198	3891
198	198	3900
198	198	3909
198	198	3918
198	198	3926
198	198	3935
198	198	3943
198	198	3951
198	198	3959
198	198	3968
198	198	3976
198	198	3984
198	198	3993
198	198	4002
198	198	4010
198	198	4019
198	198	4028
198	198	4036
198	198	4044
198	198	4052
198	198	4060
198	198	4069
198	198	4078
198	198	4087
198	198	4095
198	198	4104
198	198	4113
198	198	4121
198	198	4129
198	198	4138
198	198	4147
198	198	4155
198	198	4163
198	198	4171
198	198	4180
198	198	4188
198	198	4196
198	198	4205
198	198	4214
198	198	4223
198	198	4232
198	198	4240
198	198	4249
198	198	4258
198	198	4267
198	198	4275
198	198	4284
198	198	4293
198	198	4301
198	198	4310
198	198	4319
198	198	4328
198	198	4336
198	198	4344
198	198	4352
198	198	4360
198	198	4369
198	198	4378
197	197	4386
193	193	4395
190	190	4403
187	187	4412
175	175	4420
170	170	4429
163	163	4438
139	139	4447
121	121	4455
114	114	4464
101	101	4473
95	95	4482
83	83	4490
79	79	4499
76	76	4508
70	70	4516
69	69	4524
67	67	4532
66	66	4540
65	65	4549
65	65	4558
65	65	4566
65	65	4575
65	65	4583
65	65	4592
65	65	4601
65	65	4609
65	65	4617
65	65	4626
65	65	4634
65	65	4642
65	65	4651
64	64	4660
64	64	4668
63	63	4676
63	63	4685
62	62	4693
61	61	4702
60	60	4711
58	58	4720
58	58	4729
57	57	4738
56	56	4746
55	55	4754
55	55	4763
55	55	4772
55	55	4780
55	55	4788
55	55	4796
55	55	4805
55	55	4813
55	55	4821
55	55	4830
54	54	4838
54	54	4846
54	54	4855
52	52	4864
52	52	4874
51	51	4882
49	49	4891
49	49	4900
47	47	4909
46	46	4918
45	45	4926
44	44	4935
43	43	4943
43	43	4952
43	43	4961
43	43	4970
43	43	4979
43	43	4988
43	43	4997
43	43	5006
43	43	5015
43	43	5024
43	43	5033
43	43	5041
43	43	5050
43	43	5059
43	43	5068
43	43	5076
43	43	5084
43	43	5092
43	43	5100
43	43	5108
43	43	5117
43	43	5126
43	43	5135
43	43	5143
43	43	5151
43	43	5159
43	43	5168
43	43	5176
43	43	5184
43	43	5192
43	43	5201
43	43	5210
43	43	5218
43	43	5227
43	43	5235
43	43	5244
43	43	5253
43	43	5262
43	43	5270
43	43	5278
43	43	5286
43	43	5295
43	43	5304
43	43	5313
43	43	5321
43	43	5329
43	43	5338
43	43	5346
43	43	5355
43	43	5363
43	43	5372
43	43	5381
43	43	5390
43	43	5398
43	43	5406
43	43	5415
43	43	5423
43	43	5431
43	43	5440
43	43	5449
43	43	5458
43	43	5467
43	43	5476
43	43	5484
43	43	5492
43	43	5501
43	43	5510
43	43	5518
43	43	5527
43	43	5535
43	43	5544
43	43	5552
43	43	5560
43	43	5568
44	44	5576
45	45	5585
45	45	5593
47	47	5602
47	47	5610
48	48	5618
48	48	5627
49	49	5635
49	49	5643
49	49	5652
49	49	5660
50	50	5669
50	50	5678
50	50	5687
50	50	5696
50	50	5705
50	50	5714
51	51	5722
51	51	5730
51	51	5739
51	51	5748
51	51	5756
51	51	5764
51	51	5774
51	51	5783
51	51	5791
51	51	5800
51	51	5809
51	51	5818
51	51	5826
51	51	5834
51	51	5843
52	52	5852
52	52	5861
53	53	5869
56	56	5877
58	58	5886
62	62	5894
63	63	5902
69	69	5911
71	71	5920
74	74	5929
78	78	5938
80	80	5947
82	82	5955
90	90	5963
92	92	5971
99	99	5980
101	101	5989
105	105	5997
118	118	6005
118	118	6013
132	132	6022
136	136	6030
148	148	6038
152	152	6046
159	159	6055
174	174	6064
179	179	6074
193	193	6082
197	197	6090
204	204	6098
216	216	6107
220	220	6115
224	224	6124
233	233	6132
236	236	6140
244	244	6149
246	246	6158
251	251	6167
253	253	6176
256	256	6185
257	257	6194
258	258	6202
262	262	6210
264	264	6218
265	265	6226
270	270	6235
271	271	6244
278	278	6253
282	282	6262
289	289	6271
290	290	6279
297	297	6287
300	300	6296
306	306	6305
308	308	6314
310	310	6323
315	315	6332
318	318	6341
323	323	6350
325	325	6359
332	332	6368
334	334	6376
336	336	6385
337	337	6393
339	339	6401
339	339	6410
339	339	6418
340	340	6426
340	340	6434
340	340	6442
340	340	6451
340	340	6460
340	340	6469
340	340	6478
343	343	6486
343	343	6494
344	344	6504
345	345	6513
347	347	6521
348	348	6530
349	349	6538
351	351	6547
353	353	6555
354	354	6563
356	356	6572
358	358	6580
358	358	6588
359	359	6596
360	360	6605
360	360	6614
360	360	6622
360	360	6631
360	360	6640
360	360	6648
360	360	6656
360	360	6664
360	360	6672
360	360	6681
360	360	6689
360	360	6698
360	360	6707
360	360	6715
360	360	6724
360	360	6732
360	360	6740
360	360	6749
360	360	6757
360	360	6766
360	360	6775
360	360	6784
360	360	6793
360	360	6801
360	360	6809
360	360	6818
360	360	6826
360	360	6834
360	360	6842
360	360	6851
360	360	6859
360	360	6867
360	360	6876
360	360	6885
360	360	6893
360	360	6901
360	360	6909
360	360	6918
360	360	6927
360	360	6936
360	360	6944
360	360	6953
360	360	6962
360	360	6971
360	360	6980
360	360	6988
360	360	6996
360	360	7005
360	360	7013
360	360	7022
360	360	7030
360	360	7039
360	360	7048
360	360	7057
360	360	7066
360	360	7074
360	360	7083
360	360	7092
360	360	7101
360	360	7110
360	360	7119
360	360	7128
360	360	7136
360	360	7145
360	360	7154
360	360	7163
360	360	7172
360	360	7182
360	360	7191
360	360	7199
360	360	7208
360	360	7217
360	360	7226
360	360	7235
360	360	7244
360	360	7252
360	360	7260
360	360	7269
360	360	7278
360	360	7287
360	360	7296
360	360	7305
360	360	7313
360	360	7321
360	360	7330
360	360	7339
360	360	7348
360	360	7357
360	360	7366
360	360	7374
360	360	7383
360	360	7392
360	360	7401
360	360	7410
360	360	7419
360	360	7427
360	360	7435
360	360	7444
360	360	7452
360	360	7461
360	360	7470
359	359	7479
355	355	7488
352	352	7496
344	344	7504
340	340	7513
334	334	7521
319	319	7529
311	311	7537
303	303	7546
281	281	7555
271	271	7563
241	241	7572
230	230	7580
219	219	7589
191	191	7597
180	180	7606
140	140	7615
131	131	7623
108	108	7632
100	100	7641
93	93	7649
80	80	7657
76	76	7666
68	68	7674
66	66	7682
65	65	7690
65	65	7698
65	65	7706
65	65	7715
65	65	7723
65	65	7732
65	65	7740
65	65	7749
65	65	7758
65	65	7767
65	65	7775
65	65	7784
65	65	7793
65	65	7801
65	65	7810
65	65	7819
65	65	7827
65	65	7836
65	65	7845
65	65	7853
64	64	7861
64	64	7870
64	64	7879
64	64	7888
64	64	7896
64	64	7904
64	64	7913
63	63	7922
59	59	7931
58	58	7939
54	54	7947
52	52	7955
46	46	7964
44	44	7973
41	41	7982
32	32	7991
30	30	7999
26	26	8008
24	24	8016
21	21	8024
21	21	8032
20	20	8041
20	20	8049
20	20	8058
20	20	8067
20	20	8075
20	20	8084
20	20	8093
20	20	8101
20	20	8110
20	20	8118
20	20	8127
20	20	8135
20	20	8143
20	20	8151
20	20	8159
20	20	8168
20	20	8177
20	20	8186
20	20	8194
20	20	8202
20	20	8211
20	20	8220
20	20	8229
20	20	8238
20	20	8246
20	20	8254
20	20	8262
20	20	8271
20	20	8280
20	20	8289
20	20	8298
21	21	8307
22	22	8315
24	24	8323
29	29	8331
31	31	8339
39	39	8348
43	43	8356
49	49	8365
61	61	8374
78	78	8383
97	97	8391
117	117	8400
124	124	8409
133	133	8418
156	156	8426
165	165	8435
192	192	8443
202	202	8452
211	211	8460
240	240	8468
251	251	8476
284	284	8485
296	296	8494
341	341	8502
352	352	8510
363	363	8518
388	388	8527
399	399	8535
409	409	8543
429	429	8552
437	437	8560
456	456	8569
463	463	8578
470	470	8586
483	483	8594
488	488	8603
500	500	8613
506	506	8622
522	522	8630
526	526	8639
530	530	8647
539	539	8656
544	544	8664
552	552	8673
555	555	8682
558	558	8691
564	564	8700
566	566	8708
568	568	8717
573	573	8726
578	578	8734
579	579	8742
582	582	8750
584	584	8758
586	586	8766
589	589	8775
590	590	8784
593	593	8793
594	594	8801
595	595	8809
598	598	8817
599	599	8826
602	602	8835
604	604	8844
606	606	8852
610	610	8860
611	611	8868
613	613	8877
616	616	8886
618	618	8895
618	618	8904
618	618	8913
619	619	8922
619	619	8931
619	619	8939
619	619	8947
619	619	8956
619	619	8965
619	619	8973
619	619	8982
619	619	8991
619	619	9000
619	619	9009
619	619	9018
619	619	9026
620	620	9034
620	620	9042
620	620	9050
620	620	9058
620	620	9067
620	620	9076
620	620	9084
620	620	9092
620	620	9101
620	620	9109
620	620	9117
620	620	9125
620	620	9134
620	620	9143
620	620	9151
620	620	9160
620	620	9168
620	620	9176
619	619	9184
614	614	9193
605	605	9202
600	600	9211
594	594	9220
575	575	9228
567	567	9236
558	558	9245
518	518	9253
518	518	9261
482	482	9269
470	470	9277
418	418	9285
418	418	9293
385	385	9302
333	333	9311
320	320	9320
284	284	9328
272	272	9337
260	260	9346
228	228	9355
217	217	9364
193	193	9373
183	183	9381
175	175	9389
153	153	9398
138	138	9407
122	122	9415
117	117	9423
107	107	9432
103	103	9441
101	101	9450
96	96	9459
94	94	9468
92	92	9477
90	90	9485
84	84	9493
84	84	9501
84	84	9510
81	81	9518
81	81	9526
79	79	9534
79	79	9542
78	78	9551
76	76	9559
75	75	9567
72	72	9576
70	70	9585
69	69	9594
66	66	9603
65	65	9611
61	61	9619
59	59	9627
58	58	9635
54	54	9643
53	53	9652
52	52	9661
48	48	9670
43	43	9678
42	42	9687
41	41	9696
38	38	9704
37	37	9712
36	36	9720
35	35	9728
35	35	9736
34	34	9744
34	34	9752
34	34	9760
33	33	9768
32	32	9776
32	32	9784
32	32	9792
32	32	9801
32	32	9810
32	32	9819
32	32	9827
32	32	9835
32	32	9843
32	32	9852
32	32	9861
32	32	9870
32	32	9879
32	32	9888
32	32	9897
32	32	9906
32	32	9915
32	32	9924
32	32	9933
32	32	9941
32	32	9949
32	32	9958
32	32	9966
32	32	9974
32	32	9983
32	32	9991
32	32	10000
32	32	10009
32	32	10018
32	32	10026
32	32	10034
32	32	10042
32	32	10051
33	33	10060
36	36	10068
39	39	10077
47	47	10085
58	58	10094
71	71	10103
86	86	10112
92	92	10121
99	99	10129
122	122	10138
130	130	10147
156	156	10155
167	167	10164
178	178	10173
224	224	10182
241	241	10190
291	291	10198
308	308	10206
324	324	10215
380	380	10223
402	402	10231
469	469	10240
489	489	10249
505	505	10258
556	556	10267
568	568	10275
605	605	10284
619	619	10292
631	631	10300
666	666	10308
678	678	10316
707	707	10324
715	715	10333
723	723	10342
749	749	10351
753	753	10359
766	766	10368
770	770	10376
778	778	10384
781	781	10392
784	784	10401
789	789	10410
791	791	10419
793	793	10428
799	799	10437
801	801	10445
808	808	10453
808	808	10461
815	815	10470
815	815	10478
819	819	10487
824	824	10495
827	827	10503
832	832	10512
833	833	10521
835	835	10530
836	836	10538
836	836	10546
836	836	10554
836	836	10563
836	836	10572
836	836	10580
836	836	10589
836	836	10598
836	836	10607
836	836	10615
836	836	10624
836	836	10633
835	835	10641
834	834	10650
832	832	10658
831	831	10667
830	830	10676
826	826	10684
824	824	10692
820	820	10700
819	819	10709
818	818	10718
811	811	10726
810	810	10734
807	807	10742
807	807	10751
805	805	10760
805	805	10768
804	804	10777
804	804	10785
802	802	10793
801	801	10801
800	800	10809
799	799	10818
790	790	10827
785	785	10836
778	778	10845
751	751	10853
740	740	10861
704	704	10870
680	680	10878
653	653	10887
623	623	10895
611	611	10904
599	599	10912
560	560	10921
547	547	10929
507	507	10937
489	489	10945
472	472	10954
423	423	10963
408	408	10971
395	395	10980
359	359	10988
347	347	10996
318	318	11004
309	309	11012
298	298	11020
278	278	11029
270	270	11037
250	250	11046
234	234	11055
217	217	11064
210	210	11073
202	202	11082
186	186	11091
179	179	11100
174	174	11109
161	161	11118
145	145	11127
142	142	11136
139	139	11145
131	131	11154
128	128	11163
124	124	11172
124	124	11180
123	123	11189
123	123	11198
123	123	11207
123	123	11216
123	123	11224
126	126	11233
131	131	11242
134	134	11251
146	146	11259
154	154	11268
164	164	11277
208	208	11285
222	222	11294
264	264	11303
281	281	11312
346	346	11321
368	368	11330
391	391	11339
453	453	11348
475	475	11356
532	532	11364
550	550	11372
565	565	11380
608	608	11388
626	626	11397
639	639	11406
688	688	11414
699	699	11422
727	727	11430
736	736	11439
756	756	11448
763	763	11456
767	767	11464
770	770	11473
771	771	11481
771	771	11490
771	771	11499
771	771	11508
771	771	11517
771	771	11526
771	771	11535
771	771	11544
771	771	11552
771	771	11561
771	771	11570
771	771	11579
771	771	11588
771	771	11597
771	771	11606
772	772	11614
773	773	11623
774	774	11632
775	775	11640
776	776	11649
776	776	11658
776	776	11667
776	776	11676
776	776	11685
776	776	11694
776	776	11702
776	776	11711
776	776	11719
776	776	11728
776	776	11736
776	776	11745
776	776	11755
776	776	11764
776	776	11772
776	776	11780
776	776	11788
777	777	11796
779	779	11805
780	780	11813
782	782	11822
785	785	11831
790	790	11839
792	792	11848
792	792	11857
794	794	11866
794	794	11875
795	795	11884
795	795	11893
795	795	11901
795	795	11910
795	795	11919
795	795	11928
795	795	11937
795	795	11946
795	795	11954
795	795	11962
795	795	11971
795	795	11980
795	795	11989
795	795	11998
795	795	12006
795	795	12015
795	795	12023
795	795	12031
795	795	12039
795	795	12048
795	795	12057
795	795	12066
795	795	12074
795	795	12082
795	795	12091
795	795	12100
795	795	12109
795	795	12118
795	795	12126
795	795	12134
795	795	12142
795	795	12151
795	795	12160
795	795	12169
795	795	12178
795	795	12187
795	795	12196
795	795	12205
795	795	12214
790	790	12222
786	786	12231
771	771	12239
763	763	12248
743	743	12257
734	734	12265
726	726	12273
702	702	12281
692	692	12290
666	666	12298
657	657	12306
646	646	12314
618	618	12322
608	608	12331
582	582	12339
571	571	12348
562	562	12357
526	526	12366
517	517	12375
493	493	12384
484	484	12392
475	475	12400
453	453	12409
444	444	12418
424	424	12426
417	417	12434
410	410	12443
393	393	12452
388	388	12461
374	374	12469
370	370	12478
358	358	12487
355	355	12496
352	352	12505
346	346	12514
344	344	12523
339	339	12532
337	337	12541
335	335	12550
330	330	12559
328	328	12567
327	327	12575
325	325	12584
324	324	12593
324	324	12602
324	324	12610
324	324	12619
324	324	12627
324	324	12635
324	324	12644
324	324	12653
324	324	12662
324	324	12670
323	323	12678
323	323	12686
322	322	12694
321	321	12702
320	320	12710
318	318	12718
318	318	12726
313	313	12735
311	311	12744
308	308	12753
301	301	12762
298	298	12771
292	292	12780
291	291	12788
287	287	12797
279	279	12805
275	275	12813
275	275	12822
271	271	12831
267	267	12840
266	266	12849
264	264	12857
260	260	12865
257	257	12873
255	255	12882
251	251	12891
249	249	12900
245	245	12909
242	242	12918
240	240	12926
239	239	12936
236	236	12945
234	234	12954
233	233	12963
230	230	12972
229	229	12981
228	228	12990
228	228	12998
228	228	13006
228	228	13015
228	228	13023
228	228	13032
228	228	13041
227	227	13049
227	227	13058
227	227	13066
226	226	13074
226	226	13082
225	225	13091
225	225	13099
224	224	13108
224	224	13117
223	223	13126
220	220	13135
219	219	13143
218	218	13151
215	215	13160
213	213	13169
211	211	13177
211	211	13186
210	210	13195
210	210	13203
210	210	13212
210	210	13221
210	210	13230
210	210	13239
210	210	13248
210	210	13256
210	210	13265
210	210	13273
210	210	13281
210	210	13290
210	210	13298
209	209	13307
209	209	13315
209	209	13324
209	209	13333
209	209	13341
209	209	13350
209	209	13358
208	208	13366
208	208	13374
208	208	13383
207	207	13393
207	207	13402
206	206	13411
206	206	13420
206	206	13429
206	206	13438
206	206	13447
206	206	13456
206	206	13464
206	206	13473
206	206	13481
206	206	13489
206	206	13498
206	206	13506
206	206	13515
205	205	13524
205	205	13532
205	205	13541
205	205	13550
205	205	13559
205	205	13568
204	204	13576
204	204	13585
204	204	13593
204	204	13601
204	204	13610
204	204	13619
204	204	13628
204	204	13637
204	204	13646
204	204	13654
204	204	13662
204	204	13670
204	204	13679
204	204	13687
204	204	13696
204	204	13704
204	204	13712
204	204	13721
204	204	13730
204	204	13738
204	204	13746
204	204	13754
204	204	13762
203	203	13770
202	202	13779
202	202	13787
199	199	13796
198	198	13804
194	194	13813
192	192	13821
190	190	13830
182	182	13838
175	175	13846
173	173	13854
169	169	13862
159	159	13871
156	156	13880
152	152	13889
139	139	13898
135	135	13907
124	124	13915
120	120	13923
116	116	13932
106	106	13941
100	100	13950
85	85	13959
82	82	13968
71	71	13976
67	67	13985
65	65	13993
58	58	14002
55	55	14011
48	48	14020
47	47	14029
45	45	14038
40	40	14047
38	38	14056
35	35	14065
33	33	14074
32	32	14083
29	29	14092
28	28	14100
24	24	14109
22	22	14118
18	18	14127
17	17	14135
14	14	14144
14	14	14153
13	13	14162
12	12	14171
12	12	14180
12	12	14189
12	12	14198
12	12	14207
12	12	14216
12	12	14225
12	12	14233
12	12	14242
12	12	14251
12	12	14259
12	12	14267
12	12	14275
12	12	14284
12	12	14292
12	12	14300
13	13	14308
13	13	14316
13	13	14325
13	13	14333
14	14	14341
14	14	14349
14	14	14357
14	14	14365
14	14	14374
14	14	14384
15	15	14392
16	16	14400
16	16	14409
17	17	14418
19	19	14427
19	19	14436
20	20	14444
21	21	14453
22	22	14461
24	24	14470
28	28	14479
28	28	14488
29	29	14497
31	31	14506
31	31	14515
32	32	14524
32	32	14532
34	34	14540
34	34	14549
35	35	14558
36	36	14566
37	37	14575
40	40	14584
42	42	14593
44	44	14602
50	50	14610
54	54	14619
58	58	14627
70	70	14636
76	76	14645
90	90	14653
97	97	14662
122	122	14670
130	130	14678
137	137	14688
159	159	14697
167	167	14705
183	183	14714
190	190	14723
206	206	14731
212	212	14740
224	224	14748
228	228	14757
240	240	14765
240	240	14774
244	244	14783
246	246	14792
249	249	14800
249	249	14808
251	251	14816
251	251	14826
251	251	14835
251	251	14843
251	251	14852
251	251	14861
251	251	14869
251	251	14878
251	251	14887
251	251	14895
251	251	14903
250	250	14912
249	249	14920
247	247	14928
245	245	14936
244	244	14944
239	239	14953
236	236	14961
226	226	14970
223	223	14979
220	220	14988
213	213	14997
210	210	15005
202	202	15014
201	201	15022
198	198	15031
197	197	15040
196	196	15048
196	196	15057
195	195	15065
195	195	15073
195	195	15081
195	195	15090
195	195	15099
195	195	15108
195	195	15117
195	195	15126
195	195	15135
195	195	15143
195	195	15151
195	195	15159
195	195	15167
195	195	15176
195	195	15184
195	195	15192
195	195	15201
195	195	15210
195	195	15219
195	195	15228
195	195	15236
195	195	15245
195	195	15254
195	195	15262
195	195	15271
195	195	15279
195	195	15288
195	195	15297
195	195	15306
195	195	15314
195	195	15322
195	195	15331
195	195	15340
195	195	15348
195	195	15357
195	195	15365
195	195	15374
195	195	15383
195	195	15392
195	195	15400
193	193	15408
191	191	15416
188	188	15425
183	183	15434
181	181	15442
178	178	15451
171	171	15460
167	167	15468
156	156	15477
152	152	15486
135	135	15495
131	131	15504
125	125	15512
112	112	15520
107	107	15529
102	102	15538
93	93	15546
88	88	15555
81	81	15564
78	78	15572
76	76	15580
71	71	15589
69	69	15597
65	65	15605
63	63	15614
58	58	15622
57	57	15630
56	56	15638
54	54	15647
54	54	15656
52	52	15664
50	50	15672
50	50	15681
48	48	15690
47	47	15698
46	46	15706
45	45	15715
44	44	15724
43	43	15732
42	42	15741
41	41	15750
40	40	15759
648	648	15768
648	648	15777
648	648	15785
648	648	15793
648	648	15802
648	648	15811
648	648	15820
648	648	15828
648	648	15837
648	648	15845
648	648	15853
648	648	15861
648	648	15869
648	648	15878
648	648	15887
648	648	15896
648	648	15905
648	648	15913
648	648	15922
648	648	15931
648	648	15940
648	648	15949
648	648	15958
648	648	15966
648	648	15975
648	648	15983
648	648	15992
648	648	16000
648	648	16009
648	648	16018
648	648	16027
648	648	16036
648	648	16044
648	648	16053
648	648	16062
648	648	16070
648	648	16078
648	648	16086
648	648	16095
648	648	16103
648	648	16111
648	648	16121
648	648	16129
648	648	16137
648	648	16145
648	648	16153
648	648	16161
648	648	16170
648	648	16179
648	648	16187
648	648	16197
648	648	16205
648	648	16214
648	648	16222
648	648	16230
648	648	16238
648	648	16246
648	648	16254
648	648	16262
648	648	16270
648	648	16278
648	648	16286
648	648	16296
648	648	16305
648	648	16314
644	644	16322
640	640	16331
626	626	16340
616	616	16348
605	605	16356
567	567	16365
547	547	16373
525	525	16381
452	452	16389
427	427	16398
361	361	16407
319	319	16416
255	255	16425
238	238	16434
189	189	16442
175	175	16450
162	162	16459
131	131	16467
121	121	16476
102	102	16485
95	95	16493
90	90	16501
79	79	16510
76	76	16518
73	73	16527
64	64	16536
60	60	16544
60	60	16553
58	58	16562
56	56	16571
56	56	16579
53	53	16588
52	52	16596
49	49	16604
48	48	16612
46	46	16621
42	42	16629
40	40	16637
36	36	16646
25	25	16655
16	16	16664
9	9	16672
0	0	16681
0	0	16690
0	0	16700
0	0	16708
0	0	16716
0	0	16725
0	0	16733
0	0	16742
0	0	16751
0	0	16759
0	0	16768
0	0	16777
0	0	16785
0	0	16794
0	0	16803
0	0	16811
2	2	16819
4	4	16828
4	4	16837
8	8	16845
9	9	16854
11	11	16862
16	16	16870
23	23	16878
23	23	16887
26	26	16896
31	31	16905
33	33	16913
34	34	16921
37	37	16930
38	38	16939
39	39	16948
39	39	16956
39	39	16964
39	39	16973
39	39	16981
39	39	16990
39	39	16999
39	39	17008
39	39	17017
39	39	17026
39	39	17035
39	39	17044
39	39	17052
39	39	17060
39	39	17069
39	39	17078
39	39	17086
39	39	17094
39	39	17103
39	39	17112
39	39	17121
39	39	17130
39	39	17139
39	39	17147
39	39	17156
39	39	17164
39	39	17173
39	39	17181
39	39	17189
39	39	17197
39	39	17205
39	39	17213
39	39	17222
39	39	17231
39	39	17239
39	39	17247
39	39	17256
40	40	17265
41	41	17273
42	42	17282
42	42	17290
43	43	17299
43	43	17307
44	44	17316
47	47	17325
48	48	17333
49	49	17341
57	57	17349
60	60	17358
64	64	17367
79	79	17376
92	92	17385
96	96	17393
100	100	17401
111	111	17409
115	115	17418
118	118	17427
127	127	17436
130	130	17444
139	139	17453
142	142	17462
145	145	17471
154	154	17480
157	157	17489
164	164	17497
167	167	17505
172	172	17514
173	173	17523
174	174	17532
176	176	17541
176	176	17549
176	176	17558
176	176	17567
176	176	17576
176	176	17585
176	176	17594
176	176	17602
176	176	17611
176	176	17619
176	176	17628
176	176	17637
176	176	17645
176	176	17654
176	176	17662
176	176	17671
176	176	17680
176	176	17689
176	176	17698
176	176	17707
176	176	17716
176	176	17725
174	174	17734
173	173	17743
169	169	17751
169	169	17760
166	166	17769
166	166	17778
164	164	17787
164	164	17796
162	162	17804
161	161	17812
160	160	17820
160	160	17829
159	159	17838
159	159	17846
159	159	17854
159	159	17863
159	159	17871
159	159	17879
159	159	17887
159	159	17895
159	159	17904
159	159	17912
159	159	17920
159	159	17928
159	159	17937
159	159	17945
159	159	17953
159	159	17961
159	159	17969
159	159	17977
159	159	17986
159	159	17995
159	159	18004
159	159	18013
159	159	18022
159	159	18030
159	159	18038
159	159	18046
159	159	18055
159	159	18064
159	159	18073
159	159	18081
159	159	18089
159	159	18098
159	159	18106
159	159	18115
159	159	18123
159	159	18132
159	159	18140
159	159	18149
159	159	18158
159	159	18167
159	159	18176
159	159	18185
160	160	18193
160	160	18202
161	161	18211
162	162	18219
163	163	18227
166	166	18235
167	167	18243
173	173	18251
176	176	18260
180	180	18269
190	190	18278
197	197	18287
216	216	18295
227	227	18303
232	232	18311
242	242	18320
245	245	18328
247	247	18337
249	249	18345
251	251	18353
253	253	18361
253	253	18369
253	253	18378
253	253	18386
253	253	18395
253	253	18403
253	253	18411
247	247	18420
232	232	18429
222	222	18438
207	207	18446
180	180	18455
172	172	18463
162	162	18471
136	136	18480
126	126	18488
102	102	18496
93	93	18505
84	84	18514
60	60	18522
51	51	18530
33	33	18539
28	28	18547
24	24	18556
16	16	18565
13	13	18575
12	12	18584
11	11	18593
11	11	18601
11	11	18609
11	11	18618
11	11	18627
11	11	18636
11	11	18645
11	11	18653
11	11	18661
11	11	18669
11	11	18678
11	11	18686
11	11	18695
11	11	18704
11	11	18713
11	11	18722
12	12	18731
13	13	18741
14	14	18750
16	16	18758
21	21	18766
21	21	18775
23	23	18783
25	25	18791
26	26	18799
28	28	18807
28	28	18815
28	28	18823
29	29	18832
29	29	18841
29	29	18850
29	29	18859
29	29	18867
29	29	18875
29	29	18883
29	29	18891
29	29	18899
29	29	18908
29	29	18916
29	29	18925
29	29	18933
29	29	18942
29	29	18950
29	29	18959
29	29	18967
29	29	18975
29	29	18984
29	29	18992
29	29	19001
29	29	19010
29	29	19019
29	29	19028
29	29	19037
29	29	19045
29	29	19054
29	29	19063
29	29	19071
29	29	19080
29	29	19089
29	29	19098
29	29	19107
29	29	19116
29	29	19125
29	29	19134
29	29	19142
29	29	19151
30	30	19159
32	32	19168
35	35	19177
38	38	19186
45	45	19194
49	49	19203
61	61	19211
67	67	19219
84	84	19228
92	92	19236
119	119	19244
129	129	19252
138	138	19260
170	170	19269
182	182	19278
195	195	19287
242	242	19296
277	277	19304
289	289	19312
301	301	19321
330	330	19330
341	341	19338
352	352	19347
377	377	19355
385	385	19364
410	410	19373
419	419	19382
427	427	19391
447	447	19400
459	459	19408
462	462	19416
465	465	19425
472	472	19434
474	474	19442
476	476	19451
479	479	19460
484	484	19469
487	487	19477
490	490	19485
501	501	19493
506	506	19501
510	510	19510
526	526	19518
526	526	19527
541	541	19535
543	543	19543
554	554	19552
558	558	19561
563	563	19569
574	574	19578
577	577	19586
586	586	19594
589	589	19602
592	592	19611
606	606	19619
612	612	19627
617	617	19635
628	628	19644
635	635	19653
651	651	19661
657	657	19670
671	671	19678
679	679	19687
680	680	19695
681	681	19704
681	681	19713
681	681	19722
680	680	19731
677	677	19739
672	672	19748
658	658	19757
651	651	19765
643	643	19774
620	620	19783
600	600	19791
576	576	19799
565	565	19807
556	556	19815
532	532	19823
522	522	19831
498	498	19839
490	490	19848
480	480	19857
460	460	19865
452	452	19874
439	439	19882
435	435	19891
432	432	19899
423	423	19907
420	420	19915
418	418	19923
416	416	19931
415	415	19939
414	414	19948
414	414	19957
414	414	19966
414	414	19974
414	414	19982
414	414	19990
414	414	19999
414	414	20008
414	414	20016
414	414	20025
413	413	20033
413	413	20041
412	412	20049
412	412	20057
411	411	20066
411	411	20074
411	411	20082
411	411	20091
410	410	20099
408	408	20107
402	402	20116
398	398	20125
381	381	20134
377	377	20143
355	355	20152
349	349	20161
337	337	20170
332	332	20179
324	324	20188
323	323	20197
321	321	20206
320	320	20215
320	320	20223
320	320	20232
320	320	20241
320	320	20249
320	320	20258
320	320	20266
320	320	20275
320	320	20284
320	320	20293
320	320	20302
320	320	20311
320	320	20319
320	320	20328
320	320	20336
320	320	20345
320	320	20354
321	321	20363
324	324	20371
326	326	20379
332	332	20388
335	335	20397
337	337	20405
342	342	20414
348	348	20422
348	348	20430
357	357	20439
362	362	20447
364	364	20456
365	365	20465
367	367	20473
368	368	20482
368	368	20491
368	368	20500
368	368	20508
368	368	20516
368	368	20525
368	368	20533
368	368	20541
368	368	20550
368	368	20558
368	368	20566
368	368	20575
368	368	20583
368	368	20591
368	368	20599
368	368	20608
368	368	20616
368	368	20624
368	368	20632
368	368	20641
368	368	20649
368	368	20658
368	368	20667
368	368	20676
368	368	20685
368	368	20694
368	368	20703
368	368	20711
368	368	20719
368	368	20728
368	368	20736
368	368	20745
368	368	20753
368	368	20762
368	368	20771
368	368	20779
368	368	20788
368	368	20797
368	368	20806
368	368	20815
368	368	20824
368	368	20832
368	368	20841
368	368	20849
368	368	20858
368	368	20866
367	367	20875
367	367	20884
366	366	20893
365	365	20901
365	365	20909
365	365	20917
364	364	20925
362	362	20934
359	359	20943
346	346	20952
339	339	20960
333	333	20968
319	319	20977
303	303	20986
296	296	20995
288	288	21004
259	259	21012
248	248	21021
216	216	21029
204	204	21038
192	192	21046
146	146	21054
146	146	21062
134	134	21071
93	93	21079
82	82	21087
58	58	21095
48	48	21103
32	32	21111
27	27	21120
23	23	21129
12	12	21138
10	10	21146
7	7	21155
6	6	21164
3	3	21173
2	2	21181
2	2	21190
1	1	21199
1	1	21208
0	0	21216
0	0	21225
0	0	21234
0	0	21242
0	0	21251
0	0	21259
0	0	21267
0	0	21276
0	0	21285
0	0	21294
0	0	21303
0	0	21312
0	0	21321
1	1	21329
3	3	21337
5	5	21346
5	5	21354
8	8	21362
9	9	21371
11	11	21380
12	12	21389
14	14	21397
17	17	21406
18	18	21414
24	24	21422
24	24	21431
27	27	21439
30	30	21447
30	30	21455
31	31	21463
31	31	21471
31	31	21480
31	31	21489
31	31	21498
31	31	21507
31	31	21517
31	31	21526
31	31	21535
31	31	21543
31	31	21552
31	31	21560
31	31	21568
31	31	21577
31	31	21585
31	31	21593
31	31	21602
31	31	21610
31	31	21619
31	31	21627
31	31	21635
31	31	21644
31	31	21653
31	31	21661
31	31	21669
31	31	21678
31	31	21686
31	31	21695
31	31	21703
31	31	21712
31	31	21721
31	31	21730
31	31	21739
31	31	21747
31	31	21755
31	31	21764
31	31	21772
31	31	21781
32	32	21789
34	34	21798
38	38	21807
43	43	21815
50	50	21823
52	52	21832
58	58	21841
61	61	21850
64	64	21859
71	71	21867
74	74	21875
76	76	21884
85	85	21892
93	93	21901
97	97	21909
108	108	21918
114	114	21927
137	137	21936
145	145	21944
152	152	21952
177	177	21961
186	186	21970
196	196	21978
219	219	21987
230	230	21996
255	255	22005
266	266	22013
277	277	22022
304	304	22031
343	343	22041
354	354	22049
366	366	22057
393	393	22066
404	404	22075
429	429	22084
438	438	22093
447	447	22102
467	467	22111
482	482	22119
497	497	22128
503	503	22137
508	508	22145
520	520	22154
524	524	22162
535	535	22171
537	537	22181
541	541	22190
550	550	22199
559	559	22208
562	562	22217
563	563	22226
567	567	22235
569	569	22244
573	573	22252
574	574	22260
575	575	22268
579	579	22276
581	581	22285
584	584	22294
589	589	22303
595	595	22311
605	605	22319
611	611	22328
623	623	22337
628	628	22345
635	635	22353
652	652	22361
657	657	22369
671	671	22378
675	675	22386
678	678	22394
688	688	22403
691	691	22411
693	693	22420
699	699	22429
701	701	22438
703	703	22447
704	704	22456
704	704	22465
704	704	22473
704	704	22481
704	704	22489
704	704	22497
701	701	22506
700	700	22515
693	693	22523
689	689	22531
682	682	22539
662	662	22547
654	654	22555
639	639	22563
633	633	22571
619	619	22580
615	615	22588
612	612	22597
604	604	22606
599	599	22615
598	598	22624
597	597	22633
597	597	22642
597	597	22651
597	597	22659
597	597	22668
597	597	22677
597	597	22685
597	597	22694
597	597	22703
598	598	22711
599	599	22719
599	599	22728
601	601	22737
603	603	22746
604	604	22755
606	606	22764
609	609	22773
611	611	22782
612	612	22791
614	614	22800
615	615	22809
616	616	22818
617	617	22827
619	619	22835
619	619	22844
619	619	22853
619	619	22862
619	619	22871
619	619	22879
619	619	22888
619	619	22897
619	619	22905
619	619	22914
619	619	22923
619	619	22932
619	619	22940
619	619	22949
619	619	22957
619	619	22966
619	619	22975
619	619	22984
619	619	22993
619	619	23002
619	619	23011
619	619	23019
619	619	23027
619	619	23036
619	619	23045
619	619	23053
619	619	23061
619	619	23069
619	619	23078
619	619	23087
619	619	23095
619	619	23103
619	619	23112
619	619	23120
619	619	23129
619	619	23137
619	619	23146
619	619	23155
619	619	23164
619	619	23172
616	616	23181
613	613	23190
608	608	23199
591	591	23208
583	583	23216
572	572	23224
535	535	23232
519	519	23240
445	445	23248
417	417	23257
386	386	23266
307	307	23275
278	278	23283
253	253	23292
185	185	23301
162	162	23310
91	91	23318
91	91	23327
48	48	23336
38	38	23345
30	30	23354
17	17	23364
14	14	23373
11	11	23381
11	11	23389
11	11	23398
11	11	23406
11	11	23414
11	11	23422
11	11	23430
11	11	23438
11	11	23447
11	11	23455
11	11	23464
11	11	23473
11	11	23481
11	11	23489
11	11	23497
11	11	23505
11	11	23513
11	11	23522
11	11	23531
11	11	23539
11	11	23547
11	11	23556
11	11	23564
12	12	23573
12	12	23581
16	16	23590
17	17	23598
21	21	23606
23	23	23615
26	26	23623
27	27	23632
28	28	23640
29	29	23649
29	29	23658
29	29	23666
29	29	23674
29	29	23683
29	29	23692
29	29	23701
29	29	23710
29	29	23718
29	29	23727
29	29	23735
29	29	23744
29	29	23752
29	29	23761
29	29	23769
29	29	23778
29	29	23787
29	29	23795
29	29	23804
29	29	23813
29	29	23822
29	29	23830
29	29	23839
29	29	23848
29	29	23856
29	29	23865
29	29	23873
29	29	23881
29	29	23889
29	29	23898
32	32	23906
33	33	23915
35	35	23923
43	43	23931
47	47	23940
57	57	23948
62	62	23957
72	72	23966
76	76	23975
89	89	23983
94	94	23991
101	101	24000
103	103	24008
111	111	24017
114	114	24026
118	118	24035
127	127	24044
130	130	24052
134	134	24060
142	142	24068
145	145	24077
153	153	24086
156	156	24095
166	166	24103
168	168	24113
171	171	24122
177	177	24131
179	179	24139
185	185	24148
187	187	24157
190	190	24165
196	196	24174
199	199	24182
202	202	24190
203	203	24199
207	207	24208
208	208	24217
211	211	24225
211	211	24233
212	212	24242
214	214	24250
215	215	24259
219	219	24269
220	220	24277
222	222	24286
227	227	24294
230	230	24303
244	244	24311
251	251	24319
264	264	24327
278	278	24335
286	286	24343
294	294	24351
315	315	24359
325	325	24367
337	337	24376
366	366	24385
377	377	24393
405	405	24402
415	415	24411
425	425	24419
452	452	24427
461	461	24435
471	471	24444
496	496	24452
504	504	24460
527	527	24469
536	536	24478
542	542	24487
563	563	24496
573	573	24505
576	576	24514
578	578	24523
582	582	24532
584	584	24540
585	585	24549
586	586	24557
586	586	24565
587	587	24573
587	587	24581
589	589	24590
590	590	24598
590	590	24606
592	592	24615
596	596	24624
600	600	24632
602	602	24641
607	607	24649
610	610	24658
613	613	24667
620	620	24675
622	622	24683
631	631	24691
634	634	24699
642	642	24707
644	644	24716
651	651	24724
654	654	24734
665	665	24743
668	668	24751
679	679	24759
683	683	24767
688	688	24776
700	700	24785
706	706	24794
712	712	24803
724	724	24811
730	730	24820
737	737	24829
759	759	24837
768	768	24846
796	796	24855
815	815	24864
840	840	24872
849	849	24881
870	870	24890
877	877	24899
882	882	24907
892	892	24916
894	894	24924
895	895	24932
895	895	24940
895	895	24949
895	895	24958
895	895	24967
895	895	24975
892	892	24984
886	886	24992
882	882	25001
877	877	25009
868	868	25018
860	860	25027
856	856	25036
850	850	25045
847	847	25054
845	845	25063
838	838	25071
836	836	25080
832	832	25089
830	830	25098
826	826	25106
824	824	25115
823	823	25124
817	817	25133
816	816	25142
812	812	25150
812	812	25159
811	811	25167
810	810	25176
810	810	25184
810	810	25192
810	810	25200
810	810	25209
810	810	25218
810	810	25227
810	810	25235
810	810	25244
810	810	25253
810	810	25262
810	810	25271
810	810	25280
810	810	25288
810	810	25297
810	810	25306
811	811	25315
811	811	25324
811	811	25332
811	811	25341
811	811	25349
811	811	25357
811	811	25366
811	811	25375
811	811	25384
811	811	25393
811	811	25403
811	811	25411
811	811	25420
811	811	25428
811	811	25437
811	811	25446
811	811	25455
811	811	25464
811	811	25472
811	811	25481
811	811	25489
811	811	25498
811	811	25507
811	811	25515
811	811	25523
811	811	25531
811	811	25541
811	811	25550
811	811	25559
811	811	25567
811	811	25576
811	811	25585
811	811	25594
811	811	25602
811	811	25611
811	811	25620
811	811	25629
811	811	25638
811	811	25646
811	811	25654
811	811	25662
811	811	25671
804	804	25680
795	795	25688
788	788	25696
783	783	25704
765	765	25713
746	746	25722
736	736	25731
726	726	25739
691	691	25747
677	677	25756
630	630	25765
607	607	25774
584	584	25783
504	504	25792
481	481	25801
424	424	25810
405	405	25818
353	353	25826
337	337	25834
323	323	25842
293	293	25850
281	281	25858
272	272	25867
246	246	25876
238	238	25885
217	217	25893
210	210	25901
203	203	25909
190	190	25917
185	185	25925
174	174	25933
170	170	25942
160	160	25951
157	157	25960
154	154	25969
145	145	25978
141	141	25986
131	131	25995
125	125	26004
120	120	26013
106	106	26021
102	102	26030
85	85	26038
81	81	26047
71	71	26056
68	68	26065
65	65	26073
60	60	26082
58	58	26090
56	56	26098
51	51	26107
49	49	26115
46	46	26123
46	46	26132
44	44	26140
43	43	26149
43	43	26158
43	43	26167
43	43	26176
43	43	26185
43	43	26193
43	43	26202
43	43	26210
43	43	26218
43	43	26227
43	43	26236
43	43	26244
43	43	26252
43	43	26261
43	43	26270
43	43	26278
43	43	26287
43	43	26295
43	43	26303
43	43	26311
43	43	26319
43	43	26328
43	43	26337
43	43	26346
43	43	26355
43	43	26364
43	43	26373
43	43	26382
43	43	26390
43	43	26399
43	43	26408
43	43	26416
43	43	26425
43	43	26433
43	43	26442
43	43	26451
43	43	26459
43	43	26468
43	43	26477
43	43	26485
43	43	26494
43	43	26502
43	43	26510
43	43	26519
43	43	26528
43	43	26537
43	43	26546
43	43	26555
43	43	26563
43	43	26572
49	49	26580
52	52	26589
55	55	26597
67	67	26606
72	72	26614
76	76	26623
93	93	26631
104	104	26640
107	107	26648
110	110	26656
118	118	26665
121	121	26674
126	126	26682
128	128	26691
129	129	26700
133	133	26709
134	134	26717
136	136	26725
142	142	26733
145	145	26742
149	149	26751
176	176	26760
179	179	26769
193	193	26778
199	199	26787
207	207	26795
229	229	26803
237	237	26812
247	247	26821
270	270	26830
309	309	26839
321	321	26848
332	332	26856
359	359	26865
368	368	26873
391	391	26881
399	399	26890
409	409	26899
427	427	26908
433	433	26917
437	437	26925
446	446	26934
448	448	26943
448	448	26952
448	448	26960
448	448	26968
448	448	26976
447	447	26984
438	438	26993
430	430	27001
418	418	27010
401	401	27019
393	393	27028
372	372	27037
363	363	27046
355	355	27055
323	323	27063
314	314	27072
291	291	27080
283	283	27088
260	260	27097
251	251	27105
244	244	27113
223	223	27122
218	218	27131
204	204	27140
200	200	27149
197	197	27157
188	188	27165
186	186	27174
184	184	27183
181	181	27191
180	180	27200
180	180	27208
180	180	27216
180	180	27225
180	180	27234
180	180	27242
180	180	27250
180	180	27258
180	180	27266
180	180	27274
180	180	27282
180	180	27290
180	180	27299
180	180	27307
180	180	27315
180	180	27323
180	180	27331
180	180	27339
180	180	27347
180	180	27355
180	180	27363
180	180	27371
180	180	27379
180	180	27388
181	181	27397
182	182	27407
183	183	27415
184	184	27424
184	184	27432
184	184	27441
185	185	27449
185	185	27457
186	186	27466
186	186	27475
186	186	27484
186	186	27492
186	186	27501
186	186	27509
186	186	27517
186	186	27526
186	186	27535
186	186	27544
186	186	27553
186	186	27561
186	186	27569
186	186	27578
186	186	27587
186	186	27596
186	186	27604
186	186	27613
186	186	27621
186	186	27630
176	176	27639
171	171	27648
165	165	27657
153	153	27666
145	145	27675
130	130	27683
122	122	27691
117	117	27700
100	100	27709
80	80	27717
71	71	27725
62	62	27733
38	38	27742
28	28	27751
0	0	27760
0	0	27769
0	0	27777
0	0	27786
0	0	27795
0	0	27803
0	0	27811
0	0	27819
0	0	27828
0	0	27837
0	0	27846
0	0	27855
0	0	27863
0	0	27871
0	0	27880
0	0	27888
0	0	27897
0	0	27905
0	0	27913
0	0	27921
0	0	27930
0	0	27939
0	0	27947
0	0	27955
0	0	27963
0	0	27972
0	0	27981
0	0	27990
0	0	27998
2	2	28007
2	2	28016
4	4	28025
4	4	28034
6	6	28042
7	7	28051
7	7	28060
8	8	28068
10	10	28078
10	10	28087
12	12	28096
14	14	28105
15	15	28113
15	15	28122
16	16	28131
16	16	28140
16	16	28149
17	17	28158
17	17	28166
17	17	28175
17	17	28184
17	17	28193
17	17	28202
17	17	28211
33	33	28220
33	33	28228
33	33	28236
33	33	28245
33	33	28254
33	33	28263
33	33	28272
33	33	28281
33	33	28290
33	33	28298
33	33	28307
33	33	28315
33	33	28323
33	33	28332
33	33	28341
33	33	28349
33	33	28358
33	33	28367
33	33	28375
33	33	28384
33	33	28392
33	33	28401
33	33	28410
33	33	28419
33	33	28428
33	33	28437
33	33	28446
33	33	28454
33	33	28462
33	33	28470
33	33	28479
33	33	28488
33	33	28497
33	33	28506
36	36	28515
38	38	28524
40	40	28533
41	41	28541
45	45	28550
47	47	28558
49	49	28567
55	55	28576
57	57	28584
65	65	28592
66	66	28601
73	73	28610
75	75	28619
78	78	28627
84	84	28636
89	89	28645
97	97	28654
103	103	28663
107	107	28671
119	119	28679
125	125	28687
135	135	28695
141	141	28703
145	145	28711
156	156	28719
157	157	28728
159	159	28736
165	165	28745
167	167	28754
168	168	28762
168	168	28771
169	169	28780
169	169	28789
169	169	28798
169	169	28806
169	169	28815
169	169	28823
169	169	28831
169	169	28840
169	169	28848
169	169	28856
169	169	28865
169	169	28874
169	169	28882
168	168	28891
168	168	28899
167	167	28907
167	167	28915
166	166	28924
165	165	28933
165	165	28941
164	164	28950
163	163	28958
162	162	28967
160	160	28976
160	160	28985
158	158	28993
157	157	29002
157	157	29010
157	157	29018
157	157	29026
156	156	29035
156	156	29044
156	156	29053
156	156	29061
156	156	29069
155	155	29078
155	155	29087
155	155	29097
155	155	29105
155	155	29114
155	155	29123
155	155	29131
155	155	29139
155	155	29147
155	155	29156
155	155	29165
155	155	29173
155	155	29181
155	155	29189
155	155	29197
155	155	29205
155	155	29214
155	155	29222
155	155	29231
155	155	29239
155	155	29248
155	155	29257
155	155	29266
155	155	29275
155	155	29283
155	155	29292
155	155	29301
155	155	29310
155	155	29319
155	155	29328
155	155	29337
151	151	29347
149	149	29355
147	147	29364
139	139	29373
134	134	29381
121	121	29390
115	115	29399
101	101	29407
93	93	29416
70	70	29425
52	52	29433
30	30	29442
22	22	29451
13	13	29460
0	0	29469
0	0	29477
0	0	29486
0	0	29495
0	0	29503
0	0	29511
0	0	29519
0	0	29527
0	0	29535
0	0	29544
0	0	29553
0	0	29561
0	0	29569
0	0	29577
0	0	29585
0	0	29593
1	1	29601
1	1	29610
2	2	29618
3	3	29627
5	5	29636
5	5	29644
8	8	29653
9	9	29661
12	12	29669
13	13	29678
15	15	29686
19	19	29694
20	20	29703
23	23	29711
25	25	29719
26	26	29727
28	28	29735
29	29	29744
29	29	29753
29	29	29762
29	29	29771
29	29	29779
29	29	29787
29	29	29796
29	29	29804
29	29	29812
29	29	29821
29	29	29829
29	29	29837
29	29	29845
29	29	29853
29	29	29862
29	29	29871
29	29	29879
29	29	29887
29	29	29896
29	29	29904
29	29	29912
29	29	29920
29	29	29929
29	29	29938
29	29	29947
29	29	29956
29	29	29965
29	29	29974
29	29	29982
29	29	29991
29	29	29999
30	30	30007
33	33	30016
34	34	30024
38	38	30033
50	50	30041
54	54	30050
59	59	30058
72	72	30066
78	78	30075
85	85	30084
104	104	30093
111	111	30101
127	127	30110
134	134	30119
149	149	30127
154	154	30135
171	171	30143
178	178	30152
185	185	30161
206	206	30169
221	221	30178
228	228	30187
235	235	30195
249	249	30203
255	255	30211
260	260	30220
272	272	30228
276	276	30237
280	280	30245
290	290	30254
294	294	30263
302	302	30272
306	306	30281
310	310	30290
311	311	30298
313	313	30306
314	314	30314
315	315	30323
316	316	30331
317	317	30340
317	317	30350
317	317	30358
318	318	30366
319	319	30375
319	319	30384
320	320	30393
321	321	30401
323	323	30410
324	324	30418
328	328	30427
331	331	30436
333	333	30444
339	339	30453
342	342	30462
351	351	30470
355	355	30478
359	359	30487
366	366	30495
370	370	30504
370	370	30513
373	373	30521
373	373	30530
373	373	30538
373	373	30547
373	373	30556
373	373	30565
373	373	30573
373	373	30581
373	373	30589
373	373	30598
373	373	30606
373	373	30615
373	373	30624
373	373	30633
373	373	30641
373	373	30649
373	373	30658
373	373	30667
373	373	30676
373	373	30685
373	373	30694
373	373	30703
373	373	30712
373	373	30721
373	373	30729
373	373	30737
373	373	30745
373	373	30753
373	373	30762
373	373	30770
373	373	30779
373	373	30788
373	373	30796
373	373	30805
373	373	30814
373	373	30823
373	373	30832
373	373	30841
373	373	30850
373	373	30859
371	371	30868
363	363	30876
359	359	30885
348	348	30893
341	341	30901
327	327	30911
318	318	30919
298	298	30927
289	289	30936
253	253	30944
253	253	30953
220	220	30962
209	209	30971
200	200	30980
176	176	30989
166	166	30997
157	157	31006
133	133	31015
125	125	31024
108	108	31033
100	100	31042
95	95	31051
93	93	31059
91	91	31068
90	90	31077
90	90	31086
90	90	31094
90	90	31102
90	90	31111
90	90	31119
90	90	31127
90	90	31136
90	90	31145
90	90	31153
90	90	31162
90	90	31171
88	88	31179
86	86	31188
82	82	31197
80	80	31205
76	76	31214
73	73	31223
70	70	31231
64	64	31239
62	62	31247
59	59	31255
53	53	31263
51	51	31272
46	46	31281
43	43	31289
40	40	31298
39	39	31307
37	37	31315
37	37	31323
37	37	31331
37	37	31339
37	37	31348
37	37	31357
37	37	31365
37	37	31374
37	37	31383
37	37	31392
37	37	31401
37	37	31409
37	37	31417
37	37	31426
36	36	31434
36	36	31442
36	36	31451
36	36	31460
36	36	31468
36	36	31477
36	36	31485
36	36	31494
36	36	31503
36	36	31512
36	36	31520
36	36	31528
36	36	31537
36	36	31545
36	36	31554
36	36	31563
36	36	31571
36	36	31580
36	36	31589
36	36	31598
36	36	31606
36	36	31614
36	36	31622
36	36	31631
38	38	31639
39	39	31647
43	43	31656
46	46	31665
54	54	31674
65	65	31683
72	72	31692
80	80	31701
105	105	31709
115	115	31717
127	127	31726
166	166	31734
182	182	31742
239	239	31750
262	262	31758
288	288	31766
364	364	31774
392	392	31782
422	422	31790
503	503	31799
533	533	31807
609	609	31816
634	634	31824
656	656	31833
739	739	31842
787	787	31851
799	799	31860
811	811	31869
838	838	31878
846	846	31886
852	852	31894
864	864	31903
867	867	31911
870	870	31919
871	871	31928
871	871	31936
871	871	31944
871	871	31952
871	871	31960
871	871	31968
871	871	31977
871	871	31986
870	870	31995
870	870	32003
869	869	32012
867	867	32020
866	866	32029
861	861	32038
859	859	32047
855	855	32056
840	840	32064
837	837	32073
831	831	32081
828	828	32089
822	822	32098
818	818	32107
817	817	32116
812	812	32124
811	811	32133
809	809	32142
806	806	32151
805	805	32160
805	805	32168
805	805	32177
805	805	32185
805	805	32194
805	805	32202
805	805	32210
805	805	32219
805	805	32227
805	805	32235
805	805	32244
805	805	32253
805	805	32261
806	806	32270
807	807	32279
807	807	32288
808	808	32297
809	809	32306
809	809	32314
809	809	32323
810	810	32331
810	810	32340
810	810	32348
810	810	32356
810	810	32365
810	810	32373
810	810	32381
810	810	32390
810	810	32399
810	810	32407
809	809	32415
804	804	32424
801	801	32432
799	799	32441
789	789	32449
781	781	32457
776	776	32465
768	768	32473
750	750	32482
743	743	32491
721	721	32499
712	712	32508
679	679	32517
666	666	32525
626	626	32533
607	607	32541
590	590	32549
536	536	32558
520	520	32567
473	473	32576
460	460	32584
449	449	32593
420	420	32601
416	416	32609
413	413	32617
413	413	32625
413	413	32634
413	413	32642
413	413	32651
413	413	32659
413	413	32667
419	419	32676
424	424	32684
428	428	32692
437	437	32701
451	451	32709
456	456	32717
463	463	32725
480	480	32733
486	486	32741
500	500	32749
507	507	32757
514	514	32766
534	534	32775
541	541	32784
558	558	32792
565	565	32801
583	583	32809
588	588	32818
597	597	32827
601	601	32835
604	604	32844
611	611	32852
614	614	32861
617	617	32870
622	622	32879
624	624	32888
626	626	32896
627	627	32905
627	627	32913
627	627	32921
627	627	32929
627	627	32937
627	627	32945
627	627	32954
627	627	32962
627	627	32971
627	627	32979
627	627	32987
627	627	32995
627	627	33004
627	627	33012
627	627	33021
627	627	33029
627	627	33037
627	627	33046
627	627	33055
627	627	33064
627	627	33072
627	627	33081
626	626	33089
626	626	33097
626	626	33105
626	626	33113
626	626	33121
626	626	33129
626	626	33138
626	626	33147
626	626	33155
626	626	33163
626	626	33172
626	626	33181
626	626	33190
626	626	33199
626	626	33208
626	626	33216
620	620	33224
620	620	33232
616	616	33241
594	594	33249
585	585	33258
560	560	33267
548	548	33275
527	527	33284
517	517	33292
487	487	33300
474	474	33308
462	462	33317
425	425	33326
411	411	33334
368	368	33342
351	351	33351
331	331	33360
276	276	33368
259	259	33376
196	196	33384
196	196	33392
184	184	33401
143	143	33409
133	133	33418
109	109	33426
100	100	33435
80	80	33444
74	74	33452
67	67	33461
54	54	33469
48	48	33477
45	45	33486
37	37	33495
34	34	33504
25	25	33512
25	25	33521
20	20	33529
18	18	33537
14	14	33545
13	13	33553
12	12	33562
10	10	33570
10	10	33579
10	10	33588
10	10	33596
10	10	33604
10	10	33613
10	10	33622
10	10	33630
10	10	33638
10	10	33647
10	10	33655
11	11	33664
11	11	33672
15	15	33681
20	20	33690
22	22	33698
24	24	33706
30	30	33715
33	33	33724
35	35	33733
40	40	33742
41	41	33751
44	44	33759
46	46	33767
46	46	33777
47	47	33785
47	47	33794
47	47	33802
47	47	33811
47	47	33820
47	47	33828
47	47	33836
47	47	33845
47	47	33854
47	47	33863
47	47	33872
47	47	33881
47	47	33890
47	47	33898
47	47	33906
47	47	33915
47	47	33924
47	47	33933
47	47	33942
48	48	33950
50	50	33958
55	55	33966
58	58	33975
63	63	33983
80	80	33991
89	89	33999
107	107	34008
117	117	34017
162	162	34026
174	174	34034
212	212	34043
227	227	34051
275	275	34059
300	300	34068
325	325	34076
395	395	34085
418	418	34094
443	443	34102
506	506	34111
527	527	34119
579	579	34127
593	593	34135
607	607	34143
639	639	34152
649	649	34160
673	673	34169
687	687	34177
699	699	34186
702	702	34194
704	704	34203
708	708	34212
709	709	34221
712	712	34230
714	714	34239
717	717	34247
717	717	34256
718	718	34265
722	722	34273
722	722	34281
725	725	34289
726	726	34298
730	730	34306
732	732	34315
735	735	34323
740	740	34332
741	741	34341
746	746	34349
747	747	34357
748	748	34367
753	753	34377
757	757	34386
761	761	34395
762	762	34404
767	767	34413
770	770	34421
772	772	34429
776	776	34438
778	778	34447
779	779	34456
782	782	34465
785	785	34474
786	786	34483
787	787	34492
788	788	34501
788	788	34510
790	790	34518
790	790	34527
791	791	34536
791	791	34544
792	792	34553
794	794	34561
795	795	34569
796	796	34577
796	796	34586
797	797	34594
798	798	34602
798	798	34611
798	798	34620
798	798	34629
798	798	34638
798	798	34647
798	798	34655
798	798	34664
798	798	34672
798	798	34680
798	798	34688
798	798	34697
798	798	34706
798	798	34714
798	798	34722
798	798	34731
798	798	34740
798	798	34748
798	798	34756
798	798	34766
798	798	34774
798	798	34782
798	798	34791
798	798	34800
798	798	34808
798	798	34816
798	798	34824
798	798	34832
798	798	34840
796	796	34848
794	794	34857
794	794	34865
793	793	34874
791	791	34883
791	791	34891
789	789	34900
787	787	34909
785	785	34918
779	779	34927
770	770	34937
746	746	34946
735	735	34955
723	723	34964
684	684	34973
666	666	34981
649	649	34990
591	591	34999
572	572	35007
552	552	35016
492	492	35024
470	470	35033
391	391	35042
375	375	35051
323	323	35060
308	308	35069
264	264	35077
251	251	35085
237	237	35094
207	207	35103
196	196	35111
172	172	35119
154	154	35127
154	154	35136
126	126	35145
119	119	35153
105	105	35161
99	99	35169
94	94	35177
83	83	35185
79	79	35193
68	68	35201
64	64	35210
61	61	35218
55	55	35227
52	52	35236
48	48	35244
46	46	35252
44	44	35261
40	40	35270
38	38	35278
37	37	35286
34	34	35295
33	33	35303
31	31	35311
29	29	35320
29	29	35329
29	29	35338
29	29	35347
29	29	35355
29	29	35363
29	29	35372
29	29	35380
29	29	35388
29	29	35397
29	29	35405
29	29	35413
29	29	35421
29	29	35430
29	29	35439
29	29	35448
29	29	35457
29	29	35466
29	29	35475
29	29	35484
29	29	35493
29	29	35501
29	29	35510
29	29	35518
29	29	35527
29	29	35535
29	29	35543
29	29	35551
29	29	35560
29	29	35568
29	29	35576
31	31	35584
32	32	35593
39	39	35602
41	41	35610
49	49	35618
52	52	35626
59	59	35634
62	62	35642
69	69	35651
72	72	35660
74	74	35668
78	78	35677
85	85	35685
89	89	35693
92	92	35702
102	102	35711
105	105	35719
109	109	35728
121	121	35736
141	141	35744
141	141	35753
151	151	35762
160	160	35771
162	162	35780
166	166	35789
167	167	35798
168	168	35806
169	169	35815
170	170	35823
171	171	35832
172	172	35841
173	173	35849
173	173	35858
173	173	35866
173	173	35875
173	173	35884
173	173	35893
173	173	35902
173	173	35910
173	173	35919
173	173	35927
174	174	35936
176	176	35945
177	177	35953
178	178	35962
179	179	35970
180	180	35978
181	181	35986
181	181	35994
182	182	36003
184	184	36011
184	184	36019
186	186	36028
187	187	36037
189	189	36046
190	190	36054
190	190	36063
192	192	36071
193	193	36079
195	195	36087
196	196	36096
197	197	36104
202	202	36113
202	202	36122
205	205	36131
205	205	36140
206	206	36149
207	207	36158
207	207	36166
207	207	36175
207	207	36184
207	207	36193
207	207	36201
207	207	36210
207	207	36218
207	207	36227
207	207	36236
207	207	36245
207	207	36254
207	207	36262
207	207	36271
207	207	36279
207	207	36288
207	207	36297
207	207	36306
207	207	36315
207	207	36323
206	206	36332
205	205	36340
205	205	36348
204	204	36356
202	202	36364
201	201	36372
199	199	36380
197	197	36388
194	194	36396
186	186	36404
180	180	36412
169	169	36420
164	164	36429
158	158	36437
146	146	36445
139	139	36454
132	132	36463
120	120	36472
115	115	36481
101	101	36489
97	97	36498
84	84	36507
78	78	36515
74	74	36524
62	62	36533
58	58	36541
50	50	36550
48	48	36559
45	45	36567
38	38	36576
36	36	36584
32	32	36593
30	30	36602
28	28	36610
27	27	36619
26	26	36628
25	25	36636
25	25	36644
24	24	36653
24	24	36661
24	24	36669
24	24	36677
