Digital_Input	Screen_Position_Y_axis(px)	time(ms)
559	559	9
559	559	17
559	559	26
559	559	35
559	559	43
559	559	51
559	559	60
559	559	69
559	559	78
559	559	87
559	559	96
559	559	105
559	559	113
559	559	121
559	559	129
559	559	137
559	559	146
559	559	155
559	559	164
559	559	173
559	559	182
559	559	191
559	559	200
559	559	209
559	559	217
559	559	225
559	559	234
559	559	243
559	559	251
559	559	260
559	559	269
559	559	278
559	559	287
559	559	297
559	559	306
559	559	315
559	559	324
559	559	333
559	559	341
559	559	349
559	559	358
559	559	367
559	559	376
559	559	384
559	559	392
559	559	400
559	559	409
559	559	418
559	559	427
559	559	436
559	559	445
559	559	453
559	559	462
559	559	470
559	559	478
559	559	486
559	559	495
559	559	503
559	559	511
559	559	519
559	559	528
559	559	536
559	559	545
559	559	554
559	559	563
559	559	572
559	559	581
559	559	589
559	559	598
559	559	607
559	559	615
559	559	623
559	559	631
556	556	640
549	549	648
546	546	657
532	532	666
524	524	675
515	515	684
500	500	693
476	476	702
457	457	710
429	429	719
418	418	727
409	409	736
378	378	745
368	368	753
341	341	761
330	330	769
321	321	777
297	297	786
287	287	795
263	263	804
253	253	812
244	244	821
221	221	829
213	213	838
188	188	847
183	183	856
170	170	865
166	166	873
163	163	882
155	155	891
152	152	900
149	149	910
139	139	918
133	133	927
130	130	936
126	126	944
116	116	952
112	112	961
102	102	970
97	97	978
92	92	986
80	80	994
77	77	1003
73	73	1011
63	63	1019
60	60	1028
53	53	1037
51	51	1045
49	49	1053
46	46	1061
45	45	1070
43	43	1079
42	42	1088
42	42	1096
42	42	1105
42	42	1114
42	42	1122
42	42	1131
42	42	1139
42	42	1148
42	42	1157
42	42	1165
42	42	1174
42	42	1182
43	43	1191
46	46	1199
49	49	1208
55	55	1217
62	62	1226
67	67	1234
72	72	1243
90	90	1251
97	97	1260
107	107	1269
136	136	1277
148	148	1286
194	194	1294
207	207	1303
250	250	1312
268	268	1320
288	288	1328
348	348	1337
370	370	1347
430	430	1355
449	449	1364
462	462	1372
497	497	1380
508	508	1389
537	537	1397
545	545	1405
554	554	1414
581	581	1423
588	588	1432
601	601	1441
606	606	1449
611	611	1458
624	624	1466
628	628	1475
640	640	1484
644	644	1492
648	648	1501
659	659	1510
674	674	1519
677	677	1528
680	680	1537
688	688	1546
691	691	1555
694	694	1563
702	702	1571
704	704	1579
709	709	1588
710	710	1597
713	713	1606
717	717	1614
718	718	1623
719	719	1631
719	719	1639
720	720	1648
720	720	1656
721	721	1665
721	721	1674
721	721	1683
722	722	1691
722	722	1700
722	722	1709
722	722	1718
722	722	1727
722	722	1736
723	723	1745
723	723	1753
723	723	1761
724	724	1769
724	724	1778
724	724	1786
725	725	1795
726	726	1803
726	726	1811
727	727	1819
727	727	1828
727	727	1836
727	727	1845
727	727	1854
727	727	1862
727	727	1870
727	727	1878
727	727	1886
727	727	1895
727	727	1904
727	727	1913
727	727	1921
727	727	1929
727	727	1937
727	727	1945
727	727	1954
722	722	1962
718	718	1970
708	708	1978
700	700	1987
672	672	1996
659	659	2005
620	620	2013
605	605	2022
592	592	2031
539	539	2040
524	524	2048
482	482	2056
468	468	2064
456	456	2073
421	421	2082
411	411	2091
380	380	2100
370	370	2108
359	359	2116
333	333	2124
324	324	2133
299	299	2141
291	291	2149
283	283	2158
260	260	2168
254	254	2177
240	240	2185
236	236	2194
226	226	2203
223	223	2212
218	218	2221
208	208	2230
205	205	2239
191	191	2247
187	187	2255
179	179	2264
176	176	2273
172	172	2282
161	161	2291
157	157	2299
148	148	2307
146	146	2316
143	143	2326
134	134	2335
131	131	2343
126	126	2351
123	123	2359
120	120	2368
114	114	2377
111	111	2385
105	105	2394
102	102	2403
100	100	2412
94	94	2420
92	92	2428
86	86	2437
84	84	2445
81	81	2453
75	75	2462
68	68	2471
67	67	2479
64	64	2487
61	61	2496
60	60	2504
58	58	2513
56	56	2522
55	55	2531
53	53	2539
53	53	2548
52	52	2557
51	51	2566
48	48	2574
47	47	2583
47	47	2592
45	45	2600
44	44	2608
42	42	2616
42	42	2625
41	41	2635
40	40	2644
40	40	2653
40	40	2662
39	39	2671
39	39	2680
38	38	2688
38	38	2697
37	37	2706
37	37	2715
37	37	2723
36	36	2731
35	35	2739
34	34	2747
33	33	2755
33	33	2763
31	31	2772
30	30	2781
28	28	2789
28	28	2798
27	27	2807
27	27	2815
27	27	2824
27	27	2833
27	27	2842
27	27	2851
27	27	2860
27	27	2869
27	27	2877
27	27	2886
29	29	2894
33	33	2902
33	33	2911
47	47	2920
53	53	2928
67	67	2937
83	83	2945
89	89	2954
98	98	2962
118	118	2970
125	125	2980
133	133	2989
154	154	2998
185	185	3007
195	195	3015
204	204	3023
226	226	3032
236	236	3041
260	260	3050
271	271	3059
280	280	3068
302	302	3077
313	313	3085
321	321	3094
348	348	3102
361	361	3111
368	368	3120
373	373	3129
384	384	3138
388	388	3146
392	392	3155
404	404	3163
409	409	3172
423	423	3180
428	428	3189
432	432	3197
444	444	3206
457	457	3214
462	462	3222
465	465	3230
474	474	3238
477	477	3247
480	480	3256
489	489	3264
493	493	3272
501	501	3280
504	504	3289
508	508	3297
516	516	3306
519	519	3315
526	526	3324
528	528	3332
531	531	3340
539	539	3349
543	543	3359
550	550	3368
553	553	3377
558	558	3386
561	561	3395
563	563	3404
569	569	3413
571	571	3421
574	574	3430
581	581	3438
583	583	3446
588	588	3455
591	591	3464
594	594	3472
595	595	3481
599	599	3490
600	600	3499
601	601	3508
602	602	3516
603	603	3524
605	605	3533
606	606	3542
608	608	3551
608	608	3559
609	609	3568
609	609	3577
610	610	3586
611	611	3595
611	611	3604
611	611	3612
612	612	3621
612	612	3629
612	612	3638
612	612	3647
612	612	3656
612	612	3664
612	612	3673
612	612	3682
613	613	3691
614	614	3700
614	614	3709
614	614	3717
617	617	3725
617	617	3734
622	622	3742
625	625	3751
628	628	3760
630	630	3769
632	632	3778
636	636	3787
638	638	3796
639	639	3804
642	642	3813
643	643	3821
644	644	3831
644	644	3839
644	644	3848
644	644	3857
644	644	3867
644	644	3876
644	644	3885
644	644	3893
644	644	3902
644	644	3911
636	636	3920
621	621	3929
618	618	3938
606	606	3947
598	598	3956
573	573	3965
563	563	3974
527	527	3983
517	517	3992
490	490	4000
480	480	4009
469	469	4018
442	442	4027
433	433	4036
422	422	4045
398	398	4054
365	365	4062
357	357	4071
347	347	4080
329	329	4089
321	321	4097
314	314	4106
298	298	4114
292	292	4122
279	279	4131
274	274	4140
268	268	4149
255	255	4157
245	245	4165
245	245	4173
232	232	4181
228	228	4190
213	213	4199
210	210	4208
201	201	4217
198	198	4226
191	191	4234
187	187	4242
185	185	4251
177	177	4259
175	175	4267
172	172	4276
165	165	4285
161	161	4294
148	148	4302
144	144	4310
135	135	4319
132	132	4327
129	129	4335
122	122	4344
119	119	4352
112	112	4360
107	107	4369
103	103	4378
94	94	4387
91	91	4395
84	84	4404
80	80	4413
77	77	4423
66	66	4431
64	64	4440
59	59	4449
57	57	4458
55	55	4467
51	51	4476
50	50	4484
47	47	4492
45	45	4501
43	43	4509
42	42	4518
40	40	4527
39	39	4536
37	37	4545
37	37	4554
36	36	4563
35	35	4572
35	35	4580
34	34	4589
33	33	4597
33	33	4605
31	31	4614
30	30	4622
28	28	4630
28	28	4639
28	28	4648
28	28	4656
28	28	4664
27	27	4672
27	27	4680
27	27	4689
27	27	4698
27	27	4707
27	27	4716
27	27	4725
27	27	4734
27	27	4742
27	27	4750
27	27	4758
30	30	4767
37	37	4776
42	42	4785
46	46	4793
57	57	4801
63	63	4809
67	67	4818
80	80	4827
91	91	4835
97	97	4844
109	109	4852
114	114	4861
121	121	4869
140	140	4878
153	153	4887
174	174	4895
182	182	4903
203	203	4911
211	211	4919
219	219	4928
239	239	4937
246	246	4945
254	254	4954
269	269	4963
274	274	4972
285	285	4980
289	289	4988
293	293	4997
301	301	5006
310	310	5015
313	313	5023
315	315	5031
322	322	5039
325	325	5048
327	327	5056
333	333	5065
335	335	5074
337	337	5083
343	343	5091
345	345	5100
351	351	5109
353	353	5118
355	355	5126
362	362	5134
369	369	5143
372	372	5152
375	375	5161
381	381	5170
384	384	5179
387	387	5187
395	395	5196
398	398	5205
406	406	5214
409	409	5223
419	419	5232
422	422	5240
424	424	5249
431	431	5258
434	434	5267
440	440	5276
443	443	5284
445	445	5292
453	453	5301
456	456	5309
463	463	5317
466	466	5325
469	469	5333
477	477	5341
481	481	5349
484	484	5357
496	496	5365
496	496	5374
506	506	5383
509	509	5391
519	519	5400
522	522	5409
525	525	5417
533	533	5426
535	535	5435
542	542	5444
544	544	5453
546	546	5462
552	552	5471
561	561	5479
563	563	5487
566	566	5495
572	572	5504
574	574	5513
575	575	5522
577	577	5531
578	578	5540
578	578	5549
579	579	5557
579	579	5565
579	579	5574
579	579	5582
579	579	5591
579	579	5599
579	579	5608
579	579	5617
578	578	5626
577	577	5635
577	577	5644
575	575	5653
574	574	5662
574	574	5671
572	572	5679
572	572	5687
571	571	5695
570	570	5703
570	570	5712
569	569	5720
569	569	5728
568	568	5736
568	568	5745
568	568	5754
568	568	5763
568	568	5773
568	568	5782
568	568	5790
568	568	5799
568	568	5808
568	568	5817
568	568	5826
568	568	5834
568	568	5842
567	567	5851
565	565	5860
564	564	5869
563	563	5878
561	561	5887
559	559	5895
558	558	5904
557	557	5912
555	555	5921
555	555	5930
554	554	5939
552	552	5948
552	552	5957
551	551	5966
548	548	5975
546	546	5983
545	545	5991
545	545	6000
543	543	6008
543	543	6017
542	542	6026
542	542	6035
541	541	6044
540	540	6053
539	539	6061
537	537	6069
534	534	6077
533	533	6085
533	533	6093
530	530	6101
529	529	6110
528	528	6118
528	528	6126
525	525	6134
524	524	6142
521	521	6150
519	519	6158
516	516	6166
507	507	6175
504	504	6183
495	495	6191
492	492	6200
488	488	6209
476	476	6218
470	470	6226
466	466	6235
449	449	6244
441	441	6253
433	433	6261
416	416	6269
393	393	6277
385	385	6286
347	347	6294
336	336	6302
336	336	6311
298	298	6319
289	289	6327
264	264	6335
256	256	6344
236	236	6353
228	228	6362
220	220	6371
197	197	6379
189	189	6387
180	180	6396
157	157	6405
149	149	6415
123	123	6424
116	116	6432
101	101	6440
96	96	6449
84	84	6457
78	78	6466
74	74	6474
63	63	6483
60	60	6492
56	56	6501
46	46	6510
43	43	6519
30	30	6527
28	28	6536
23	23	6544
20	20	6552
19	19	6561
16	16	6569
13	13	6577
12	12	6586
10	10	6595
7	7	6604
5	5	6613
5	5	6622
5	5	6630
5	5	6639
5	5	6648
5	5	6657
5	5	6665
5	5	6673
5	5	6681
5	5	6689
5	5	6698
5	5	6706
5	5	6715
5	5	6723
5	5	6731
5	5	6739
5	5	6748
6	6	6757
7	7	6765
10	10	6774
14	14	6782
19	19	6791
20	20	6800
28	28	6808
30	30	6817
33	33	6826
40	40	6835
42	42	6844
45	45	6852
50	50	6860
52	52	6868
53	53	6877
55	55	6885
56	56	6894
56	56	6903
57	57	6911
57	57	6920
57	57	6928
57	57	6936
57	57	6945
57	57	6954
57	57	6963
57	57	6971
57	57	6979
57	57	6987
57	57	6996
57	57	7004
57	57	7012
57	57	7021
57	57	7030
57	57	7038
57	57	7047
57	57	7056
57	57	7065
57	57	7074
57	57	7083
57	57	7092
57	57	7101
57	57	7110
57	57	7118
59	59	7126
64	64	7134
67	67	7142
76	76	7150
81	81	7159
98	98	7168
104	104	7177
112	112	7186
129	129	7195
152	152	7204
162	162	7212
171	171	7221
198	198	7229
209	209	7237
218	218	7246
253	253	7254
280	280	7263
289	289	7272
300	300	7280
326	326	7289
335	335	7298
344	344	7306
367	367	7315
375	375	7323
399	399	7332
407	407	7340
416	416	7348
439	439	7356
448	448	7365
470	470	7374
487	487	7382
510	510	7390
518	518	7398
527	527	7407
548	548	7415
557	557	7424
565	565	7433
588	588	7442
597	597	7450
620	620	7459
629	629	7467
638	638	7475
660	660	7484
668	668	7493
691	691	7502
700	700	7510
726	726	7518
734	734	7526
755	755	7534
765	765	7542
765	765	7550
795	795	7559
805	805	7568
812	812	7576
836	836	7584
844	844	7592
862	862	7601
869	869	7610
876	876	7619
887	887	7628
891	891	7636
896	896	7644
905	905	7652
908	908	7660
914	914	7669
915	915	7678
919	919	7687
923	923	7696
926	926	7704
928	928	7712
932	932	7720
935	935	7729
936	936	7738
942	942	7746
944	944	7754
947	947	7763
956	956	7772
960	960	7780
966	966	7789
978	978	7798
984	984	7806
1000	1000	7815
1003	1003	7824
1010	1010	7832
1013	1013	7841
1017	1017	7850
1019	1019	7858
1020	1020	7866
1021	1021	7875
1022	1022	7883
1022	1022	7892
1022	1022	7901
1022	1022	7909
1022	1022	7917
1022	1022	7925
1022	1022	7933
1022	1022	7941
1022	1022	7949
1022	1022	7957
1022	1022	7965
1022	1022	7973
1022	1022	7981
1022	1022	7989
1022	1022	7997
1022	1022	8005
1022	1022	8013
1022	1022	8021
1022	1022	8030
1017	1017	8038
1015	1015	8046
1013	1013	8055
1007	1007	8064
1005	1005	8073
998	998	8082
995	995	8091
991	991	8099
977	977	8108
971	971	8117
962	962	8126
920	920	8135
911	911	8144
879	879	8153
866	866	8161
851	851	8170
809	809	8178
794	794	8187
780	780	8196
745	745	8205
732	732	8213
699	699	8221
675	675	8230
675	675	8239
626	626	8248
613	613	8256
578	578	8265
566	566	8273
537	537	8282
526	526	8291
515	515	8300
490	490	8309
481	481	8318
448	448	8326
439	439	8335
418	418	8343
410	410	8351
401	401	8359
380	380	8367
374	374	8376
367	367	8384
348	348	8393
339	339	8402
323	323	8410
316	316	8418
308	308	8427
289	289	8436
281	281	8445
260	260	8453
252	252	8461
244	244	8469
223	223	8477
216	216	8485
209	209	8493
187	187	8502
162	162	8510
154	154	8519
145	145	8527
121	121	8536
112	112	8544
104	104	8552
79	79	8560
71	71	8568
53	53	8576
46	46	8585
40	40	8594
28	28	8602
24	24	8610
18	18	8618
6	6	8626
2	2	8634
0	0	8642
0	0	8650
0	0	8658
0	0	8667
0	0	8675
0	0	8683
0	0	8691
0	0	8699
0	0	8708
0	0	8716
0	0	8724
0	0	8732
0	0	8741
0	0	8750
0	0	8759
0	0	8767
0	0	8776
0	0	8785
0	0	8794
0	0	8803
0	0	8812
0	0	8821
0	0	8829
0	0	8838
3	3	8847
5	5	8856
10	10	8865
13	13	8873
16	16	8882
23	23	8891
27	27	8900
29	29	8909
33	33	8918
34	34	8927
39	39	8935
39	39	8943
42	42	8952
43	43	8961
44	44	8970
45	45	8978
46	46	8987
47	47	8995
47	47	9004
48	48	9013
49	49	9022
50	50	9031
50	50	9040
50	50	9048
51	51	9056
51	51	9065
51	51	9073
53	53	9082
54	54	9091
55	55	9099
58	58	9108
60	60	9116
67	67	9125
70	70	9134
84	84	9142
88	88	9150
99	99	9159
103	103	9168
106	106	9177
113	113	9185
116	116	9194
119	119	9202
126	126	9211
129	129	9219
140	140	9228
144	144	9237
149	149	9247
171	171	9256
192	192	9265
197	197	9274
213	213	9283
220	220	9292
225	225	9301
237	237	9310
242	242	9319
258	258	9328
263	263	9337
276	276	9346
281	281	9355
291	291	9364
296	296	9372
300	300	9381
311	311	9390
327	327	9398
332	332	9406
336	336	9415
344	344	9423
347	347	9431
350	350	9439
357	357	9447
359	359	9455
362	362	9463
367	367	9471
370	370	9480
374	374	9489
375	375	9498
377	377	9507
381	381	9515
382	382	9523
384	384	9531
386	386	9540
391	391	9548
392	392	9556
394	394	9564
398	398	9572
400	400	9581
404	404	9589
406	406	9598
413	413	9606
415	415	9615
416	416	9624
422	422	9632
424	424	9640
425	425	9648
429	429	9656
429	429	9664
431	431	9672
433	433	9681
433	433	9690
434	434	9699
434	434	9708
435	435	9717
435	435	9726
435	435	9735
435	435	9743
435	435	9751
435	435	9759
435	435	9767
435	435	9775
435	435	9784
435	435	9792
435	435	9801
435	435	9809
435	435	9818
435	435	9826
435	435	9834
433	433	9843
433	433	9851
432	432	9859
426	426	9868
423	423	9877
420	420	9885
410	410	9894
393	393	9903
388	388	9912
382	382	9921
367	367	9930
360	360	9939
343	343	9948
336	336	9956
332	332	9965
317	317	9974
303	303	9983
286	286	9991
277	277	9999
258	258	10007
251	251	10015
243	243	10023
224	224	10031
214	214	10040
199	199	10048
191	191	10056
184	184	10065
167	167	10073
159	159	10082
150	150	10090
128	128	10098
121	121	10107
114	114	10115
97	97	10124
79	79	10133
72	72	10142
53	53	10150
37	37	10158
24	24	10167
17	17	10176
13	13	10185
1	1	10194
0	0	10202
0	0	10210
0	0	10218
0	0	10227
0	0	10236
0	0	10245
0	0	10254
0	0	10262
0	0	10270
0	0	10279
0	0	10288
0	0	10296
0	0	10305
0	0	10313
0	0	10321
0	0	10329
0	0	10338
0	0	10347
0	0	10355
0	0	10364
0	0	10372
0	0	10380
0	0	10389
0	0	10397
0	0	10406
0	0	10415
0	0	10424
1	1	10432
1	1	10440
2	2	10449
7	7	10458
8	8	10467
10	10	10476
13	13	10485
14	14	10494
17	17	10503
17	17	10512
19	19	10521
19	19	10530
19	19	10538
20	20	10546
20	20	10555
20	20	10563
21	21	10571
21	21	10579
77	77	10587
77	77	10595
77	77	10603
77	77	10612
77	77	10620
77	77	10629
77	77	10638
77	77	10647
77	77	10655
77	77	10663
77	77	10671
77	77	10680
77	77	10689
77	77	10697
77	77	10706
77	77	10715
77	77	10723
77	77	10732
77	77	10741
77	77	10749
77	77	10758
77	77	10766
77	77	10774
77	77	10782
77	77	10791
77	77	10800
77	77	10809
77	77	10818
77	77	10827
77	77	10836
77	77	10845
77	77	10854
77	77	10863
77	77	10872
77	77	10880
77	77	10889
77	77	10897
77	77	10905
76	76	10914
75	75	10922
74	74	10930
72	72	10939
70	70	10947
70	70	10956
68	68	10964
66	66	10973
61	61	10981
59	59	10990
58	58	10998
54	54	11007
53	53	11015
51	51	11024
47	47	11033
42	42	11041
35	35	11049
33	33	11058
25	25	11067
22	22	11076
19	19	11085
13	13	11093
10	10	11101
6	6	11109
4	4	11118
3	3	11127
0	0	11135
0	0	11144
0	0	11152
0	0	11161
0	0	11170
0	0	11178
0	0	11187
0	0	11196
0	0	11205
0	0	11213
0	0	11222
0	0	11231
0	0	11240
0	0	11249
0	0	11258
0	0	11266
0	0	11275
0	0	11284
0	0	11292
0	0	11301
2	2	11310
3	3	11319
5	5	11328
7	7	11338
10	10	11347
11	11	11356
14	14	11364
15	15	11372
17	17	11380
20	20	11388
20	20	11396
23	23	11405
24	24	11413
25	25	11422
26	26	11431
26	26	11440
28	28	11449
29	29	11458
31	31	11467
32	32	11476
33	33	11484
35	35	11492
37	37	11501
38	38	11510
41	41	11519
42	42	11527
46	46	11536
49	49	11545
55	55	11553
58	58	11562
65	65	11571
68	68	11580
75	75	11588
80	80	11596
93	93	11604
100	100	11612
107	107	11620
125	125	11628
133	133	11637
158	158	11646
167	167	11654
177	177	11663
203	203	11672
212	212	11681
246	246	11691
255	255	11699
281	281	11707
292	292	11716
301	301	11725
323	323	11734
331	331	11742
339	339	11750
360	360	11758
368	368	11767
384	384	11776
389	389	11784
396	396	11792
409	409	11800
414	414	11808
420	420	11817
431	431	11826
444	444	11835
448	448	11844
453	453	11853
463	463	11862
468	468	11871
471	471	11879
479	479	11888
482	482	11897
495	495	11905
498	498	11913
509	509	11921
512	512	11930
516	516	11938
524	524	11947
527	527	11955
537	537	11964
540	540	11973
543	543	11982
551	551	11991
554	554	11999
564	564	12007
567	567	12015
571	571	12024
580	580	12033
583	583	12041
596	596	12050
599	599	12060
607	607	12069
612	612	12078
615	615	12087
626	626	12096
630	630	12104
643	643	12112
643	643	12121
659	659	12129
664	664	12137
670	670	12145
685	685	12153
691	691	12161
697	697	12169
710	710	12178
715	715	12187
726	726	12196
730	730	12205
733	733	12213
741	741	12222
744	744	12231
750	750	12240
753	753	12248
755	755	12257
763	763	12266
765	765	12275
768	768	12284
771	771	12293
773	773	12301
773	773	12310
776	776	12319
777	777	12328
777	777	12337
778	778	12345
778	778	12354
778	778	12363
778	778	12372
778	778	12381
778	778	12390
778	778	12398
778	778	12406
778	778	12414
778	778	12423
778	778	12432
778	778	12441
778	778	12450
778	778	12459
775	775	12467
774	774	12476
769	769	12484
767	767	12492
766	766	12501
762	762	12510
760	760	12519
759	759	12527
755	755	12536
754	754	12545
751	751	12553
748	748	12562
747	747	12571
746	746	12580
745	745	12589
744	744	12597
744	744	12606
743	743	12614
742	742	12623
741	741	12632
740	740	12641
740	740	12649
738	738	12658
738	738	12666
738	738	12674
738	738	12682
737	737	12690
737	737	12698
737	737	12706
737	737	12714
737	737	12722
737	737	12730
737	737	12738
737	737	12747
737	737	12756
737	737	12765
737	737	12774
737	737	12782
737	737	12791
737	737	12799
737	737	12808
737	737	12817
737	737	12826
737	737	12835
737	737	12844
736	736	12854
736	736	12862
735	735	12871
735	735	12880
734	734	12888
734	734	12897
734	734	12905
734	734	12913
733	733	12921
732	732	12930
729	729	12939
724	724	12948
722	722	12956
714	714	12964
707	707	12973
681	681	12982
668	668	12990
654	654	12999
612	612	13008
593	593	13016
539	539	13025
522	522	13034
451	451	13043
434	434	13051
415	415	13059
364	364	13068
347	347	13076
331	331	13085
277	277	13094
262	262	13103
225	225	13111
213	213	13119
201	201	13127
174	174	13136
165	165	13145
148	148	13154
135	135	13163
125	125	13171
122	122	13179
117	117	13187
110	110	13196
107	107	13205
101	101	13214
100	100	13223
98	98	13232
94	94	13241
90	90	13250
87	87	13259
87	87	13267
84	84	13275
83	83	13284
82	82	13293
82	82	13302
82	82	13310
82	82	13318
82	82	13326
82	82	13335
82	82	13344
82	82	13353
82	82	13362
82	82	13371
82	82	13380
81	81	13389
78	78	13398
77	77	13406
76	76	13414
71	71	13423
68	68	13432
65	65	13441
55	55	13449
55	55	13458
46	46	13467
44	44	13476
40	40	13485
39	39	13493
35	35	13501
34	34	13510
33	33	13519
32	32	13528
31	31	13537
31	31	13545
31	31	13554
31	31	13562
31	31	13570
31	31	13579
31	31	13588
31	31	13597
31	31	13606
31	31	13615
31	31	13623
31	31	13632
31	31	13641
31	31	13650
31	31	13658
31	31	13667
31	31	13675
31	31	13684
31	31	13692
31	31	13700
31	31	13709
31	31	13717
31	31	13726
31	31	13735
31	31	13743
31	31	13752
31	31	13761
31	31	13770
38	38	13778
40	40	13787
42	42	13796
49	49	13805
52	52	13814
58	58	13823
62	62	13832
65	65	13841
73	73	13850
88	88	13860
92	92	13868
95	95	13876
106	106	13885
110	110	13894
120	120	13903
124	124	13911
127	127	13920
138	138	13929
143	143	13938
159	159	13947
164	164	13956
167	167	13965
176	176	13974
179	179	13983
188	188	13992
191	191	14000
200	200	14008
200	200	14016
209	209	14025
209	209	14033
216	216	14041
226	226	14050
230	230	14059
241	241	14068
245	245	14077
251	251	14086
261	261	14095
266	266	14103
269	269	14111
280	280	14119
284	284	14127
290	290	14136
302	302	14144
307	307	14152
323	323	14161
323	323	14170
337	337	14179
341	341	14187
344	344	14196
352	352	14205
354	354	14213
360	360	14221
363	363	14230
365	365	14239
373	373	14248
375	375	14257
385	385	14266
389	389	14274
398	398	14282
403	403	14290
414	414	14298
419	419	14306
428	428	14314
432	432	14323
444	444	14332
449	449	14341
453	453	14349
462	462	14357
466	466	14367
470	470	14376
484	484	14385
505	505	14394
512	512	14403
520	520	14412
536	536	14421
543	543	14430
550	550	14438
569	569	14447
576	576	14456
593	593	14465
598	598	14474
618	618	14483
624	624	14491
629	629	14499
640	640	14508
643	643	14518
651	651	14526
653	653	14534
657	657	14543
659	659	14552
660	660	14561
661	661	14570
664	664	14579
665	665	14588
665	665	14596
666	666	14605
667	667	14614
667	667	14623
668	668	14632
668	668	14641
668	668	14650
668	668	14659
668	668	14668
668	668	14676
668	668	14684
668	668	14692
668	668	14700
668	668	14708
668	668	14716
668	668	14724
667	667	14732
664	664	14741
661	661	14750
660	660	14759
659	659	14767
655	655	14776
653	653	14784
650	650	14793
646	646	14802
643	643	14811
640	640	14820
639	639	14828
638	638	14836
637	637	14845
637	637	14854
637	637	14864
637	637	14873
637	637	14882
637	637	14890
637	637	14898
637	637	14907
637	637	14915
637	637	14924
637	637	14933
637	637	14941
635	635	14949
634	634	14957
630	630	14965
628	628	14974
624	624	14983
610	610	14992
605	605	15000
589	589	15009
561	561	15017
552	552	15026
519	519	15034
506	506	15042
491	491	15051
449	449	15060
434	434	15068
420	420	15076
379	379	15084
366	366	15092
325	325	15101
310	310	15110
296	296	15119
264	264	15127
252	252	15136
225	225	15144
215	215	15152
190	190	15160
190	190	15168
179	179	15176
179	179	15184
167	167	15193
149	149	15201
144	144	15210
139	139	15218
128	128	15226
122	122	15235
118	118	15244
107	107	15253
104	104	15262
97	97	15271
94	94	15280
91	91	15288
86	86	15296
84	84	15304
79	79	15313
75	75	15322
71	71	15331
70	70	15340
67	67	15349
65	65	15358
62	62	15367
62	62	15376
60	60	15384
59	59	15392
59	59	15401
57	57	15409
56	56	15417
56	56	15426
55	55	15435
54	54	15444
53	53	15453
52	52	15461
51	51	15469
49	49	15478
48	48	15487
47	47	15495
46	46	15503
46	46	15511
45	45	15519
45	45	15528
44	44	15536
43	43	15545
42	42	15554
38	38	15563
37	37	15572
33	33	15581
30	30	15589
28	28	15598
24	24	15606
22	22	15615
18	18	15623
17	17	15632
16	16	15640
14	14	15648
13	13	15656
12	12	15665
12	12	15674
12	12	15684
12	12	15693
12	12	15702
12	12	15710
12	12	15718
12	12	15726
12	12	15735
12	12	15743
14	14	15751
15	15	15759
17	17	15768
27	27	15776
27	27	15785
38	38	15794
40	40	15802
47	47	15811
50	50	15820
58	58	15829
62	62	15837
66	66	15846
80	80	15854
88	88	15862
103	103	15870
111	111	15878
133	133	15886
144	144	15895
153	153	15904
184	184	15912
196	196	15921
240	240	15930
250	250	15939
278	278	15947
289	289	15956
298	298	15965
315	315	15973
319	319	15981
327	327	15990
328	328	15998
330	330	16007
331	331	16016
331	331	16024
332	332	16033
333	333	16042
333	333	16051
334	334	16060
334	334	16069
335	335	16078
335	335	16086
337	337	16095
339	339	16104
342	342	16113
343	343	16122
351	351	16131
355	355	16140
358	358	16148
365	365	16156
368	368	16164
375	375	16173
378	378	16181
382	382	16190
394	394	16199
398	398	16208
409	409	16217
425	425	16225
429	429	16234
435	435	16242
447	447	16251
453	453	16259
464	464	16267
468	468	16275
472	472	16283
482	482	16292
485	485	16301
493	493	16310
495	495	16319
498	498	16328
500	500	16337
507	507	16346
508	508	16354
510	510	16362
513	513	16371
515	515	16380
518	518	16388
520	520	16397
521	521	16405
525	525	16413
528	528	16422
530	530	16431
534	534	16440
535	535	16449
539	539	16458
540	540	16467
541	541	16475
541	541	16483
541	541	16492
542	542	16501
542	542	16510
543	543	16519
543	543	16527
543	543	16536
543	543	16545
544	544	16554
544	544	16563
544	544	16572
544	544	16580
544	544	16588
544	544	16597
544	544	16606
544	544	16615
544	544	16624
544	544	16632
544	544	16640
544	544	16648
544	544	16656
544	544	16664
544	544	16673
544	544	16682
543	543	16690
542	542	16698
540	540	16706
539	539	16714
536	536	16723
534	534	16731
533	533	16739
530	530	16747
529	529	16755
527	527	16763
521	521	16771
519	519	16779
515	515	16787
505	505	16795
500	500	16804
489	489	16813
483	483	16822
479	479	16831
469	469	16840
466	466	16848
456	456	16856
450	450	16865
445	445	16873
421	421	16881
408	408	16889
408	408	16897
384	384	16906
376	376	16914
354	354	16923
344	344	16932
336	336	16941
314	314	16950
305	305	16958
297	297	16966
275	275	16974
265	265	16982
240	240	16990
229	229	16998
220	220	17007
191	191	17015
178	178	17023
166	166	17031
132	132	17039
120	120	17047
87	87	17056
75	75	17065
38	38	17074
29	29	17083
19	19	17091
0	0	17099
0	0	17107
0	0	17116
0	0	17124
0	0	17132
0	0	17140
0	0	17148
0	0	17156
0	0	17165
0	0	17173
0	0	17182
0	0	17191
0	0	17200
0	0	17209
0	0	17218
0	0	17226
0	0	17234
0	0	17242
0	0	17251
0	0	17259
0	0	17267
0	0	17275
0	0	17283
0	0	17292
0	0	17301
0	0	17310
0	0	17319
0	0	17328
0	0	17336
0	0	17344
2	2	17353
4	4	17362
11	11	17370
12	12	17379
16	16	17388
18	18	17396
22	22	17404
24	24	17412
26	26	17420
31	31	17428
33	33	17436
37	37	17445
48	48	17454
52	52	17462
63	63	17470
69	69	17478
72	72	17486
80	80	17494
82	82	17502
86	86	17510
88	88	17518
89	89	17526
92	92	17535
94	94	17544
95	95	17552
99	99	17561
104	104	17569
111	111	17578
114	114	17586
119	119	17595
122	122	17603
125	125	17611
132	132	17620
136	136	17628
148	148	17636
153	153	17644
158	158	17652
173	173	17660
179	179	17668
185	185	17676
206	206	17684
231	231	17693
239	239	17701
249	249	17710
274	274	17719
285	285	17728
312	312	17736
324	324	17745
334	334	17754
374	374	17762
400	400	17770
411	411	17778
420	420	17786
447	447	17794
455	455	17802
463	463	17810
486	486	17819
495	495	17827
503	503	17836
530	530	17844
539	539	17852
562	562	17860
571	571	17868
581	581	17876
604	604	17884
613	613	17893
634	634	17901
642	642	17911
650	650	17920
671	671	17929
678	678	17937
707	707	17945
715	715	17953
738	738	17962
746	746	17970
755	755	17978
776	776	17986
784	784	17994
791	791	18003
809	809	18011
814	814	18020
825	825	18029
828	828	18038
833	833	18047
841	841	18056
843	843	18065
853	853	18073
856	856	18081
863	863	18089
866	866	18097
869	869	18105
875	875	18114
878	878	18122
883	883	18130
886	886	18138
888	888	18146
894	894	18154
897	897	18162
900	900	18170
906	906	18178
909	909	18186
918	918	18194
921	921	18202
924	924	18210
932	932	18218
935	935	18226
944	944	18234
946	946	18243
949	949	18252
955	955	18261
957	957	18270
959	959	18279
963	963	18288
965	965	18296
966	966	18304
967	967	18312
968	968	18321
968	968	18329
970	970	18337
970	970	18345
970	970	18353
971	971	18361
971	971	18369
972	972	18377
972	972	18385
972	972	18394
972	972	18403
972	972	18412
972	972	18420
973	973	18428
973	973	18436
973	973	18445
973	973	18453
973	973	18462
974	974	18470
974	974	18478
974	974	18486
974	974	18495
974	974	18504
974	974	18512
974	974	18521
974	974	18529
974	974	18537
974	974	18546
974	974	18555
974	974	18563
974	974	18571
974	974	18579
973	973	18588
971	971	18597
968	968	18605
951	951	18614
943	943	18622
934	934	18631
912	912	18640
864	864	18648
843	843	18657
816	816	18665
698	698	18674
609	609	18683
573	573	18691
538	538	18700
446	446	18708
413	413	18716
383	383	18725
302	302	18733
275	275	18741
207	207	18749
185	185	18757
162	162	18765
105	105	18774
90	90	18782
76	76	18791
43	43	18800
31	31	18809
0	0	18817
0	0	18826
0	0	18834
0	0	18842
0	0	18850
0	0	18859
0	0	18868
0	0	18876
0	0	18884
0	0	18892
0	0	18900
0	0	18908
0	0	18916
0	0	18924
0	0	18933
0	0	18942
0	0	18951
0	0	18960
0	0	18969
0	0	18977
0	0	18986
0	0	18994
0	0	19002
0	0	19010
0	0	19018
0	0	19026
0	0	19034
0	0	19042
0	0	19050
0	0	19058
0	0	19066
0	0	19075
1	1	19084
2	2	19092
7	7	19101
9	9	19109
11	11	19118
18	18	19126
21	21	19135
24	24	19143
32	32	19152
34	34	19161
37	37	19170
50	50	19178
64	64	19187
70	70	19196
76	76	19205
94	94	19213
113	113	19221
121	121	19229
131	131	19237
160	160	19245
174	174	19254
213	213	19263
231	231	19272
250	250	19281
335	335	19290
358	358	19299
420	420	19307
441	441	19315
499	499	19323
520	520	19331
538	538	19339
595	595	19347
611	611	19355
655	655	19364
668	668	19372
679	679	19380
708	708	19388
717	717	19396
725	725	19404
748	748	19413
756	756	19421
782	782	19430
791	791	19438
801	801	19447
832	832	19455
845	845	19464
859	859	19472
891	891	19480
934	934	19488
934	934	19496
944	944	19505
969	969	19514
972	972	19522
978	978	19531
980	980	19540
981	981	19548
981	981	19556
981	981	19564
981	981	19573
981	981	19582
981	981	19591
981	981	19599
981	981	19607
981	981	19616
981	981	19624
981	981	19633
981	981	19641
981	981	19649
981	981	19657
981	981	19665
981	981	19674
981	981	19683
981	981	19691
981	981	19699
981	981	19707
981	981	19715
982	982	19723
984	984	19732
990	990	19741
993	993	19749
996	996	19758
1002	1002	19767
1003	1003	19775
1006	1006	19784
1007	1007	19793
1008	1008	19801
1008	1008	19809
1008	1008	19817
1008	1008	19825
1008	1008	19834
1008	1008	19843
1008	1008	19851
1008	1008	19859
1008	1008	19867
1008	1008	19876
1008	1008	19885
1008	1008	19894
1008	1008	19902
1008	1008	19910
1008	1008	19918
1008	1008	19926
1003	1003	19934
999	999	19942
993	993	19950
976	976	19959
972	972	19968
959	959	19977
942	942	19986
924	924	19995
902	902	20003
890	890	20011
876	876	20019
834	834	20027
817	817	20035
759	759	20043
739	739	20052
714	714	20060
638	638	20069
609	609	20078
581	581	20086
510	510	20094
488	488	20103
431	431	20111
413	413	20119
396	396	20128
349	349	20136
336	336	20144
301	301	20153
291	291	20162
253	253	20170
243	243	20178
235	235	20186
214	214	20194
209	209	20203
203	203	20212
194	194	20221
190	190	20230
185	185	20239
183	183	20248
181	181	20256
175	175	20265
168	168	20274
166	166	20282
163	163	20290
156	156	20298
154	154	20306
152	152	20314
148	148	20322
146	146	20330
143	143	20338
142	142	20346
139	139	20354
138	138	20362
135	135	20370
132	132	20378
130	130	20386
129	129	20394
124	124	20403
122	122	20412
119	119	20420
119	119	20428
118	118	20436
118	118	20444
118	118	20452
118	118	20460
118	118	20468
118	118	20476
118	118	20485
118	118	20494
117	117	20503
114	114	20511
112	112	20519
109	109	20527
107	107	20535
106	106	20544
102	102	20553
96	96	20561
86	86	20570
81	81	20579
72	72	20588
67	67	20596
63	63	20604
54	54	20612
51	51	20620
48	48	20628
42	42	20636
39	39	20644
35	35	20652
34	34	20660
34	34	20668
31	31	20677
30	30	20685
28	28	20694
27	27	20703
26	26	20712
25	25	20721
23	23	20730
22	22	20739
21	21	20748
21	21	20757
20	20	20765
20	20	20774
20	20	20783
20	20	20792
20	20	20801
20	20	20810
20	20	20818
20	20	20827
20	20	20835
20	20	20844
20	20	20852
20	20	20861
20	20	20870
20	20	20879
22	22	20888
24	24	20897
34	34	20905
38	38	20914
43	43	20922
60	60	20931
70	70	20939
91	91	20947
100	100	20955
108	108	20963
127	127	20971
149	149	20979
158	158	20988
168	168	20996
193	193	21005
201	201	21014
224	224	21022
234	234	21031
243	243	21040
265	265	21049
282	282	21058
300	300	21066
308	308	21074
326	326	21083
333	333	21092
340	340	21101
355	355	21109
362	362	21117
379	379	21125
385	385	21133
389	389	21141
400	400	21149
404	404	21157
407	407	21166
414	414	21175
417	417	21184
418	418	21193
424	424	21202
427	427	21211
429	429	21220
431	431	21229
432	432	21237
433	433	21245
436	436	21253
437	437	21262
438	438	21271
438	438	21279
439	439	21288
439	439	21297
439	439	21305
439	439	21313
439	439	21322
440	440	21331
440	440	21340
440	440	21349
440	440	21358
440	440	21367
440	440	21376
440	440	21384
440	440	21393
440	440	21402
440	440	21411
440	440	21420
440	440	21429
440	440	21438
440	440	21447
440	440	21456
440	440	21465
440	440	21473
440	440	21481
440	440	21490
440	440	21498
440	440	21506
440	440	21514
440	440	21523
440	440	21531
440	440	21539
440	440	21548
440	440	21556
440	440	21565
440	440	21574
440	440	21583
440	440	21591
440	440	21600
440	440	21609
424	424	21617
407	407	21625
394	394	21633
388	388	21641
379	379	21650
354	354	21659
345	345	21668
335	335	21676
308	308	21685
298	298	21693
271	271	21701
261	261	21710
251	251	21718
226	226	21726
216	216	21735
191	191	21744
184	184	21752
159	159	21761
153	153	21770
147	147	21779
136	136	21787
132	132	21796
128	128	21804
117	117	21812
112	112	21821
102	102	21829
97	97	21838
91	91	21846
83	83	21855
80	80	21863
72	72	21871
70	70	21879
67	67	21887
62	62	21895
61	61	21903
60	60	21911
57	57	21919
54	54	21927
53	53	21936
52	52	21944
49	49	21952
48	48	21961
46	46	21969
45	45	21978
43	43	21986
40	40	21995
39	39	22004
35	35	22013
33	33	22022
31	31	22032
25	25	22040
21	21	22049
19	19	22058
19	19	22067
18	18	22075
18	18	22083
18	18	22091
570	570	22100
570	570	22109
570	570	22117
577	577	22125
579	579	22133
582	582	22142
586	586	22150
589	589	22158
591	591	22167
592	592	22176
594	594	22184
595	595	22193
595	595	22202
595	595	22210
595	595	22219
595	595	22228
595	595	22237
595	595	22245
594	594	22254
594	594	22263
594	594	22272
593	593	22281
593	593	22289
593	593	22298
592	592	22307
592	592	22316
592	592	22325
592	592	22333
592	592	22342
592	592	22352
592	592	22360
592	592	22368
592	592	22377
592	592	22385
592	592	22393
592	592	22402
592	592	22411
593	593	22419
595	595	22429
597	597	22437
599	599	22446
602	602	22454
606	606	22462
611	611	22470
614	614	22478
616	616	22486
620	620	22494
622	622	22502
626	626	22511
627	627	22519
629	629	22528
633	633	22537
634	634	22546
636	636	22555
641	641	22564
646	646	22572
648	648	22581
650	650	22590
653	653	22598
654	654	22607
656	656	22615
658	658	22623
659	659	22632
662	662	22641
663	663	22650
664	664	22658
666	666	22666
667	667	22675
670	670	22684
670	670	22693
673	673	22702
674	674	22711
675	675	22719
678	678	22727
679	679	22736
681	681	22744
684	684	22753
686	686	22762
689	689	22770
692	692	22779
696	696	22787
698	698	22796
703	703	22805
705	705	22814
706	706	22823
709	709	22831
711	711	22840
712	712	22849
715	715	22858
716	716	22866
718	718	22875
719	719	22883
720	720	22891
722	722	22899
723	723	22908
724	724	22916
724	724	22925
724	724	22933
724	724	22941
724	724	22950
724	724	22959
724	724	22967
724	724	22976
724	724	22985
724	724	22993
724	724	23002
724	724	23010
724	724	23019
724	724	23028
724	724	23037
724	724	23045
724	724	23054
724	724	23063
724	724	23071
724	724	23080
724	724	23089
724	724	23097
724	724	23106
724	724	23114
724	724	23123
724	724	23132
723	723	23140
720	720	23149
716	716	23158
714	714	23166
711	711	23175
705	705	23183
702	702	23192
693	693	23200
689	689	23208
682	682	23217
666	666	23226
658	658	23234
633	633	23243
624	624	23251
615	615	23260
581	581	23268
572	572	23277
546	546	23286
535	535	23294
507	507	23302
496	496	23310
486	486	23319
457	457	23327
448	448	23335
440	440	23344
419	419	23353
411	411	23362
389	389	23371
381	381	23380
351	351	23388
343	343	23397
323	323	23406
316	316	23414
308	308	23423
292	292	23432
287	287	23441
281	281	23449
268	268	23458
262	262	23467
242	242	23476
236	236	23485
221	221	23493
214	214	23501
208	208	23510
193	193	23519
185	185	23527
169	169	23536
162	162	23544
155	155	23552
142	142	23560
137	137	23568
125	125	23576
121	121	23584
117	117	23593
107	107	23602
104	104	23611
101	101	23620
93	93	23628
91	91	23636
90	90	23644
88	88	23653
87	87	23662
86	86	23670
83	83	23678
81	81	23687
80	80	23695
76	76	23704
75	75	23712
71	71	23721
69	69	23730
67	67	23739
62	62	23747
62	62	23755
58	58	23763
55	55	23771
55	55	23779
50	50	23787
47	47	23796
41	41	23804
40	40	23812
39	39	23821
37	37	23830
35	35	23839
35	35	23847
34	34	23856
34	34	23865
34	34	23873
34	34	23881
34	34	23890
34	34	23899
34	34	23907
34	34	23916
34	34	23925
34	34	23933
34	34	23942
34	34	23951
34	34	23959
34	34	23968
34	34	23976
34	34	23985
34	34	23994
34	34	24002
34	34	24011
34	34	24020
34	34	24028
34	34	24037
34	34	24045
34	34	24053
34	34	24062
34	34	24071
34	34	24079
34	34	24087
34	34	24096
34	34	24104
34	34	24113
34	34	24121
37	37	24130
39	39	24138
44	44	24147
46	46	24155
56	56	24164
56	56	24173
70	70	24182
73	73	24190
77	77	24199
83	83	24208
89	89	24216
92	92	24225
102	102	24233
107	107	24241
119	119	24250
124	124	24258
130	130	24267
145	145	24275
164	164	24284
169	169	24293
183	183	24302
188	188	24310
192	192	24319
203	203	24328
209	209	24336
219	219	24345
223	223	24354
227	227	24362
239	239	24370
244	244	24378
257	257	24387
264	264	24395
291	291	24403
291	291	24412
307	307	24421
327	327	24429
336	336	24437
357	357	24445
365	365	24454
373	373	24462
391	391	24471
399	399	24480
406	406	24488
424	424	24496
431	431	24505
449	449	24514
456	456	24523
474	474	24531
474	474	24539
492	492	24548
497	497	24557
501	501	24566
510	510	24575
513	513	24583
516	516	24592
524	524	24600
527	527	24608
535	535	24617
538	538	24625
541	541	24633
549	549	24642
553	553	24652
565	565	24660
569	569	24668
579	579	24677
583	583	24685
586	586	24694
597	597	24703
601	601	24712
604	604	24720
611	611	24729
614	614	24737
623	623	24745
626	626	24754
629	629	24762
635	635	24771
644	644	24779
645	645	24788
648	648	24797
649	649	24806
650	650	24814
652	652	24822
652	652	24830
652	652	24838
652	652	24846
652	652	24854
652	652	24862
652	652	24871
652	652	24879
652	652	24888
652	652	24896
652	652	24905
652	652	24913
652	652	24922
652	652	24931
652	652	24940
652	652	24948
652	652	24957
652	652	24965
652	652	24974
652	652	24983
652	652	24992
651	651	25000
651	651	25008
651	651	25016
650	650	25024
650	650	25032
647	647	25040
646	646	25049
641	641	25058
638	638	25067
634	634	25076
623	623	25084
616	616	25093
613	613	25101
609	609	25109
600	600	25117
595	595	25126
585	585	25135
578	578	25144
572	572	25152
556	556	25160
552	552	25169
537	537	25178
530	530	25186
512	512	25195
504	504	25203
479	479	25212
472	472	25221
456	456	25229
449	449	25238
442	442	25246
424	424	25255
416	416	25263
408	408	25272
387	387	25281
381	381	25289
373	373	25297
357	357	25305
351	351	25313
335	335	25321
329	329	25329
322	322	25338
306	306	25347
302	302	25356
283	283	25365
278	278	25374
263	263	25383
257	257	25391
250	250	25400
234	234	25409
226	226	25417
206	206	25425
198	198	25434
189	189	25443
169	169	25452
155	155	25461
138	138	25469
132	132	25477
114	114	25485
107	107	25493
101	101	25501
85	85	25510
79	79	25518
62	62	25527
56	56	25535
50	50	25543
39	39	25551
34	34	25560
31	31	25569
23	23	25578
21	21	25587
14	14	25596
11	11	25605
6	6	25614
5	5	25623
2	2	25632
1	1	25641
0	0	25650
0	0	25659
0	0	25668
0	0	25676
0	0	25685
0	0	25694
0	0	25702
0	0	25710
0	0	25718
0	0	25726
0	0	25735
0	0	25744
0	0	25752
0	0	25760
0	0	25768
0	0	25777
0	0	25786
0	0	25795
0	0	25804
2	2	25813
4	4	25821
5	5	25830
8	8	25839
10	10	25847
10	10	25855
12	12	25864
14	14	25872
15	15	25881
17	17	25890
18	18	25898
21	21	25906
23	23	25915
23	23	25923
24	24	25932
26	26	25941
27	27	25949
27	27	25957
27	27	25966
27	27	25974
27	27	25982
27	27	25990
28	28	25998
29	29	26006
29	29	26015
29	29	26023
30	30	26032
30	30	26040
30	30	26048
31	31	26057
31	31	26065
31	31	26074
31	31	26083
32	32	26092
34	34	26101
37	37	26110
40	40	26119
43	43	26127
53	53	26136
57	57	26144
64	64	26152
84	84	26161
89	89	26169
95	95	26178
110	110	26186
130	130	26195
140	140	26203
170	170	26212
197	197	26221
244	244	26229
260	260	26237
279	279	26245
339	339	26254
359	359	26263
421	421	26272
444	444	26281
463	463	26290
526	526	26299
548	548	26308
630	630	26317
649	649	26326
708	708	26335
727	727	26344
749	749	26353
804	804	26362
818	818	26371
832	832	26379
866	866	26387
876	876	26396
912	912	26404
920	920	26412
934	934	26421
938	938	26430
941	941	26439
946	946	26447
948	948	26456
948	948	26465
950	950	26473
950	950	26482
950	950	26491
950	950	26499
950	950	26507
950	950	26515
950	950	26524
951	951	26533
951	951	26542
951	951	26550
951	951	26559
952	952	26567
952	952	26575
954	954	26583
954	954	26592
954	954	26601
955	955	26609
956	956	26618
957	957	26627
958	958	26635
964	964	26643
966	966	26652
967	967	26660
974	974	26669
977	977	26677
984	984	26686
987	987	26694
991	991	26703
1000	1000	26712
1004	1004	26721
1010	1010	26729
1013	1013	26738
1015	1015	26747
1020	1020	26756
1023	1023	26764
1026	1026	26773
1027	1027	26782
1028	1028	26790
1028	1028	26798
1028	1028	26807
1028	1028	26817
1028	1028	26827
1028	1028	26835
1028	1028	26843
1028	1028	26852
1028	1028	26860
1028	1028	26868
1028	1028	26877
1028	1028	26885
1026	1026	26894
1019	1019	26902
1016	1016	26911
1004	1004	26920
1000	1000	26929
993	993	26937
973	973	26946
965	965	26954
957	957	26963
936	936	26972
902	902	26980
894	894	26988
869	869	26996
860	860	27005
831	831	27013
820	820	27022
811	811	27031
782	782	27040
773	773	27048
762	762	27057
734	734	27067
724	724	27075
690	690	27084
681	681	27092
658	658	27101
650	650	27110
630	630	27118
622	622	27127
615	615	27135
601	601	27143
595	595	27152
592	592	27160
582	582	27169
579	579	27178
573	573	27187
571	571	27196
563	563	27205
561	561	27214
559	559	27222
555	555	27231
553	553	27240
550	550	27248
548	548	27257
545	545	27265
544	544	27274
543	543	27283
540	540	27292
533	533	27301
531	531	27310
528	528	27318
524	524	27326
524	524	27334
522	522	27343
522	522	27352
521	521	27361
520	520	27369
519	519	27378
519	519	27387
518	518	27395
518	518	27403
518	518	27412
517	517	27420
517	517	27429
517	517	27438
517	517	27447
517	517	27455
517	517	27463
517	517	27472
517	517	27480
517	517	27488
517	517	27497
517	517	27506
517	517	27514
517	517	27523
517	517	27532
518	518	27541
518	518	27549
520	520	27557
522	522	27565
523	523	27574
526	526	27583
528	528	27591
530	530	27600
532	532	27608
532	532	27617
534	534	27625
534	534	27633
535	535	27641
535	535	27650
535	535	27658
536	536	27666
536	536	27675
536	536	27684
536	536	27693
536	536	27702
536	536	27711
536	536	27720
536	536	27729
534	534	27737
532	532	27746
526	526	27755
522	522	27763
518	518	27772
500	500	27780
484	484	27790
477	477	27799
469	469	27808
447	447	27817
438	438	27825
418	418	27834
410	410	27843
386	386	27852
350	350	27860
340	340	27868
329	329	27877
303	303	27885
293	293	27894
271	271	27902
262	262	27910
254	254	27919
233	233	27927
227	227	27935
220	220	27944
207	207	27953
201	201	27961
191	191	27970
187	187	27978
183	183	27986
174	174	27994
172	172	28003
165	165	28012
164	164	28020
161	161	28028
160	160	28036
156	156	28044
155	155	28053
154	154	28062
150	150	28071
148	148	28080
147	147	28088
143	143	28097
140	140	28105
136	136	28114
134	134	28123
131	131	28132
122	122	28141
116	116	28150
113	113	28158
110	110	28166
103	103	28175
101	101	28184
98	98	28193
91	91	28202
89	89	28211
86	86	28219
77	77	28228
77	77	28237
70	70	28246
69	69	28255
65	65	28264
63	63	28273
58	58	28282
56	56	28290
55	55	28298
51	51	28306
49	49	28314
45	45	28323
43	43	28332
41	41	28341
41	41	28349
40	40	28358
40	40	28366
40	40	28375
40	40	28383
40	40	28392
39	39	28401
39	39	28409
38	38	28417
38	38	28425
38	38	28434
38	38	28443
37	37	28451
37	37	28460
37	37	28469
37	37	28478
37	37	28487
37	37	28496
37	37	28505
37	37	28514
37	37	28523
37	37	28532
37	37	28541
37	37	28550
37	37	28558
37	37	28567
37	37	28575
37	37	28584
37	37	28592
37	37	28600
38	38	28608
43	43	28616
46	46	28624
49	49	28632
59	59	28640
63	63	28649
69	69	28658
88	88	28667
94	94	28675
106	106	28684
133	133	28693
144	144	28702
180	180	28711
193	193	28720
208	208	28728
250	250	28737
269	269	28747
284	284	28756
337	337	28764
375	375	28773
390	390	28782
402	402	28790
434	434	28799
446	446	28807
457	457	28816
485	485	28824
496	496	28832
524	524	28841
533	533	28849
544	544	28857
568	568	28866
579	579	28874
601	601	28882
609	609	28890
619	619	28898
642	642	28907
651	651	28916
659	659	28925
692	692	28934
714	714	28942
723	723	28950
731	731	28959
752	752	28967
761	761	28976
769	769	28984
788	788	28992
796	796	29001
812	812	29010
818	818	29018
822	822	29027
834	834	29035
845	845	29043
845	845	29051
849	849	29060
852	852	29069
853	853	29077
856	856	29085
859	859	29094
860	860	29103
863	863	29112
866	866	29120
871	871	29128
873	873	29136
875	875	29144
881	881	29152
883	883	29160
885	885	29168
889	889	29176
890	890	29185
895	895	29193
898	898	29202
900	900	29211
905	905	29219
907	907	29228
915	915	29236
917	917	29245
922	922	29253
924	924	29261
927	927	29270
933	933	29279
935	935	29288
941	941	29297
944	944	29306
947	947	29314
953	953	29322
956	956	29330
958	958	29338
964	964	29347
967	967	29356
976	976	29364
977	977	29373
984	984	29381
987	987	29390
988	988	29399
992	992	29407
993	993	29416
997	997	29425
998	998	29434
1001	1001	29442
1001	1001	29451
1004	1004	29460
1004	1004	29468
1005	1005	29477
1006	1006	29485
1006	1006	29493
1006	1006	29501
1007	1007	29510
1008	1008	29519
1008	1008	29527
1008	1008	29536
1008	1008	29545
1008	1008	29554
1008	1008	29562
1008	1008	29571
1008	1008	29579
1008	1008	29587
1008	1008	29596
1008	1008	29605
1008	1008	29614
1008	1008	29622
1007	1007	29630
1003	1003	29638
1001	1001	29646
994	994	29654
987	987	29662
977	977	29671
970	970	29680
952	952	29689
944	944	29697
934	934	29705
906	906	29713
894	894	29721
880	880	29729
842	842	29738
830	830	29746
796	796	29754
782	782	29763
772	772	29771
729	729	29779
699	699	29787
688	688	29795
679	679	29804
650	650	29813
641	641	29821
632	632	29829
607	607	29837
598	598	29845
577	577	29853
569	569	29862
561	561	29871
538	538	29880
531	531	29889
523	523	29898
505	505	29906
497	497	29914
474	474	29922
466	466	29930
456	456	29938
433	433	29947
425	425	29955
397	397	29963
397	397	29971
389	389	29980
362	362	29988
356	356	29996
335	335	30004
325	325	30013
317	317	30021
297	297	30030
289	289	30039
272	272	30048
265	265	30056
260	260	30065
245	245	30073
241	241	30081
228	228	30089
222	222	30097
217	217	30105
203	203	30113
198	198	30121
185	185	30129
181	181	30138
177	177	30147
165	165	30156
157	157	30164
145	145	30173
140	140	30181
137	137	30190
128	128	30199
124	124	30207
114	114	30215
111	111	30224
108	108	30232
100	100	30241
97	97	30250
94	94	30259
89	89	30267
85	85	30276
85	85	30285
82	82	30294
80	80	30303
79	79	30311
75	75	30319
73	73	30327
70	70	30336
70	70	30345
69	69	30354
67	67	30363
67	67	30372
66	66	30380
66	66	30388
66	66	30396
64	64	30405
64	64	30413
62	62	30421
61	61	30430
60	60	30438
58	58	30447
57	57	30456
54	54	30464
53	53	30472
52	52	30481
47	47	30489
45	45	30498
39	39	30507
36	36	30515
26	26	30524
23	23	30533
20	20	30542
13	13	30551
9	9	30560
8	8	30569
7	7	30577
7	7	30586
7	7	30595
7	7	30604
7	7	30613
7	7	30622
7	7	30630
7	7	30638
7	7	30648
7	7	30657
7	7	30665
7	7	30673
8	8	30681
9	9	30690
10	10	30700
15	15	30709
19	19	30717
22	22	30726
23	23	30735
29	29	30743
33	33	30751
35	35	30760
42	42	30769
46	46	30778
53	53	30786
55	55	30795
63	63	30804
69	69	30812
71	71	30820
73	73	30829
79	79	30838
82	82	30847
87	87	30855
90	90	30863
91	91	30871
95	95	30879
98	98	30887
102	102	30896
104	104	30906
106	106	30914
109	109	30922
110	110	30931
112	112	30940
120	120	30949
122	122	30958
128	128	30966
130	130	30974
137	137	30982
139	139	30990
142	142	30999
148	148	31008
151	151	31016
158	158	31024
162	162	31032
168	168	31041
182	182	31050
187	187	31059
208	208	31067
214	214	31076
227	227	31085
233	233	31094
237	237	31102
249	249	31111
252	252	31119
255	255	31127
264	264	31136
267	267	31144
278	278	31152
282	282	31160
286	286	31169
296	296	31177
300	300	31186
303	303	31194
311	311	31203
319	319	31212
322	322	31221
324	324	31230
331	331	31238
333	333	31246
339	339	31255
341	341	31263
342	342	31272
347	347	31281
349	349	31290
350	350	31298
352	352	31306
353	353	31315
358	358	31323
359	359	31332
364	364	31341
366	366	31349
371	371	31358
374	374	31367
376	376	31375
381	381	31383
385	385	31391
388	388	31399
390	390	31407
394	394	31416
395	395	31424
397	397	31433
398	398	31441
401	401	31449
403	403	31458
404	404	31466
407	407	31475
409	409	31484
415	415	31493
417	417	31501
422	422	31509
424	424	31518
428	428	31526
430	430	31535
431	431	31543
433	433	31552
434	434	31560
434	434	31568
434	434	31577
434	434	31586
434	434	31594
434	434	31603
434	434	31612
434	434	31620
434	434	31629
434	434	31637
434	434	31646
434	434	31655
434	434	31664
434	434	31673
434	434	31682
434	434	31691
434	434	31700
432	432	31709
430	430	31718
428	428	31727
427	427	31736
423	423	31745
421	421	31754
418	418	31762
411	411	31771
408	408	31779
400	400	31788
395	395	31797
384	384	31806
381	381	31815
376	376	31823
369	369	31832
365	365	31841
352	352	31849
347	347	31857
341	341	31865
329	329	31874
324	324	31883
307	307	31892
302	302	31901
280	280	31910
273	273	31918
265	265	31927
250	250	31936
237	237	31945
231	231	31954
226	226	31963
212	212	31971
205	205	31979
187	187	31987
171	171	31995
171	171	32004
142	142	32013
134	134	32022
114	114	32031
107	107	32039
91	91	32047
84	84	32056
79	79	32064
67	67	32072
63	63	32080
58	58	32088
49	49	32097
45	45	32105
37	37	32114
35	35	32123
33	33	32132
28	28	32141
27	27	32150
26	26	32158
25	25	32166
24	24	32175
23	23	32183
22	22	32192
21	21	32200
20	20	32208
16	16	32216
15	15	32225
13	13	32234
