0.179520393593
-0.309228454446
-0.319410722113
-0.319410722113
-0.329592989781
-0.339775257448
-0.349957525116
-0.360139792783
-0.380504328118
-0.390686595786
-0.400868863453
-0.421233398788
-0.421233398788
-0.431415666455
-0.441597934123
-0.45178020179
-0.461962469458
-0.482327004793
-0.502691540128
-0.502691540128
-0.523056075463
-0.543420610798
-0.563785146133
-0.584149681468
-0.604514216803
-0.624878752138
-0.635061019805
-0.65542555514
-0.65542555514
-0.665607822807
-0.675790090475
-0.685972358142
-0.69615462581
-0.706336893477
-0.706336893477
-0.706336893477
-0.706336893477
-0.706336893477
-0.69615462581
-0.706336893477
-0.706336893477
-0.706336893477
-0.706336893477
-0.706336893477
-0.69615462581
-0.706336893477
-0.706336893477
-0.706336893477
-0.706336893477
-0.706336893477
-0.706336893477
-0.706336893477
-0.706336893477
-0.706336893477
-0.706336893477
-0.706336893477
-0.69615462581
-0.706336893477
-0.706336893477
-0.69615462581
-0.69615462581
-0.69615462581
-0.69615462581
-0.69615462581
-0.69615462581
-0.69615462581
-0.69615462581
-0.69615462581
-0.69615462581
-0.685972358142
-0.69615462581
-0.69615462581
-0.69615462581
-0.69615462581
-0.69615462581
-0.685972358142
-0.69615462581
-0.69615462581
-0.69615462581
-0.69615462581
-0.69615462581
-0.69615462581
-0.69615462581
-0.69615462581
-0.685972358142
-0.69615462581
-0.685972358142
-0.69615462581
-0.69615462581
-0.69615462581
-0.69615462581
-0.69615462581
-0.685972358142
-0.685972358142
-0.685972358142
-0.685972358142
-0.685972358142
-0.685972358142
-0.69615462581
-0.685972358142
-0.685972358142
-0.685972358142
-0.685972358142
-0.685972358142
-0.685972358142
-0.685972358142
-0.685972358142
-0.685972358142
-0.685972358142
-0.685972358142
-0.685972358142
-0.685972358142
-0.685972358142
-0.685972358142
-0.69615462581
-0.706336893477
-0.726701428812
-0.73688369648
-0.747065964147
-0.757248231815
-0.757248231815
-0.757248231815
-0.767430499482
-0.767430499482
-0.77761276715
-0.787795034817
-0.787795034817
-0.787795034817
-0.808159570152
-0.828524105487
-0.838706373155
-0.869253176157
-0.889617711492
-0.909982246827
-0.930346782162
-0.940529049829
-0.960893585164
-0.971075852832
-0.981258120499
-0.991440388167
-0.991440388167
-1.00162265583
-1.00162265583
-1.00162265583
-1.00162265583
-1.0118049235
-1.00162265583
-1.00162265583
-1.0118049235
-1.0118049235
-1.0118049235
-1.0118049235
-1.0118049235
-1.0118049235
-1.0118049235
-1.0118049235
-1.0118049235
-1.0118049235
-1.0118049235
-1.00162265583
-1.00162265583
-1.0118049235
-1.0118049235
-1.00162265583
-1.00162265583
-1.00162265583
-1.0118049235
-1.0118049235
-1.00162265583
-1.0118049235
-1.00162265583
-1.00162265583
-1.00162265583
-1.00162265583
-1.00162265583
-1.0118049235
-1.00162265583
-1.00162265583
-1.00162265583
-1.00162265583
-1.00162265583
-1.00162265583
-1.00162265583
-1.00162265583
-1.00162265583
-1.00162265583
-1.0118049235
-1.0118049235
-1.0118049235
-1.0118049235
-1.0118049235
-1.0118049235
-1.0118049235
-1.0118049235
-1.0118049235
-1.02198719117
-1.0118049235
-1.0118049235
-1.02198719117
-1.02198719117
-1.02198719117
-1.02198719117
-1.02198719117
-1.02198719117
-1.02198719117
-1.02198719117
-1.02198719117
-1.02198719117
-1.02198719117
-1.02198719117
-1.03216945884
-1.03216945884
-1.03216945884
-1.03216945884
-1.03216945884
-1.03216945884
-1.03216945884
-1.03216945884
-1.03216945884
-1.03216945884
-1.03216945884
-1.03216945884
-1.03216945884
-1.03216945884
-1.03216945884
-1.03216945884
-1.03216945884
-1.03216945884
-1.03216945884
-1.03216945884
-1.03216945884
-1.03216945884
-1.03216945884
-1.03216945884
-1.03216945884
-1.03216945884
-1.03216945884
-1.03216945884
-1.03216945884
-1.03216945884
-1.03216945884
-1.0423517265
-1.0423517265
-1.0423517265
-1.05253399417
-1.05253399417
-1.05253399417
-1.06271626184
-1.07289852951
-1.07289852951
-1.08308079717
-1.09326306484
-1.10344533251
-1.10344533251
-1.10344533251
-1.10344533251
-1.10344533251
-1.11362760018
-1.11362760018
-1.11362760018
-1.11362760018
-1.12380986784
-1.12380986784
-1.12380986784
-1.12380986784
-1.12380986784
-1.12380986784
-1.12380986784
-1.12380986784
-1.13399213551
-1.13399213551
-1.13399213551
-1.13399213551
-1.13399213551
-1.13399213551
-1.13399213551
-1.13399213551
-1.13399213551
-1.13399213551
-1.13399213551
-1.14417440318
-1.13399213551
-1.14417440318
-1.13399213551
-1.13399213551
-1.14417440318
-1.14417440318
-1.14417440318
-1.13399213551
-1.13399213551
-1.14417440318
-1.13399213551
-1.14417440318
-1.14417440318
-1.14417440318
-1.14417440318
-1.14417440318
-1.14417440318
-1.14417440318
-1.14417440318
-1.14417440318
-1.14417440318
-1.14417440318
-1.14417440318
-1.14417440318
-1.14417440318
-1.14417440318
-1.14417440318
-1.14417440318
-1.14417440318
-1.14417440318
-1.14417440318
-1.14417440318
-1.14417440318
-1.14417440318
-1.14417440318
-1.14417440318
-1.14417440318
-1.14417440318
-1.14417440318
-1.14417440318
-1.14417440318
-1.14417440318
-1.14417440318
-1.14417440318
-1.14417440318
-1.14417440318
-1.14417440318
-1.14417440318
-1.14417440318
-1.14417440318
-1.14417440318
-1.14417440318
-1.14417440318
-1.14417440318
-1.14417440318
-1.14417440318
-1.14417440318
-1.14417440318
-1.14417440318
-1.14417440318
-1.15435667085
-1.14417440318
-1.15435667085
-1.15435667085
-1.14417440318
-1.14417440318
-1.14417440318
-1.14417440318
-1.14417440318
-1.15435667085
-1.14417440318
-1.15435667085
-1.14417440318
-1.15435667085
-1.15435667085
-1.15435667085
-1.15435667085
-1.15435667085
-1.15435667085
-1.15435667085
-1.15435667085
-1.14417440318
-1.15435667085
-1.14417440318
-1.15435667085
-1.15435667085
-1.15435667085
-1.15435667085
-1.15435667085
-1.14417440318
-1.15435667085
-1.14417440318
-1.15435667085
-1.14417440318
-1.15435667085
-1.15435667085
-1.15435667085
-1.15435667085
-1.14417440318
-1.15435667085
-1.14417440318
-1.15435667085
-1.15435667085
-1.14417440318
-1.14417440318
-1.14417440318
-1.13399213551
-1.11362760018
-1.09326306484
-1.05253399417
-1.02198719117
-0.991440388167
-0.981258120499
-0.960893585164
-0.930346782162
-0.909982246827
-0.909982246827
-0.899799979159
-0.899799979159
-0.899799979159
-0.889617711492
-0.879435443824
-0.879435443824
-0.869253176157
-0.869253176157
-0.869253176157
-0.85907090849
-0.869253176157
-0.869253176157
-0.85907090849
-0.85907090849
-0.85907090849
-0.869253176157
-0.85907090849
-0.85907090849
-0.85907090849
-0.85907090849
-0.85907090849
-0.85907090849
-0.85907090849
-0.85907090849
-0.85907090849
-0.85907090849
-0.85907090849
-0.85907090849
-0.85907090849
-0.85907090849
-0.85907090849
-0.85907090849
-0.85907090849
-0.85907090849
-0.85907090849
-0.85907090849
-0.85907090849
-0.85907090849
-0.85907090849
-0.85907090849
-0.85907090849
-0.85907090849
-0.85907090849
-0.85907090849
-0.85907090849
-0.85907090849
-0.85907090849
-0.85907090849
-0.85907090849
-0.85907090849
-0.85907090849
-0.85907090849
-0.85907090849
-0.85907090849
-0.85907090849
-0.85907090849
-0.85907090849
-0.85907090849
-0.85907090849
-0.85907090849
-0.85907090849
-0.85907090849
-0.85907090849
-0.85907090849
-0.85907090849
-0.85907090849
-0.85907090849
-0.85907090849
-0.85907090849
-0.85907090849
-0.85907090849
-0.85907090849
-0.85907090849
-0.85907090849
-0.85907090849
-0.85907090849
-0.85907090849
-0.85907090849
-0.85907090849
-0.85907090849
-0.85907090849
-0.85907090849
-0.85907090849
-0.85907090849
-0.85907090849
-0.85907090849
-0.85907090849
-0.85907090849
-0.85907090849
-0.85907090849
-0.85907090849
-0.85907090849
-0.85907090849
-0.85907090849
-0.85907090849
-0.85907090849
-0.869253176157
-0.85907090849
-0.869253176157
-0.869253176157
-0.869253176157
-0.869253176157
-0.869253176157
-0.869253176157
-0.869253176157
-0.869253176157
-0.869253176157
-0.869253176157
-0.869253176157
-0.869253176157
-0.869253176157
-0.869253176157
-0.869253176157
-0.869253176157
-0.85907090849
-0.797977302485
-0.716519161145
-0.65542555514
-0.624878752138
-0.604514216803
-0.594331949135
-0.584149681468
-0.5739674138
-0.5739674138
-0.553602878465
-0.53323834313
-0.512873807795
-0.502691540128
-0.502691540128
-0.502691540128
-0.502691540128
-0.502691540128
-0.502691540128
-0.49250927246
-0.49250927246
-0.482327004793
-0.472144737125
-0.461962469458
-0.441597934123
-0.421233398788
-0.400868863453
-0.370322060451
-0.339775257448
-0.309228454446
-0.299046186778
-0.299046186778
-0.299046186778
-0.299046186778
-0.299046186778
-0.299046186778
-0.299046186778
-0.299046186778
-0.299046186778
-0.299046186778
-0.299046186778
-0.299046186778
-0.309228454446
-0.299046186778
-0.299046186778
-0.299046186778
-0.299046186778
-0.299046186778
-0.299046186778
-0.299046186778
-0.299046186778
-0.299046186778
-0.299046186778
-0.299046186778
-0.299046186778
-0.299046186778
-0.299046186778
-0.299046186778
-0.309228454446
-0.309228454446
-0.309228454446
-0.299046186778
-0.299046186778
-0.299046186778
-0.299046186778
-0.299046186778
-0.299046186778
-0.299046186778
-0.299046186778
-0.299046186778
-0.309228454446
-0.309228454446
-0.309228454446
-0.309228454446
-0.309228454446
-0.309228454446
-0.309228454446
-0.309228454446
-0.309228454446
-0.309228454446
-0.309228454446
-0.309228454446
-0.309228454446
-0.309228454446
-0.319410722113
-0.309228454446
-0.319410722113
-0.319410722113
-0.309228454446
-0.319410722113
-0.319410722113
-0.309228454446
-0.319410722113
-0.319410722113
-0.309228454446
-0.319410722113
-0.319410722113
-0.319410722113
-0.319410722113
-0.319410722113
-0.309228454446
-0.319410722113
-0.319410722113
-0.319410722113
-0.319410722113
-0.319410722113
-0.319410722113
-0.319410722113
-0.319410722113
-0.319410722113
-0.319410722113
-0.309228454446
-0.319410722113
-0.319410722113
-0.319410722113
-0.319410722113
-0.319410722113
-0.319410722113
-0.319410722113
-0.319410722113
-0.319410722113
-0.319410722113
-0.319410722113
-0.319410722113
-0.319410722113
-0.319410722113
-0.319410722113
-0.319410722113
