Digital_Input	Screen Position Y axis (px)	time (ms)
-0.039466667629195484	7.319831401942386	8
-0.039466667629195484	7.319831401942386	32
-0.039466667629195484	7.319831401942386	45
-0.039466667629195484	7.319831401942386	58
-0.039466667629195484	7.319831401942386	70
-0.039466667629195484	7.319831401942386	82
-0.039466667629195484	7.319831401942386	95
-0.039466667629195484	7.319831401942386	108
-0.039466667629195484	7.319831401942386	120
-0.039466667629195484	7.319831401942386	133
-0.039466667629195484	7.319831401942386	145
-0.039466667629195484	7.319831401942386	156
-0.039466667629195484	7.319831401942386	169
-0.039466667629195484	7.319831401942386	181
-0.049657494509222744	9.209910780040177	194
-0.049657494509222744	9.209910780040177	206
-0.039466667629195484	7.319831401942386	219
-0.049657494509222744	9.209910780040177	231
-0.039466667629195484	7.319831401942386	244
-0.049657494509222744	9.209910780040177	256
-0.039466667629195484	7.319831401942386	270
-0.039466667629195484	7.319831401942386	282
-0.039466667629195484	7.319831401942386	295
-0.039466667629195484	7.319831401942386	308
-0.039466667629195484	7.319831401942386	319
-0.039466667629195484	7.319831401942386	331
-0.039466667629195484	7.319831401942386	344
-0.049657494509222744	9.209910780040177	356
-0.05984832138925	11.09999015813797	370
-0.05984832138925	11.09999015813797	381
-0.07003914826927726	12.990069536235762	394
-0.07003914826927726	12.990069536235762	406
-0.07003914826927726	12.990069536235762	420
-0.07003914826927726	12.990069536235762	434
-0.07003914826927726	12.990069536235762	445
-0.05984832138925	11.09999015813797	458
-0.05984832138925	11.09999015813797	470
-0.05984832138925	11.09999015813797	482
-0.05984832138925	11.09999015813797	495
-0.05984832138925	11.09999015813797	508
-0.10061162890935549	18.660307670528482	523
-0.2127107245896518	39.451180829603544	537
-0.46748139659031906	86.70316528204572	555
-0.8037786836312044	149.07578475927025	571
-1.1604576244321407	215.22856299268966	588
-1.5273273921131043	283.2714206042069	605
-1.8228613716338806	338.0837225690403	622
-2.0470595629944697	379.6654688871897	639
-2.189731139314844	406.1265801805575	656
-2.2203036199549224	411.79681831485027	673
-2.1591586586747624	400.4563420462641	689
-2.016487082354388	373.9952307528963	705
-1.8941971597940679	351.3142782157242	722
-1.8330521985139079	339.97380194713804	739
-1.8330521985139079	339.97380194713804	755
-1.8941971597940679	351.3142782157242	772
-2.0062962554743606	372.1051513747986	789
-2.118395351154657	392.89602453387363	808
-2.240685273714977	415.57697707104586	825
-2.3324027156352187	432.5876914739253	841
-2.4546926381955387	455.2686440110975	855
-2.587173387635886	479.8396759263675	872
-2.740035790836288	508.190866597833	889
-2.913279847796744	540.3222160254941	905
-3.127287212277306	580.0138829655458	922
-3.3311037498778404	617.8154705274997	940
-3.5960652487585385	666.9575343580403	956
-3.8406450938791785	712.3194394323848	972
-4.095415765879849	759.5714238848275	989
-4.309423130360411	799.2630908248793	1006
-4.47247636044084	829.5043608744427	1023
-4.6049571098811874	854.0753927897126	1039
-4.71705620556148	874.8662659487869	1055
-4.8291553012417765	895.657139107862	1072
-4.8903002625219365	906.9976153764483	1085
-4.9514452238020965	918.3380916450343	1099
-5.032971838842311	933.458726669816	1112
-5.124689280762553	950.4694410726955	1126
-5.216406722682795	967.480155475575	1142
-5.328505818363087	988.2710286346494	1156
-5.481368221563489	1016.6222193061149	1173
-5.624039797883864	1043.0833305994827	1190
-5.746329720444184	1065.764283136655	1207
-5.827856335484398	1080.8849181614364	1223
-5.889001296764558	1092.2253944300226	1239
-5.929764604284667	1099.7857119424139	1252
-5.9603370849247455	1105.4559500767066	1265
-6.011291219324882	1114.9063469671955	1278
-6.072436180605042	1126.2468232357817	1290
-6.174344449405307	1145.1476170167582	1302
-6.276252718205576	1164.0484107977356	1316
-6.398542640765896	1186.7293633349077	1328
-6.52083256332622	1209.4103158720804	1343
-6.602359178366434	1224.5309508968621	1359
-6.64312248588654	1232.0912684092527	1375
-6.64312248588654	1232.0912684092527	1392
-6.622740832126485	1228.311109653057	1408
-6.602359178366434	1224.5309508968621	1423
-6.58197752460638	1220.7507921406666	1440
-6.561595870846325	1216.9706333844708	1453
-6.551405043966298	1215.0805540063732	1465
-6.561595870846325	1216.9706333844708	1478
-6.592168351486407	1222.6408715187645	1493
-6.612550005246462	1226.42103027496	1506
-6.602359178366434	1224.5309508968621	1519
-6.561595870846325	1216.9706333844708	1531
-6.500450909566165	1205.630157115885	1544
-6.429115121405978	1192.3996014692011	1557
-6.378160987005845	1182.9492045787129	1570
-6.3475885063657635	1177.2789664444192	1582
-6.327206852605709	1173.4988076882237	1595
-6.2864435450856035	1165.9384901758333	1609
-6.255871064445522	1160.2682520415399	1626
-6.2456802375654945	1158.378172663442	1642
-6.266061891325549	1162.1583314196375	1659
-6.306825198845658	1169.7186489320288	1676
-6.337397679485736	1175.3888870663216	1692
-6.3475885063657635	1177.2789664444192	1708
-6.378160987005845	1182.9492045787129	1724
-6.429115121405978	1192.3996014692011	1741
-6.500450909566165	1205.630157115885	1758
-6.561595870846325	1216.9706333844708	1775
-6.602359178366434	1224.5309508968621	1793
-6.632931659006513	1230.2011890311549	1813
-6.663504139646594	1235.871427165448	1831
-6.694076620286673	1241.541665299741	1848
-6.734839927806782	1249.1019828121323	1861
-6.775603235326887	1256.6623003245227	1877
-6.795984889086942	1260.4424590807182	1894
-6.785794062206914	1258.5523797026203	1911
-6.755221581566836	1252.8821415683276	1925
-6.714458274046727	1245.3218240559365	1942
-6.714458274046727	1245.3218240559365	1971
-6.694076620286673	1241.541665299741	1983
-6.673694966526622	1237.761506543546	1995
-6.622740832126485	1228.311109653057	2009
-6.58197752460638	1220.7507921406666	2025
-6.561595870846325	1216.9706333844708	2042
-6.551405043966298	1215.0805540063732	2059
-6.531023390206247	1211.3003952501783	2071
-6.500450909566165	1205.630157115885	2085
-6.469878428926084	1199.9599189815915	2098
-6.429115121405978	1192.3996014692011	2112
-6.388351813885873	1184.8392839568105	2125
-6.357779333245791	1179.169045822517	2139
-6.3475885063657635	1177.2789664444192	2152
-6.337397679485736	1175.3888870663216	2164
-6.337397679485736	1175.3888870663216	2178
-6.3475885063657635	1177.2789664444192	2194
-6.357779333245791	1179.169045822517	2209
-6.367970160125818	1181.059125200615	2225
-6.378160987005845	1182.9492045787129	2239
-6.388351813885873	1184.8392839568105	2251
-6.4087334676459236	1188.6194427130054	2264
-6.4087334676459236	1188.6194427130054	2279
-6.4087334676459236	1188.6194427130054	2294
-6.429115121405978	1192.3996014692011	2310
-6.45968760204606	1198.0698396034943	2326
-6.510641736446193	1207.5202364939826	2343
-6.58197752460638	1220.7507921406666	2360
-6.64312248588654	1232.0912684092527	2376
-6.673694966526622	1237.761506543546	2393
-6.683885793406649	1239.6515859216438	2409
-6.7042674471667	1243.4317446778389	2421
-6.724649100926754	1247.2119034340344	2433
-6.745030754686809	1250.99206219023	2446
-6.755221581566836	1252.8821415683276	2459
-6.745030754686809	1250.99206219023	2471
-6.734839927806782	1249.1019828121323	2483
-6.724649100926754	1247.2119034340344	2498
-6.745030754686809	1250.99206219023	2510
-6.76541240844686	1254.7722209464248	2522
-6.785794062206914	1258.5523797026203	2535
-6.775603235326887	1256.6623003245227	2547
-6.755221581566836	1252.8821415683276	2560
-6.714458274046727	1245.3218240559365	2572
-6.663504139646594	1235.871427165448	2586
-6.622740832126485	1228.311109653057	2600
-6.592168351486407	1222.6408715187645	2614
-6.592168351486407	1222.6408715187645	2629
-6.622740832126485	1228.311109653057	2646
-6.632931659006513	1230.2011890311549	2667
-6.622740832126485	1228.311109653057	2681
-6.612550005246462	1226.42103027496	2695
-6.602359178366434	1224.5309508968621	2710
-6.592168351486407	1222.6408715187645	2727
-6.592168351486407	1222.6408715187645	2744
-6.592168351486407	1222.6408715187645	2756
-6.602359178366434	1224.5309508968621	2769
-6.602359178366434	1224.5309508968621	2782
-6.602359178366434	1224.5309508968621	2796
-6.602359178366434	1224.5309508968621	2810
-6.602359178366434	1224.5309508968621	2824
-6.592168351486407	1222.6408715187645	2837
-6.592168351486407	1222.6408715187645	2848
-6.592168351486407	1222.6408715187645	2860
-6.592168351486407	1222.6408715187645	2871
-6.58197752460638	1220.7507921406666	2883
-6.571786697726353	1218.8607127625687	2896
-6.541214217086271	1213.1904746282753	2911
-6.510641736446193	1207.5202364939826	2928
-6.469878428926084	1199.9599189815915	2944
-6.418924294525951	1190.5095220911032	2961
-6.337397679485736	1175.3888870663216	2978
-6.1641536225252835	1143.2575376386612	2994
-5.725948066684133	1061.98412438046	3011
-4.9514452238020965	918.3380916450343	3028
-4.024079977719662	746.3408682381437	3044
-3.3718670573979495	625.375788039891	3058
-2.740035790836288	508.190866597833	3070
-2.179540312434817	404.2365008024597	3081
-1.700571449073557	315.4027700318674	3097
-1.292938373872488	239.79959490795966	3112
-0.9566410868316026	177.42697543073515	3129
-0.7018704148309354	130.17499097829298	3146
-0.5388171847505063	99.93372092872961	3169
-0.49805387723040084	92.3734034163391	3183
-0.46748139659031906	86.70316528204572	3199
-0.44709974283026455	82.92300652585014	3214
-0.4267180890702136	79.1428477696552	3228
-0.40633643531015906	75.36268901345962	3241
-0.38595478155010454	71.58253025726404	3253
-0.3655731277900536	67.80237150106912	3265
-0.34519147402999906	64.02221274487353	3281
-0.3350006471499718	62.13213336677574	3297
-0.3146189933899173	58.35197461058014	3312
-0.30442816650989	56.461895232482355	3329
-0.30442816650989	56.461895232482355	3348
-0.3146189933899173	58.35197461058014	3365
-0.32480982026994454	60.24205398867794	3383
-0.34519147402999906	64.02221274487353	3401
-0.3553823009100263	65.91229212297132	3416
-0.3655731277900536	67.80237150106912	3430
-0.38595478155010454	71.58253025726404	3446
-0.40633643531015906	75.36268901345962	3463
-0.40633643531015906	75.36268901345962	3480
-0.40633643531015906	75.36268901345962	3496
-0.3961456084301318	73.47260963536182	3513
-0.3757639546700773	69.69245087916624	3529
-0.3553823009100263	65.91229212297132	3547
-0.3553823009100263	65.91229212297132	3564
-0.3757639546700773	69.69245087916624	3580
-0.43690891595024084	81.032927147753	3597
-0.5286263578704791	98.04364155063182	3614
-0.6203437997907209	115.05435595351129	3630
-0.6712979341908536	124.5047528439996	3647
-0.6611071073108263	122.6146734659018	3664
-0.6305346266707481	116.9444353316091	3680
-0.5591988385105608	103.71387968492519	3697
-0.4776722234703463	88.59324466014351	3713
-0.38595478155010454	71.58253025726404	3730
-0.29423733962986276	54.57181585438457	3747
-0.2229015514696755	41.34126020770067	3765
-0.19232907082959727	35.671022073407954	3784
-0.17194741706954275	31.89086331721237	3800
-0.15156576330948823	28.11070456101679	3817
-0.14137493642946453	26.22062518291965	3834
-0.12099328266941001	22.440466426724065	3850
-0.11080245578938275	20.550387048626277	3865
-0.10061162890935549	18.660307670528482	3882
-0.10061162890935549	18.660307670528482	3897
-0.08022997514930097	14.8801489143329	3914
-0.08022997514930097	14.8801489143329	3931
-0.07003914826927726	12.990069536235762	3947
-0.07003914826927726	12.990069536235762	3963
-0.07003914826927726	12.990069536235762	3981
-0.07003914826927726	12.990069536235762	3998
-0.07003914826927726	12.990069536235762	4014
-0.07003914826927726	12.990069536235762	4031
-0.07003914826927726	12.990069536235762	4047
-0.07003914826927726	12.990069536235762	4064
-0.07003914826927726	12.990069536235762	4076
-0.07003914826927726	12.990069536235762	4088
-0.08022997514930097	14.8801489143329	4102
-0.08022997514930097	14.8801489143329	4117
-0.08022997514930097	14.8801489143329	4133
-0.08022997514930097	14.8801489143329	4148
-0.08022997514930097	14.8801489143329	4165
-0.08022997514930097	14.8801489143329	4180
-0.08022997514930097	14.8801489143329	4192
-0.08022997514930097	14.8801489143329	4204
-0.09042080202932823	16.77022829243069	4216
-0.09042080202932823	16.77022829243069	4231
-0.09042080202932823	16.77022829243069	4244
-0.10061162890935549	18.660307670528482	4258
-0.10061162890935549	18.660307670528482	4275
-0.10061162890935549	18.660307670528482	4287
-0.09042080202932823	16.77022829243069	4299
-0.10061162890935549	18.660307670528482	4315
-0.10061162890935549	18.660307670528482	4328
-0.10061162890935549	18.660307670528482	4340
-0.10061162890935549	18.660307670528482	4353
-0.10061162890935549	18.660307670528482	4368
-0.10061162890935549	18.660307670528482	4384
-0.10061162890935549	18.660307670528482	4400
-0.10061162890935549	18.660307670528482	4415
-0.10061162890935549	18.660307670528482	4432
-0.10061162890935549	18.660307670528482	4449
-0.11080245578938275	20.550387048626277	4467
-0.18213824394957	33.780942695310166	4485
-0.3757639546700773	69.69245087916624	4502
-0.6305346266707481	116.9444353316091	4519
-0.8445419911513099	156.63610227166075	4538
-0.9668319137116299	179.31705480883295	4552
-1.007595221231739	186.87737232122413	4568
-0.9872135674716844	183.09721356502854	4583
-0.9158777793114972	169.86665791834466	4601
-0.9158777793114972	169.86665791834466	4618
-1.0381677018718172	192.54761045551683	4634
-1.3337016813925935	247.35991242035016	4651
-1.700571449073557	315.4027700318674	4667
-2.138777004914708	396.6761832900686	4683
-2.5769825607558587	477.9495965482697	4699
-3.066142250997146	568.6734066969598	4717
-3.4533936724381604	640.496423064672	4735
-3.8202634401191276	708.5392806761898	4756
-3.9935074970795803	740.6706301038503	4773
-4.064843285239768	753.9011857505342	4792
-4.044461631479713	750.1210269943386	4804
-3.9935074970795803	740.6706301038503	4816
-3.9323625357994203	729.3301538352642	4828
-3.8406450938791785	712.3194394323848	4842
-3.7693093057189913	699.0888837857008	4854
-3.7081643444388313	687.7484075171146	4866
-3.6266377293986167	672.6277724923332	4883
-3.5654927681184567	661.2872962237469	4900
-3.534920287478375	655.6170580894536	4918
-3.5553019412384295	659.397216845649	4934
-3.606256075638562	668.8476137361374	4950
-3.6470193831586712	676.4079312485286	4963
-3.6775918637987495	682.0781693828213	4975
-3.7285459981988858	691.5285662733104	4989
-3.7795001325990185	700.9789631637987	5003
-3.891599228279315	721.7698363228737	5017
-4.024079977719662	746.3408682381437	5034
-4.197324034680115	778.4722176658042	5051
-4.360377264760544	808.7134877153675	5067
-4.523430494840973	838.954757764931	5085
-4.676292898041375	867.3059484363964	5103
-4.859727781881855	901.3273772421547	5117
-5.043162665722338	935.3488060479136	5133
-5.236788376442846	971.2603142317698	5151
-5.348887472123142	992.0511873908449	5167
-5.430414087163356	1007.1718224156267	5180
-5.511940702203567	1022.2924574404075	5193
-5.552704009723676	1029.8527749527989	5205
-5.583276490363758	1035.523013087092	5217
-5.603658144123809	1039.303171843287	5230
-5.624039797883864	1043.0833305994827	5243
-5.654612278523945	1048.753568733776	5255
-5.685184759164024	1054.4238068680688	5268
-5.685184759164024	1054.4238068680688	5285
-5.674993932283996	1052.533727489971	5302
-5.644421451643918	1046.8634893556782	5319
-5.603658144123809	1039.303171843287	5337
-5.583276490363758	1035.523013087092	5353
-5.562894836603704	1031.7428543308965	5370
-5.532322355963622	1026.0726161966031	5388
-5.511940702203567	1022.2924574404075	5405
-5.471177394683462	1014.7321399280171	5424
-5.420223260283329	1005.2817430375288	5440
-5.369269125883193	995.8313461470399	5455
-5.308124164603033	984.4908698784536	5470
-5.236788376442846	971.2603142317698	5485
-5.124689280762553	950.4694410726955	5502
-5.002399358202229	927.7884885355224	5518
-4.8903002625219365	906.9976153764483	5535
-4.798582820601695	889.9869009735687	5552
-4.706865378681453	872.9761865706892	5569
-4.625338763641242	857.8555515459083	5586
-4.5438121486010274	842.7349165211265	5605
-4.47247636044084	829.5043608744427	5621
-4.421522226040704	820.0539639839537	5638
-4.380758918520598	812.4936464715631	5652
-4.339995611000489	804.933328959172	5669
-4.299232303480384	797.3730114467814	5686
-4.258468995960278	789.812693934391	5702
-4.217705688440169	782.2523764219998	5719
-4.197324034680115	778.4722176658042	5735
-4.187133207800091	776.582138287707	5752
-4.176942380920064	774.6920589096092	5771
-4.176942380920064	774.6920589096092	5789
-4.187133207800091	776.582138287707	5808
-4.207514861560142	780.3622970439021	5824
-4.238087342200224	786.0325351781954	5838
-4.289041476600357	795.4829320686836	5853
-4.370568091640571	810.6035670934654	5869
-4.47247636044084	829.5043608744427	5886
-4.574384629241106	848.4051546554192	5903
-4.676292898041375	867.3059484363964	5920
-4.747628686201562	880.5365040830803	5938
-4.7883919937216675	888.0968215954709	5956
-4.839346128121804	897.5472184859599	5974
-4.8903002625219365	906.9976153764483	5989
-4.941254396922069	916.4480122669364	6006
-4.961636050682124	920.2281710231321	6022
-4.941254396922069	916.4480122669364	6036
-4.900491089401964	908.8876947545459	6053
-4.859727781881855	901.3273772421547	6070
-4.839346128121804	897.5472184859599	6087
-4.808773647481722	891.8769803516665	6103
-4.798582820601695	889.9869009735687	6116
-4.77820116684164	886.2067422173731	6130
-4.747628686201562	880.5365040830803	6143
-4.7272470324415075	876.7563453268848	6157
-4.696674551801429	871.0861071925921	6170
-4.6661020711613475	865.4158690582987	6181
-4.645720417401293	861.6357103021031	6194
-4.625338763641242	857.8555515459083	6206
-4.6049571098811874	854.0753927897126	6221
-4.564193802361078	846.5150752773214	6238
-4.533621321721	840.8448371430287	6255
-4.513239667960946	837.0646783868331	6273
-4.482667187320864	831.3944402525398	6290
-4.47247636044084	829.5043608744427	6303
-4.452094706680786	825.724202118247	6320
-4.452094706680786	825.724202118247	6334
-4.462285533560813	827.6142814963448	6347
-4.482667187320864	831.3944402525398	6359
-4.492858014200891	833.2845196306375	6373
-4.482667187320864	831.3944402525398	6388
-4.47247636044084	829.5043608744427	6404
-4.47247636044084	829.5043608744427	6421
-4.482667187320864	831.3944402525398	6439
-4.492858014200891	833.2845196306375	6457
-4.492858014200891	833.2845196306375	6474
-4.503048841080918	835.1745990087352	6491
-4.533621321721	840.8448371430287	6507
-4.564193802361078	846.5150752773214	6522
-4.625338763641242	857.8555515459083	6538
-4.6661020711613475	865.4158690582987	6554
-4.645720417401293	861.6357103021031	6571
-4.615147936761215	855.9654721678104	6588
-4.584575456121133	850.2952340335171	6604
-4.6049571098811874	854.0753927897126	6621
-4.645720417401293	861.6357103021031	6638
-4.686483724921402	869.1960278144943	6655
-4.696674551801429	871.0861071925921	6671
-4.686483724921402	869.1960278144943	6688
-4.6661020711613475	865.4158690582987	6701
-4.645720417401293	861.6357103021031	6713
-4.635529590521266	859.7456309240054	6727
-4.625338763641242	857.8555515459083	6741
-4.6049571098811874	854.0753927897126	6756
-4.584575456121133	850.2952340335171	6772
-4.564193802361078	846.5150752773214	6790
-4.5438121486010274	842.7349165211265	6805
-4.5438121486010274	842.7349165211265	6822
-4.5438121486010274	842.7349165211265	6835
-4.554002975481055	844.6249958992244	6848
-4.564193802361078	846.5150752773214	6862
-4.554002975481055	844.6249958992244	6876
-4.554002975481055	844.6249958992244	6891
-4.5438121486010274	842.7349165211265	6906
-4.533621321721	840.8448371430287	6922
-4.523430494840973	838.954757764931	6939
-4.513239667960946	837.0646783868331	6956
-4.533621321721	840.8448371430287	6973
-4.554002975481055	844.6249958992244	6989
-4.584575456121133	850.2952340335171	7007
-4.615147936761215	855.9654721678104	7026
-4.615147936761215	855.9654721678104	7045
-4.615147936761215	855.9654721678104	7060
-4.59476628300116	852.1853134116147	7075
-4.564193802361078	846.5150752773214	7090
-4.513239667960946	837.0646783868331	7106
-4.431713052920731	821.9440433620515	7118
-4.289041476600357	795.4829320686836	7132
-4.044461631479713	750.1210269943386	7144
-3.606256075638562	668.8476137361374	7159
-2.903089020916717	538.4321366473964	7176
-2.2916394081151097	425.0273739615341	7193
-1.7820980641137716	330.52340505664904	7209
-1.3846558157927298	256.81030931083916	7226
-1.129885143792059	209.5583248583963	7242
-0.9260686061915244	171.7567372964424	7257
-0.7324428954710172	135.84522911258634	7276
-0.5999621460306663	111.2741971973157	7290
-0.49805387723040084	92.3734034163391	7306
-0.43690891595024084	81.032927147753	7319
-0.3961456084301318	73.47260963536182	7331
-0.3655731277900536	67.80237150106912	7344
-0.32480982026994454	60.24205398867794	7356
-0.29423733962986276	54.57181585438457	7373
-0.2534740321097573	47.011498341994056	7390
-0.2127107245896518	39.451180829603544	7407
-0.18213824394957	33.780942695310166	7424
-0.15156576330948823	28.11070456101679	7441
-0.14137493642946453	26.22062518291965	7458
-0.14137493642946453	26.22062518291965	7475
-0.13118410954943727	24.33054580482186	7493
-0.13118410954943727	24.33054580482186	7508
-0.12099328266941001	22.440466426724065	7524
-0.12099328266941001	22.440466426724065	7540
-0.12099328266941001	22.440466426724065	7553
-0.11080245578938275	20.550387048626277	7566
-0.11080245578938275	20.550387048626277	7578
-0.11080245578938275	20.550387048626277	7594
-0.11080245578938275	20.550387048626277	7610
-0.10061162890935549	18.660307670528482	7626
-0.11080245578938275	20.550387048626277	7642
-0.10061162890935549	18.660307670528482	7659
-0.11080245578938275	20.550387048626277	7678
-0.11080245578938275	20.550387048626277	7696
-0.11080245578938275	20.550387048626277	7714
-0.10061162890935549	18.660307670528482	7731
-0.10061162890935549	18.660307670528482	7745
-0.10061162890935549	18.660307670528482	7761
-0.11080245578938275	20.550387048626277	7775
-0.11080245578938275	20.550387048626277	7792
-0.11080245578938275	20.550387048626277	7808
-0.11080245578938275	20.550387048626277	7820
-0.11080245578938275	20.550387048626277	7833
-0.11080245578938275	20.550387048626277	7845
-0.11080245578938275	20.550387048626277	7858
-0.11080245578938275	20.550387048626277	7869
-0.11080245578938275	20.550387048626277	7881
-0.11080245578938275	20.550387048626277	7898
-0.11080245578938275	20.550387048626277	7909
-0.11080245578938275	20.550387048626277	7921
-0.10061162890935549	18.660307670528482	7934
-0.11080245578938275	20.550387048626277	7949
-0.11080245578938275	20.550387048626277	7963
-0.11080245578938275	20.550387048626277	7975
-0.11080245578938275	20.550387048626277	7988
-0.11080245578938275	20.550387048626277	8002
-0.11080245578938275	20.550387048626277	8014
-0.11080245578938275	20.550387048626277	8026
-0.11080245578938275	20.550387048626277	8039
-0.11080245578938275	20.550387048626277	8052
-0.11080245578938275	20.550387048626277	8064
-0.11080245578938275	20.550387048626277	8077
-0.11080245578938275	20.550387048626277	8092
-0.11080245578938275	20.550387048626277	8109
-0.11080245578938275	20.550387048626277	8125
-0.11080245578938275	20.550387048626277	8142
-0.11080245578938275	20.550387048626277	8159
-0.11080245578938275	20.550387048626277	8176
-0.11080245578938275	20.550387048626277	8192
-0.11080245578938275	20.550387048626277	8209
-0.11080245578938275	20.550387048626277	8221
-0.11080245578938275	20.550387048626277	8234
-0.12099328266941001	22.440466426724065	8247
-0.11080245578938275	20.550387048626277	8262
-0.11080245578938275	20.550387048626277	8276
-0.12099328266941001	22.440466426724065	8293
-0.11080245578938275	20.550387048626277	8310
-0.11080245578938275	20.550387048626277	8327
-0.11080245578938275	20.550387048626277	8345
-0.11080245578938275	20.550387048626277	8362
-0.11080245578938275	20.550387048626277	8379
-0.11080245578938275	20.550387048626277	8395
-0.11080245578938275	20.550387048626277	8415
-0.11080245578938275	20.550387048626277	8430
-0.11080245578938275	20.550387048626277	8445
-0.11080245578938275	20.550387048626277	8459
-0.10061162890935549	18.660307670528482	8472
-0.11080245578938275	20.550387048626277	8485
-0.10061162890935549	18.660307670528482	8497
-0.11080245578938275	20.550387048626277	8510
-0.10061162890935549	18.660307670528482	8527
-0.11080245578938275	20.550387048626277	8544
-0.10061162890935549	18.660307670528482	8562
-0.10061162890935549	18.660307670528482	8579
-0.10061162890935549	18.660307670528482	8597
-0.15156576330948823	28.11070456101679	8616
-0.3350006471499718	62.13213336677574	8632
-0.6712979341908536	124.5047528439996	8647
-1.1400759706720862	211.4484042364941	8660
-1.863624679153986	345.6440400814308	8677
-2.4546926381955387	455.2686440110975	8694
-2.9234706746767714	542.212295403592	8710
-3.290340442357735	610.2551530151093	8723
-3.6164469025185895	670.7376931142353	8737
-3.861026747639233	716.0995981885803	8750
-4.024079977719662	746.3408682381437	8764
-4.105606592759877	761.4615032629254	8779
-4.156560727160009	770.9119001534137	8794
-4.217705688440169	782.2523764219998	8806
-4.258468995960278	789.812693934391	8819
-4.278850649720329	793.5928526905859	8833
-4.258468995960278	789.812693934391	8847
-4.227896515320197	784.1424558000975	8861
-4.207514861560142	780.3622970439021	8878
-4.217705688440169	782.2523764219998	8895
-4.217705688440169	782.2523764219998	8912
-4.217705688440169	782.2523764219998	8928
-4.207514861560142	780.3622970439021	8945
-4.187133207800091	776.582138287707	8962
-4.146369900279982	769.0218207753159	8978
-4.095415765879849	759.5714238848275	8995
-4.024079977719662	746.3408682381437	9011
-3.9425533626794476	731.2202332133621	9028
-3.8508359207592058	714.2095188104826	9045
-3.7489276519589367	695.3087250295052	9062
-3.6674010369187258	680.1880900047242	9079
-3.606256075638562	668.8476137361374	9095
-3.5553019412384295	659.397216845649	9112
-3.5043478068382967	649.9468199551609	9128
-3.422821191798082	634.8261849303792	9148
-3.361676230517922	623.4857086617931	9168
-3.300531269237762	612.145232393207	9182
-3.259767961717653	604.5849148808159	9194
-3.2190046541975477	597.0245973684254	9206
-3.198623000437493	593.2444386122298	9218
-3.1782413466774386	589.4642798560341	9231
-3.1578596929173877	585.6841210998392	9246
-3.1578596929173877	585.6841210998392	9264
-3.1578596929173877	585.6841210998392	9279
-3.1680505197974114	587.5742004779364	9291
-3.1782413466774386	589.4642798560341	9304
-3.1782413466774386	589.4642798560341	9318
-3.1782413466774386	589.4642798560341	9332
-3.1782413466774386	589.4642798560341	9345
-3.198623000437493	593.2444386122298	9363
-3.229195481077575	598.9146767465231	9375
-3.290340442357735	610.2551530151093	9388
-3.361676230517922	623.4857086617931	9401
-3.4432028455581367	638.6063436865749	9415
-3.5247294605983512	653.7269787113564	9429
-3.606256075638562	668.8476137361374	9446
-3.6775918637987495	682.0781693828213	9463
-3.7183551713188585	689.6384868952125	9480
-3.738736825078913	693.4186456514082	9498
-3.7183551713188585	689.6384868952125	9516
-3.6877826906787767	683.9682487609192	9534
-3.6775918637987495	682.0781693828213	9546
-3.697973517558804	685.858328139017	9559
-3.7285459981988858	691.5285662733104	9572
-3.7489276519589367	695.3087250295052	9585
-3.7489276519589367	695.3087250295052	9600
-3.738736825078913	693.4186456514082	9616
-3.7081643444388313	687.7484075171146	9629
-3.6775918637987495	682.0781693828213	9643
-3.6470193831586712	676.4079312485286	9656
-3.6164469025185895	670.7376931142353	9668
-3.5858744218785112	665.0674549799426	9680
-3.5654927681184567	661.2872962237469	9693
-3.534920287478375	655.6170580894536	9707
-3.5043478068382967	649.9468199551609	9720
-3.4941569799582695	648.056740577063	9734
-3.483966153078242	646.1666611989654	9750
-3.483966153078242	646.1666611989654	9763
-3.483966153078242	646.1666611989654	9776
-3.473775326198215	644.2765818208675	9790
-3.473775326198215	644.2765818208675	9802
-3.473775326198215	644.2765818208675	9816
-3.4941569799582695	648.056740577063	9831
-3.5247294605983512	653.7269787113564	9847
-3.545111114358402	657.5071374675514	9864
-3.5553019412384295	659.397216845649	9881
-3.5654927681184567	661.2872962237469	9898
-3.5858744218785112	665.0674549799426	9915
-3.606256075638562	668.8476137361374	9933
-3.6470193831586712	676.4079312485286	9948
-3.6775918637987495	682.0781693828213	9965
-3.7183551713188585	689.6384868952125	9983
-3.7489276519589367	695.3087250295052	9999
-3.7693093057189913	699.0888837857008	10014
-3.759118478838964	697.198804407603	10026
-3.7489276519589367	695.3087250295052	10038
-3.7285459981988858	691.5285662733104	10050
-3.7183551713188585	689.6384868952125	10064
-3.7183551713188585	689.6384868952125	10076
-3.7183551713188585	689.6384868952125	10090
-3.7081643444388313	687.7484075171146	10101
-3.697973517558804	685.858328139017	10115
-3.6775918637987495	682.0781693828213	10131
-3.6470193831586712	676.4079312485286	10148
-3.6164469025185895	670.7376931142353	10166
-3.5858744218785112	665.0674549799426	10187
-3.5654927681184567	661.2872962237469	10202
-3.545111114358402	657.5071374675514	10217
-3.5247294605983512	653.7269787113564	10231
-3.5043478068382967	649.9468199551609	10248
-3.4941569799582695	648.056740577063	10261
-3.483966153078242	646.1666611989654	10273
-3.4941569799582695	648.056740577063	10286
-3.5043478068382967	649.9468199551609	10298
-3.5043478068382967	649.9468199551609	10315
-3.5043478068382967	649.9468199551609	10332
-3.5043478068382967	649.9468199551609	10349
-3.514538633718324	651.8368993332587	10365
-3.534920287478375	655.6170580894536	10382
-3.5654927681184567	661.2872962237469	10399
-3.575683594998484	663.1773756018448	10416
-3.5654927681184567	661.2872962237469	10434
-3.5553019412384295	659.397216845649	10451
-3.534920287478375	655.6170580894536	10467
-3.5043478068382967	649.9468199551609	10482
-3.4635844993181877	642.3865024427698	10495
-3.4024395380380277	631.0460261741837	10509
-3.300531269237762	612.145232393207	10522
-3.1476688660373604	583.7940417217415	10535
-2.8317532327565296	525.2015810007125	10550
-2.4139293306754332	447.708326498707	10566
-1.9247696404341461	356.98451635001686	10583
-1.5069457383530498	279.49126184801133	10600
-1.1808392781921917	219.0087217488846	10617
-0.9362594330715517	173.64681667454022	10633
-0.7426337223510409	137.73530849068348	10655
-0.6203437997907209	115.05435595351129	10668
-0.5184355309904518	96.15356217253402	10685
-0.44709974283026455	82.92300652585014	10700
-0.38595478155010454	71.58253025726404	10713
-0.34519147402999906	64.02221274487353	10726
-0.29423733962986276	54.57181585438457	10739
-0.26366485898978453	48.901577720091844	10753
-0.24328320522973002	45.12141896389626	10769
-0.2229015514696755	41.34126020770067	10785
-0.19232907082959727	35.671022073407954	10800
-0.19232907082959727	35.671022073407954	10817
-0.18213824394957	33.780942695310166	10833
-0.18213824394957	33.780942695310166	10850
-0.18213824394957	33.780942695310166	10866
-0.18213824394957	33.780942695310166	10883
-0.18213824394957	33.780942695310166	10900
-0.18213824394957	33.780942695310166	10917
-0.19232907082959727	35.671022073407954	10934
-0.19232907082959727	35.671022073407954	10951
-0.20251989770962453	37.56110145150575	10968
-0.2127107245896518	39.451180829603544	10986
-0.2229015514696755	41.34126020770067	11004
-0.2229015514696755	41.34126020770067	11020
-0.2229015514696755	41.34126020770067	11036
-0.2229015514696755	41.34126020770067	11051
-0.23309237834970276	43.231339585798466	11068
-0.2229015514696755	41.34126020770067	11084
-0.2229015514696755	41.34126020770067	11101
-0.2229015514696755	41.34126020770067	11118
-0.2229015514696755	41.34126020770067	11135
-0.2229015514696755	41.34126020770067	11152
-0.2229015514696755	41.34126020770067	11168
-0.2127107245896518	39.451180829603544	11186
-0.2127107245896518	39.451180829603544	11203
-0.20251989770962453	37.56110145150575	11221
-0.19232907082959727	35.671022073407954	11237
-0.18213824394957	33.780942695310166	11251
-0.18213824394957	33.780942695310166	11270
-0.17194741706954275	31.89086331721237	11285
-0.1617565901895155	30.00078393911458	11297
-0.1617565901895155	30.00078393911458	11310
-0.1617565901895155	30.00078393911458	11324
-0.15156576330948823	28.11070456101679	11337
-0.15156576330948823	28.11070456101679	11353
-0.15156576330948823	28.11070456101679	11368
-0.15156576330948823	28.11070456101679	11385
-0.15156576330948823	28.11070456101679	11403
-0.15156576330948823	28.11070456101679	11422
-0.15156576330948823	28.11070456101679	11441
-0.1617565901895155	30.00078393911458	11457
-0.1617565901895155	30.00078393911458	11474
-0.1617565901895155	30.00078393911458	11492
-0.1617565901895155	30.00078393911458	11507
-0.1617565901895155	30.00078393911458	11522
-0.1617565901895155	30.00078393911458	11535
-0.1617565901895155	30.00078393911458	11552
-0.1617565901895155	30.00078393911458	11569
-0.1617565901895155	30.00078393911458	11586
-0.1617565901895155	30.00078393911458	11603
-0.1617565901895155	30.00078393911458	11619
-0.17194741706954275	31.89086331721237	11636
-0.17194741706954275	31.89086331721237	11652
-0.17194741706954275	31.89086331721237	11669
-0.17194741706954275	31.89086331721237	11686
-0.17194741706954275	31.89086331721237	11705
-0.17194741706954275	31.89086331721237	11723
-0.1617565901895155	30.00078393911458	11737
-0.1617565901895155	30.00078393911458	11752
-0.15156576330948823	28.11070456101679	11768
-0.15156576330948823	28.11070456101679	11781
-0.15156576330948823	28.11070456101679	11792
-0.15156576330948823	28.11070456101679	11805
-0.15156576330948823	28.11070456101679	11819
-0.15156576330948823	28.11070456101679	11836
-0.1617565901895155	30.00078393911458	11853
-0.19232907082959727	35.671022073407954	11869
-0.30442816650989	56.461895232482355	11886
-0.5082447041104281	94.2634827944369	11903
-0.6916795879509081	128.2849116001952	11920
-0.7935878567511772	147.18570538117245	11939
-0.8547328180313372	158.52618164975854	11956
-0.9464502599515789	175.536896052638	11972
-1.170648451312168	217.11864237078746	11987
-1.578281526513237	292.72181749469524	12004
-2.087822870514575	387.2257863995803	12022
-2.689081656436155	498.74046970734474	12037
-3.422821191798082	634.8261849303792	12054
-4.013889150839635	744.4507888600459	12071
-4.47247636044084	829.5043608744427	12087
-4.798582820601695	889.9869009735687	12104
-4.982017704442178	924.0083297793276	12120
-5.124689280762553	950.4694410726955	12137
-5.267360857082927	976.9305523660632	12153
-5.37945995276322	997.7214255251376	12167
-5.501749875323544	1020.4023780623103	12179
-5.613848971003836	1041.1932512213848	12192
-5.715757239804105	1060.094045002362	12205
-5.8380471623644254	1082.7749975395343	12220
-5.950146258044722	1103.5658706986096	12237
-6.021482046204909	1116.7964263452932	12249
-6.072436180605042	1126.2468232357817	12263
-6.0622453537250145	1124.3567438576838	12276
-6.011291219324882	1114.9063469671955	12290
-5.91957377740464	1097.895632564316	12306
-5.827856335484398	1080.8849181614364	12323
-5.746329720444184	1065.764283136655	12339
-5.695375586044051	1056.3138862461665	12356
-5.654612278523945	1048.753568733776	12371
-5.613848971003836	1041.1932512213848	12388
-5.532322355963622	1026.0726161966031	12405
-5.44060491404338	1009.0619017937238	12423
-5.338696645243115	990.1611080127471	12439
-5.226597549562818	969.3702348536722	12456
-5.104307627002498	946.6892823164998	12473
-4.9922085313222055	925.8984091574255	12489
-4.859727781881855	901.3273772421547	12506
-4.7680103399616165	884.316662839276	12525
-4.71705620556148	874.8662659487869	12543
-4.676292898041375	867.3059484363964	12561
-4.65591124428132	863.5257896802009	12577
-4.635529590521266	859.7456309240054	12591
-4.615147936761215	855.9654721678104	12606
-4.564193802361078	846.5150752773214	12621
-4.503048841080918	835.1745990087352	12638
-4.47247636044084	829.5043608744427	12655
-4.431713052920731	821.9440433620515	12676
-4.390949745400626	814.383725849661	12693
-4.360377264760544	808.7134877153675	12709
-4.329804784120466	803.0432495810747	12722
-4.319613957240438	801.1531702029771	12739
-4.350186437880517	806.8234083372696	12756
-4.421522226040704	820.0539639839537	12772
-4.503048841080918	835.1745990087352	12789
-4.564193802361078	846.5150752773214	12806
-4.635529590521266	859.7456309240054	12822
-4.686483724921402	869.1960278144943	12839
-4.747628686201562	880.5365040830803	12856
-4.7680103399616165	884.316662839276	12872
-4.7680103399616165	884.316662839276	12889
-4.808773647481722	891.8769803516665	12906
-4.880109435641909	905.1075359983504	12923
-4.931063570042042	914.5579328888385	12940
-4.920872743162018	912.6678535107416	12957
-4.869918608761882	903.2174566202525	12974
-4.8291553012417765	895.657139107862	12991
-4.77820116684164	886.2067422173731	13006
-4.7272470324415075	876.7563453268848	13023
-4.686483724921402	869.1960278144943	13035
-4.645720417401293	861.6357103021031	13048
-4.6049571098811874	854.0753927897126	13061
-4.574384629241106	848.4051546554192	13073
-4.554002975481055	844.6249958992244	13085
-4.5438121486010274	842.7349165211265	13099
-4.554002975481055	844.6249958992244	13112
-4.564193802361078	846.5150752773214	13126
-4.584575456121133	850.2952340335171	13139
-4.584575456121133	850.2952340335171	13152
-4.584575456121133	850.2952340335171	13165
-4.554002975481055	844.6249958992244	13176
-4.533621321721	840.8448371430287	13190
-4.533621321721	840.8448371430287	13207
-4.5438121486010274	842.7349165211265	13223
-4.59476628300116	852.1853134116147	13240
-4.645720417401293	861.6357103021031	13257
-4.706865378681453	872.9761865706892	13273
-4.747628686201562	880.5365040830803	13286
-4.7883919937216675	888.0968215954709	13299
-4.818964474361749	893.7670597297642	13312
-4.839346128121804	897.5472184859599	13327
-4.839346128121804	897.5472184859599	13342
-4.8291553012417765	895.657139107862	13358
-4.798582820601695	889.9869009735687	13376
-4.798582820601695	889.9869009735687	13394
-4.839346128121804	897.5472184859599	13411
-4.910681916281991	910.7777741326437	13429
-4.931063570042042	914.5579328888385	13445
-4.900491089401964	908.8876947545459	13461
-4.8495369550018275	899.4372978640571	13477
-4.808773647481722	891.8769803516665	13493
-4.737437859321535	878.6464247049827	13511
-4.686483724921402	869.1960278144943	13524
-4.635529590521266	859.7456309240054	13537
-4.615147936761215	855.9654721678104	13550
-4.6049571098811874	854.0753927897126	13563
-4.645720417401293	861.6357103021031	13578
-4.706865378681453	872.9761865706892	13594
-4.757819513081589	882.4265834611781	13610
-4.77820116684164	886.2067422173731	13627
-4.7680103399616165	884.316662839276	13642
-4.747628686201562	880.5365040830803	13658
-4.706865378681453	872.9761865706892	13674
-4.6661020711613475	865.4158690582987	13691
-4.635529590521266	859.7456309240054	13709
-4.65591124428132	863.5257896802009	13725
-4.696674551801429	871.0861071925921	13742
-4.7272470324415075	876.7563453268848	13755
-4.747628686201562	880.5365040830803	13767
-4.77820116684164	886.2067422173731	13779
-4.808773647481722	891.8769803516665	13792
-4.859727781881855	901.3273772421547	13808
-4.880109435641909	905.1075359983504	13825
-4.869918608761882	903.2174566202525	13842
-4.839346128121804	897.5472184859599	13859
-4.839346128121804	897.5472184859599	13875
-4.8495369550018275	899.4372978640571	13888
-4.8903002625219365	906.9976153764483	13902
-4.931063570042042	914.5579328888385	13916
-4.9514452238020965	918.3380916450343	13928
-4.9514452238020965	918.3380916450343	13944
-4.941254396922069	916.4480122669364	13961
-4.920872743162018	912.6678535107416	13976
-4.8903002625219365	906.9976153764483	13992
-4.8495369550018275	899.4372978640571	14009
-4.808773647481722	891.8769803516665	14025
-4.77820116684164	886.2067422173731	14038
-4.7680103399616165	884.316662839276	14052
-4.757819513081589	882.4265834611781	14065
-4.7883919937216675	888.0968215954709	14077
-4.808773647481722	891.8769803516665	14092
-4.839346128121804	897.5472184859599	14105
-4.859727781881855	901.3273772421547	14120
-4.859727781881855	901.3273772421547	14133
-4.839346128121804	897.5472184859599	14145
-4.808773647481722	891.8769803516665	14159
-4.77820116684164	886.2067422173731	14171
-4.747628686201562	880.5365040830803	14186
-4.7272470324415075	876.7563453268848	14198
-4.7272470324415075	876.7563453268848	14209
-4.737437859321535	878.6464247049827	14221
-4.757819513081589	882.4265834611781	14234
-4.77820116684164	886.2067422173731	14248
-4.798582820601695	889.9869009735687	14263
-4.839346128121804	897.5472184859599	14279
-4.900491089401964	908.8876947545459	14295
-4.941254396922069	916.4480122669364	14310
-4.931063570042042	914.5579328888385	14327
-4.910681916281991	910.7777741326437	14344
-4.910681916281991	910.7777741326437	14362
-4.920872743162018	912.6678535107416	14379
-4.931063570042042	914.5579328888385	14393
-4.941254396922069	916.4480122669364	14410
-4.941254396922069	916.4480122669364	14428
-4.941254396922069	916.4480122669364	14448
-4.941254396922069	916.4480122669364	14461
-4.9514452238020965	918.3380916450343	14473
-4.961636050682124	920.2281710231321	14485
-4.961636050682124	920.2281710231321	14498
-4.941254396922069	916.4480122669364	14510
-4.920872743162018	912.6678535107416	14522
-4.900491089401964	908.8876947545459	14535
-4.8903002625219365	906.9976153764483	14548
-4.8903002625219365	906.9976153764483	14563
-4.910681916281991	910.7777741326437	14578
-4.931063570042042	914.5579328888385	14594
-4.941254396922069	916.4480122669364	14611
-4.9514452238020965	918.3380916450343	14628
-4.961636050682124	920.2281710231321	14645
-4.971826877562151	922.1182504012297	14663
-4.971826877562151	922.1182504012297	14681
-4.9514452238020965	918.3380916450343	14697
-4.941254396922069	916.4480122669364	14711
-4.920872743162018	912.6678535107416	14723
-4.8903002625219365	906.9976153764483	14736
-4.839346128121804	897.5472184859599	14749
-4.77820116684164	886.2067422173731	14760
-4.6661020711613475	865.4158690582987	14773
-4.482667187320864	831.3944402525398	14785
-4.227896515320197	784.1424558000975	14799
-3.738736825078913	693.4186456514082	14813
-3.2190046541975477	597.0245973684254	14828
-2.5973642145159133	481.72975530446524	14845
-2.0470595629944697	379.6654688871897	14862
-1.5986631802732916	296.5019762508908	14879
-1.2827475469924607	237.9095155298619	14897
-1.0483585287518444	194.43768983361463	14914
-0.8751144717913917	162.30634040595413	14931
-0.7528245492310681	139.62538786878125	14952
-0.7018704148309354	130.17499097829298	14965
-0.6611071073108263	122.6146734659018	14978
-0.6407254535507754	118.83451470970687	14990
-0.5999621460306663	111.2741971973157	15002
-0.5693896653905881	105.603959063023	15016
-0.5286263578704791	98.04364155063182	15030
-0.49805387723040084	92.3734034163391	15042
-0.46748139659031906	86.70316528204572	15054
-0.43690891595024084	81.032927147753	15067
-0.4267180890702136	79.1428477696552	15082
-0.4165272621901863	77.25276839155741	15095
-0.40633643531015906	75.36268901345962	15109
-0.3961456084301318	73.47260963536182	15122
-0.38595478155010454	71.58253025726404	15134
-0.38595478155010454	71.58253025726404	15148
-0.3757639546700773	69.69245087916624	15162
-0.3655731277900536	67.80237150106912	15179
-0.3655731277900536	67.80237150106912	15196
-0.3553823009100263	65.91229212297132	15212
-0.3553823009100263	65.91229212297132	15229
-0.34519147402999906	64.02221274487353	15245
-0.32480982026994454	60.24205398867794	15263
-0.30442816650989	56.461895232482355	15279
-0.2738556858698118	50.791657098189646	15299
-0.24328320522973002	45.12141896389626	15318
-0.2127107245896518	39.451180829603544	15335
-0.18213824394957	33.780942695310166	15350
-0.15156576330948823	28.11070456101679	15364
-0.13118410954943727	24.33054580482186	15380
-0.11080245578938275	20.550387048626277	15397
-0.10061162890935549	18.660307670528482	15413
-0.10061162890935549	18.660307670528482	15430
-0.10061162890935549	18.660307670528482	15446
-0.09042080202932823	16.77022829243069	15463
-0.08022997514930097	14.8801489143329	15480
-0.08022997514930097	14.8801489143329	15497
-0.08022997514930097	14.8801489143329	15514
-0.08022997514930097	14.8801489143329	15532
-0.08022997514930097	14.8801489143329	15549
-0.08022997514930097	14.8801489143329	15567
-0.08022997514930097	14.8801489143329	15585
-0.08022997514930097	14.8801489143329	15601
-0.09042080202932823	16.77022829243069	15616
-0.09042080202932823	16.77022829243069	15633
-0.09042080202932823	16.77022829243069	15650
-0.09042080202932823	16.77022829243069	15666
-0.10061162890935549	18.660307670528482	15683
-0.10061162890935549	18.660307670528482	15701
-0.10061162890935549	18.660307670528482	15717
-0.11080245578938275	20.550387048626277	15733
-0.10061162890935549	18.660307670528482	15748
-0.10061162890935549	18.660307670528482	15764
-0.10061162890935549	18.660307670528482	15782
-0.10061162890935549	18.660307670528482	15797
-0.11080245578938275	20.550387048626277	15814
-0.11080245578938275	20.550387048626277	15834
-0.11080245578938275	20.550387048626277	15848
-0.11080245578938275	20.550387048626277	15860
-0.11080245578938275	20.550387048626277	15872
-0.11080245578938275	20.550387048626277	15885
-0.11080245578938275	20.550387048626277	15897
-0.12099328266941001	22.440466426724065	15910
-0.12099328266941001	22.440466426724065	15924
-0.12099328266941001	22.440466426724065	15937
-0.13118410954943727	24.33054580482186	15951
-0.12099328266941001	22.440466426724065	15966
-0.13118410954943727	24.33054580482186	15981
-0.13118410954943727	24.33054580482186	15998
-0.13118410954943727	24.33054580482186	16015
-0.13118410954943727	24.33054580482186	16031
-0.15156576330948823	28.11070456101679	16048
-0.19232907082959727	35.671022073407954	16060
-0.2738556858698118	50.791657098189646	16073
-0.3757639546700773	69.69245087916624	16086
-0.46748139659031906	86.70316528204572	16101
-0.5286263578704791	98.04364155063182	16117
-0.5490080116305336	101.8238003068274	16133
-0.5490080116305336	101.8238003068274	16148
-0.5388171847505063	99.93372092872961	16165
-0.5897713191506391	109.3841178192179	16183
-0.7324428954710172	135.84522911258634	16200
-0.9566410868316026	177.42697543073515	16217
-1.2419842394723553	230.34919801747137	16235
-1.578281526513237	292.72181749469524	16251
-1.9757237748342824	366.43491324050586	16267
-2.362975196275297	438.257929608218	16283
-2.6585091757960733	493.07023157305133	16299
-2.811371578996475	521.4214222445169	16315
-2.801180752116448	519.5313428664191	16337
-2.7298449639562605	506.3007872197353	16350
-2.6585091757960733	493.07023157305133	16365
-2.6585091757960733	493.07023157305133	16383
-2.7706082714763696	513.8611047321265	16399
-2.9336615015567986	544.1023747816898	16412
-3.1170963853972786	578.123803587448	16426
-3.259767961717653	604.5849148808159	16439
-3.361676230517922	623.4857086617931	16452
-3.473775326198215	644.2765818208675	16466
-3.5654927681184567	661.2872962237469	16483
-3.6470193831586712	676.4079312485286	16500
-3.6572102100386985	678.2980106266265	16516
-3.575683594998484	663.1773756018448	16534
-3.4432028455581367	638.6063436865749	16550
-3.188432173557466	591.354359234132	16566
-2.9336615015567986	544.1023747816898	16584
-2.8317532327565296	525.2015810007125	16600
-2.8928981940366896	536.5420572692987	16618
-3.086523904757197	572.4535654531546	16634
-3.4024395380380277	631.0460261741837	16651
-3.799881786359073	704.7591219199942	16667
-4.166751554040037	772.8019795315115	16680
-4.574384629241106	848.4051546554192	16693
-4.910681916281991	910.7777741326437	16705
-5.236788376442846	971.2603142317698	16716
-5.481368221563489	1016.6222193061149	16728
-5.674993932283996	1052.533727489971	16740
-5.8380471623644254	1082.7749975395343	16753
-6.021482046204909	1116.7964263452932	16766
-6.153962795645256	1141.3674582605634	16778
-6.266061891325549	1162.1583314196375	16789
-6.378160987005845	1182.9492045787129	16801
-6.480069255806111	1201.8499983596892	16813
-6.592168351486407	1222.6408715187645	16825
-6.673694966526622	1237.761506543546	16837
-6.724649100926754	1247.2119034340344	16850
-6.755221581566836	1252.8821415683276	16862
-6.785794062206914	1258.5523797026203	16874
-6.836748196607047	1268.0027765931088	16886
-6.918274811647262	1283.1234116178905	16900
-6.969228946047398	1292.5738085083792	16913
-6.999801426687476	1298.244046642672	16926
-7.030373907327558	1303.9142847769656	16938
-7.071137214847663	1311.4746022893557	16950
-7.1322821761278234	1322.8150785579421	16962
-7.193427137407987	1334.1555548265287	16974
-7.2341904449280925	1341.7158723389193	16986
-7.264762925568174	1347.3861104732125	17000
-7.2953354062082525	1353.0563486075055	17011
-7.325907886848334	1358.7265867417989	17023
-7.36667119436844	1366.2869042541893	17036
-7.4278161556486	1377.6273805227754	17050
-7.488961116928763	1388.9678567913622	17062
-7.539915251328896	1398.4182536818507	17074
-7.611251039489083	1411.6488093285343	17087
-7.662205173889216	1421.0992062190228	17102
-7.723350135169376	1432.4396824876087	17117
-7.764113442689485	1440.0	17131
-7.804876750209591	1447.5603175123904	17144
-7.835449230849672	1453.2305556466838	17158
-7.8456400577297	1455.120635024782	17171
-7.835449230849672	1453.2305556466838	17184
-7.774304269569512	1441.8900793780977	17201
-7.723350135169376	1432.4396824876087	17218
-7.682586827649271	1424.879364975218	17235
-7.682586827649271	1424.879364975218	17252
-7.702968481409325	1428.6595237314139	17269
-7.692777654529298	1426.769444353316	17288
-7.662205173889216	1421.0992062190228	17305
-7.621441866369111	1413.5388887066322	17321
-7.560296905088951	1402.198412438046	17338
-7.5195335975688415	1394.638094925655	17354
-7.468579463168709	1385.1876980351665	17369
-7.438006982528627	1379.5174599008733	17387
-7.3972436750085215	1371.9571423884827	17402
-7.315717059968307	1356.8365073637012	17419
-7.2341904449280925	1341.7158723389193	17438
-7.1322821761278234	1322.8150785579421	17455
-7.040564734207585	1305.8043641550632	17469
-6.979419772927425	1294.463887886477	17485
-6.948847292287343	1288.793649752184	17502
-6.928465638527289	1285.0134909959881	17519
-6.918274811647262	1283.1234116178905	17536
-6.877511504127156	1275.5630941054999	17552
-6.836748196607047	1268.0027765931088	17569
-6.795984889086942	1260.4424590807182	17581
-6.76541240844686	1254.7722209464248	17595
-6.745030754686809	1250.99206219023	17608
-6.724649100926754	1247.2119034340344	17622
-6.724649100926754	1247.2119034340344	17636
-6.76541240844686	1254.7722209464248	17653
-6.795984889086942	1260.4424590807182	17669
-6.857129850367102	1271.7829353493044	17686
-6.908083984767234	1281.2333322397928	17703
-6.999801426687476	1298.244046642672	17720
-7.060946387967636	1309.5845229112583	17736
-7.091518868607718	1315.2547610455515	17754
-7.142473003007851	1324.70515793604	17771
-7.203617964288011	1336.045634204626	17788
-7.264762925568174	1347.3861104732125	17805
-7.325907886848334	1358.7265867417989	17821
-7.387052848128494	1370.067063010385	17838
-7.448197809408654	1381.4075392789712	17853
-7.468579463168709	1385.1876980351665	17870
-7.448197809408654	1381.4075392789712	17883
-7.438006982528627	1379.5174599008733	17894
-7.417625328768576	1375.7373011446784	17906
-7.3972436750085215	1371.9571423884827	17920
-7.36667119436844	1366.2869042541893	17937
-7.3360987137283615	1360.6166661198968	17953
-7.254572098688147	1345.4960310951149	17970
-7.18323631052796	1332.265475448431	17987
-7.1322821761278234	1322.8150785579421	18004
-7.101709695487745	1317.1448404236494	18020
-7.071137214847663	1311.4746022893557	18037
-7.040564734207585	1305.8043641550632	18050
-6.989610599807449	1296.3539672645743	18063
-6.948847292287343	1288.793649752184	18076
-6.908083984767234	1281.2333322397928	18087
-6.877511504127156	1275.5630941054999	18100
-6.867320677247129	1273.673014727402	18114
-6.857129850367102	1271.7829353493044	18127
-6.857129850367102	1271.7829353493044	18140
-6.846939023487074	1269.8928559712067	18154
-6.836748196607047	1268.0027765931088	18166
-6.826557369727023	1266.1126972150116	18179
-6.836748196607047	1268.0027765931088	18193
-6.867320677247129	1273.673014727402	18206
-6.938656465407316	1286.903570374086	18221
-7.030373907327558	1303.9142847769656	18237
-7.101709695487745	1317.1448404236494	18250
-7.193427137407987	1334.1555548265287	18262
-7.264762925568174	1347.3861104732125	18274
-7.325907886848334	1358.7265867417989	18290
-7.3972436750085215	1371.9571423884827	18304
-7.448197809408654	1381.4075392789712	18316
-7.499151943808787	1390.8579361694594	18330
-7.539915251328896	1398.4182536818507	18343
-7.570487731968974	1404.0884918161432	18356
-7.590869385729029	1407.8686505723388	18371
-7.5806785588490015	1405.9785711942409	18384
-7.560296905088951	1402.198412438046	18396
-7.550106078208923	1400.3083330599484	18409
-7.539915251328896	1398.4182536818507	18424
-7.539915251328896	1398.4182536818507	18438
-7.5195335975688415	1394.638094925655	18449
-7.488961116928763	1388.9678567913622	18463
-7.448197809408654	1381.4075392789712	18476
-7.407434501888549	1373.8472217665806	18491
-7.376862021248467	1368.176983632287	18507
-7.3564803674884125	1364.3968248760916	18523
-7.3360987137283615	1360.6166661198968	18539
-7.315717059968307	1356.8365073637012	18552
-7.30552623308828	1354.9464279856031	18566
-7.285144579328225	1351.1662692294078	18579
-7.274953752448198	1349.2761898513097	18591
-7.254572098688147	1345.4960310951149	18605
-7.24438127180812	1343.6059517170172	18622
-7.223999618048065	1339.8257929608217	18635
-7.193427137407987	1334.1555548265287	18648
-7.152663829887878	1326.5952373141376	18660
-7.1220913492478	1320.9249991798451	18672
-7.1220913492478	1320.9249991798451	18684
-7.1220913492478	1320.9249991798451	18697
-7.1220913492478	1320.9249991798451	18709
-7.142473003007851	1324.70515793604	18725
-7.162854656767905	1328.4853166922353	18741
-7.18323631052796	1332.265475448431	18755
-7.223999618048065	1339.8257929608217	18773
-7.24438127180812	1343.6059517170172	18789
-7.274953752448198	1349.2761898513097	18806
-7.274953752448198	1349.2761898513097	18822
-7.315717059968307	1356.8365073637012	18839
-7.376862021248467	1368.176983632287	18856
-7.4583886362886815	1383.2976186570688	18880
-7.468579463168709	1385.1876980351665	18895
-7.478770290048736	1387.0777774132644	18909
-7.499151943808787	1390.8579361694594	18923
-7.5195335975688415	1394.638094925655	18935
-7.529724424448869	1396.5281743037528	18948
-7.499151943808787	1390.8579361694594	18960
-7.468579463168709	1385.1876980351665	18973
-7.438006982528627	1379.5174599008733	18985
-7.417625328768576	1375.7373011446784	18998
-7.417625328768576	1375.7373011446784	19010
-7.4278161556486	1377.6273805227754	19023
-7.438006982528627	1379.5174599008733	19036
-7.438006982528627	1379.5174599008733	19049
-7.438006982528627	1379.5174599008733	19062
-7.417625328768576	1375.7373011446784	19076
-7.36667119436844	1366.2869042541893	19092
-7.325907886848334	1358.7265867417989	19107
-7.285144579328225	1351.1662692294078	19123
-7.254572098688147	1345.4960310951149	19140
-7.24438127180812	1343.6059517170172	19153
-7.24438127180812	1343.6059517170172	19165
-7.2341904449280925	1341.7158723389193	19178
-7.213808791168038	1337.9357135827238	19191
-7.18323631052796	1332.265475448431	19208
-7.162854656767905	1328.4853166922353	19223
-7.142473003007851	1324.70515793604	19236
-7.1220913492478	1320.9249991798451	19249
-7.081328041727691	1313.3646816674539	19261
-7.030373907327558	1303.9142847769656	19273
-6.948847292287343	1288.793649752184	19284
-6.826557369727023	1266.1126972150116	19295
-6.632931659006513	1230.2011890311549	19307
-6.418924294525951	1190.5095220911032	19319
-6.204916930045389	1150.8178551510514	19332
-6.031672873084933	1118.6865057233904	19345
-5.79728385484432	1075.2146800271437	19358
-5.44060491404338	1009.0619017937238	19377
-4.9922085313222055	925.8984091574255	19391
-4.441903879800758	823.8341227401492	19403
-3.861026747639233	716.0995981885803	19416
-3.310722096117786	614.0353117713042	19427
-2.7094633101962096	502.52062846354033	19441
-2.240685273714977	415.57697707104586	19453
-1.8126705447538534	336.19364319094245	19467
-1.4661824308329443	271.9309443356208	19480
-1.2012209319522462	222.7888805050802	19494
-0.9566410868316026	177.42697543073515	19508
-0.7528245492310681	139.62538786878125	19525
-0.6203437997907209	115.05435595351129	19542
-0.5591988385105608	103.71387968492519	19558
-0.5184355309904518	96.15356217253402	19575
-0.4878630503503736	90.48332403824129	19592
-0.44709974283026455	82.92300652585014	19610
-0.40633643531015906	75.36268901345962	19628
-0.38595478155010454	71.58253025726404	19646
-0.3655731277900536	67.80237150106912	19663
-0.3655731277900536	67.80237150106912	19678
-0.3655731277900536	67.80237150106912	19694
-0.3553823009100263	65.91229212297132	19708
-0.3553823009100263	65.91229212297132	19725
-0.3553823009100263	65.91229212297132	19741
-0.3655731277900536	67.80237150106912	19754
-0.3553823009100263	65.91229212297132	19766
-0.3655731277900536	67.80237150106912	19778
-0.3655731277900536	67.80237150106912	19792
-0.3655731277900536	67.80237150106912	19805
-0.3655731277900536	67.80237150106912	19818
-0.3757639546700773	69.69245087916624	19832
-0.3757639546700773	69.69245087916624	19845
-0.3757639546700773	69.69245087916624	19861
-0.3757639546700773	69.69245087916624	19876
-0.3655731277900536	67.80237150106912	19893
-0.3553823009100263	65.91229212297132	19910
-0.3350006471499718	62.13213336677574	19927
-0.3146189933899173	58.35197461058014	19943
-0.29423733962986276	54.57181585438457	19959
-0.2738556858698118	50.791657098189646	19971
-0.2534740321097573	47.011498341994056	19985
-0.23309237834970276	43.231339585798466	19998
-0.20251989770962453	37.56110145150575	20010
-0.18213824394957	33.780942695310166	20022
-0.17194741706954275	31.89086331721237	20034
-0.15156576330948823	28.11070456101679	20047
-0.14137493642946453	26.22062518291965	20059
-0.13118410954943727	24.33054580482186	20076
-0.14137493642946453	26.22062518291965	20093
-0.14137493642946453	26.22062518291965	20106
-0.14137493642946453	26.22062518291965	20120
-0.14137493642946453	26.22062518291965	20132
-0.15156576330948823	28.11070456101679	20144
-0.15156576330948823	28.11070456101679	20159
-0.1617565901895155	30.00078393911458	20172
-0.1617565901895155	30.00078393911458	20184
-0.17194741706954275	31.89086331721237	20198
-0.17194741706954275	31.89086331721237	20213
-0.18213824394957	33.780942695310166	20226
-0.19232907082959727	35.671022073407954	20244
-0.19232907082959727	35.671022073407954	20260
-0.20251989770962453	37.56110145150575	20277
-0.2127107245896518	39.451180829603544	20294
-0.2127107245896518	39.451180829603544	20311
-0.2127107245896518	39.451180829603544	20328
-0.2127107245896518	39.451180829603544	20346
-0.2127107245896518	39.451180829603544	20363
-0.2229015514696755	41.34126020770067	20377
-0.2229015514696755	41.34126020770067	20394
-0.2229015514696755	41.34126020770067	20411
-0.2229015514696755	41.34126020770067	20427
-0.23309237834970276	43.231339585798466	20444
-0.23309237834970276	43.231339585798466	20457
-0.23309237834970276	43.231339585798466	20469
-0.24328320522973002	45.12141896389626	20482
-0.24328320522973002	45.12141896389626	20498
-0.24328320522973002	45.12141896389626	20511
-0.24328320522973002	45.12141896389626	20524
-0.24328320522973002	45.12141896389626	20537
-0.24328320522973002	45.12141896389626	20551
-0.24328320522973002	45.12141896389626	20564
-0.24328320522973002	45.12141896389626	20578
-0.23309237834970276	43.231339585798466	20590
-0.23309237834970276	43.231339585798466	20604
-0.23309237834970276	43.231339585798466	20617
-0.2229015514696755	41.34126020770067	20631
-0.2229015514696755	41.34126020770067	20644
-0.2229015514696755	41.34126020770067	20656
-0.2229015514696755	41.34126020770067	20668
-0.2229015514696755	41.34126020770067	20680
-0.2229015514696755	41.34126020770067	20695
-0.2229015514696755	41.34126020770067	20708
-0.2127107245896518	39.451180829603544	20719
-0.2127107245896518	39.451180829603544	20731
-0.20251989770962453	37.56110145150575	20744
-0.20251989770962453	37.56110145150575	20757
-0.20251989770962453	37.56110145150575	20768
-0.19232907082959727	35.671022073407954	20781
-0.19232907082959727	35.671022073407954	20794
-0.19232907082959727	35.671022073407954	20806
-0.18213824394957	33.780942695310166	20818
-0.18213824394957	33.780942695310166	20831
-0.18213824394957	33.780942695310166	20844
-0.18213824394957	33.780942695310166	20856
-0.17194741706954275	31.89086331721237	20868
-0.17194741706954275	31.89086331721237	20880
-0.1617565901895155	30.00078393911458	20894
-0.1617565901895155	30.00078393911458	20906
-0.15156576330948823	28.11070456101679	20918
-0.15156576330948823	28.11070456101679	20931
-0.15156576330948823	28.11070456101679	20945
-0.15156576330948823	28.11070456101679	20956
-0.15156576330948823	28.11070456101679	20968
-0.15156576330948823	28.11070456101679	20980
-0.14137493642946453	26.22062518291965	20995
