Digital_Input	Screen_Position_Y_axis(px)	time(ms)
766	766	9
766	766	19
766	766	27
766	766	35
766	766	44
766	766	53
766	766	61
766	766	70
766	766	79
766	766	88
766	766	96
766	766	105
766	766	114
766	766	123
766	766	131
766	766	140
766	766	149
766	766	157
766	766	166
766	766	174
766	766	183
766	766	192
766	766	200
766	766	208
767	767	217
767	767	225
767	767	234
769	769	243
776	776	252
779	779	260
781	781	269
784	784	278
784	784	287
784	784	295
784	784	304
784	784	313
784	784	322
764	764	330
756	756	339
749	749	347
737	737	356
726	726	364
722	722	372
711	711	380
707	707	389
703	703	398
700	700	406
699	699	415
699	699	424
699	699	433
699	699	442
699	699	450
699	699	458
699	699	467
699	699	476
699	699	484
699	699	493
702	702	502
704	704	510
705	705	518
707	707	527
708	708	536
709	709	544
710	710	553
710	710	562
711	711	571
711	711	580
711	711	588
711	711	596
711	711	605
711	711	613
711	711	622
711	711	630
711	711	639
711	711	648
711	711	656
711	711	665
711	711	674
711	711	683
711	711	692
711	711	701
711	711	709
711	711	718
711	711	726
711	711	735
711	711	744
711	711	753
711	711	761
711	711	770
711	711	779
711	711	787
711	711	795
711	711	804
711	711	812
711	711	820
711	711	829
711	711	838
711	711	847
711	711	855
711	711	864
711	711	872
711	711	882
711	711	891
711	711	899
711	711	908
711	711	917
711	711	926
711	711	935
711	711	944
711	711	953
711	711	962
711	711	971
711	711	980
711	711	988
711	711	996
711	711	1004
711	711	1012
711	711	1021
711	711	1029
711	711	1037
711	711	1046
711	711	1054
711	711	1063
711	711	1072
711	711	1080
711	711	1088
711	711	1096
711	711	1105
711	711	1114
711	711	1123
711	711	1132
711	711	1141
717	717	1149
736	736	1158
747	747	1167
761	761	1175
785	785	1184
822	822	1193
862	862	1201
915	915	1209
968	968	1218
1019	1019	1226
1068	1068	1235
1102	1102	1244
1126	1126	1252
1157	1157	1260
1182	1182	1269
1219	1219	1278
1226	1226	1286
1236	1236	1295
1246	1246	1303
1252	1252	1312
1255	1255	1322
1260	1260	1332
1260	1260	1341
1260	1260	1350
1260	1260	1359
1260	1260	1368
1260	1260	1377
1260	1260	1386
1260	1260	1394
1260	1260	1403
1260	1260	1412
1260	1260	1420
1260	1260	1429
1260	1260	1437
1256	1256	1446
1248	1248	1455
1238	1238	1463
1232	1232	1471
1222	1222	1480
1216	1216	1488
1210	1210	1497
1199	1199	1506
1195	1195	1515
1180	1180	1524
1171	1171	1533
1157	1157	1542
1148	1148	1551
1140	1140	1560
1137	1137	1568
1134	1134	1577
1132	1132	1586
1131	1131	1595
1131	1131	1604
1130	1130	1612
1130	1130	1621
1130	1130	1630
1130	1130	1639
1130	1130	1648
1130	1130	1656
1130	1130	1664
1130	1130	1673
1130	1130	1681
1130	1130	1690
1130	1130	1699
1130	1130	1708
1130	1130	1717
1130	1130	1726
1130	1130	1735
1130	1130	1744
1130	1130	1753
1130	1130	1762
1130	1130	1771
1130	1130	1780
1130	1130	1788
1130	1130	1797
1130	1130	1806
1130	1130	1814
1131	1131	1823
1131	1131	1832
1131	1131	1841
1131	1131	1849
1131	1131	1858
1131	1131	1866
1131	1131	1874
1131	1131	1882
1132	1132	1890
1132	1132	1899
1132	1132	1908
1132	1132	1917
1133	1133	1926
1134	1134	1935
1134	1134	1944
1134	1134	1953
1134	1134	1963
1134	1134	1971
1134	1134	1980
1134	1134	1988
1134	1134	1996
1134	1134	2004
1134	1134	2013
1134	1134	2021
1134	1134	2030
1134	1134	2038
1134	1134	2047
1134	1134	2056
1134	1134	2064
1134	1134	2073
1134	1134	2082
1134	1134	2092
1134	1134	2100
1134	1134	2109
1134	1134	2118
1134	1134	2127
1134	1134	2136
1115	1115	2145
1103	1103	2154
1082	1082	2163
1050	1050	2172
1002	1002	2180
967	967	2188
913	913	2196
843	843	2204
791	791	2213
707	707	2222
683	683	2232
666	666	2241
631	631	2249
593	593	2258
562	562	2266
541	541	2275
511	511	2284
502	502	2292
495	495	2301
489	489	2310
484	484	2319
478	478	2328
476	476	2336
473	473	2345
470	470	2354
468	468	2363
468	468	2371
468	468	2380
468	468	2389
465	465	2397
465	465	2406
462	462	2415
459	459	2424
457	457	2433
456	456	2442
456	456	2450
456	456	2459
456	456	2467
456	456	2476
456	456	2484
456	456	2493
456	456	2502
456	456	2511
456	456	2519
456	456	2527
456	456	2536
456	456	2544
456	456	2552
456	456	2561
457	457	2569
458	458	2577
461	461	2585
463	463	2594
464	464	2603
467	467	2612
468	468	2621
469	469	2629
471	471	2637
473	473	2645
476	476	2654
479	479	2663
485	485	2672
485	485	2681
491	491	2689
492	492	2698
492	492	2706
492	492	2715
492	492	2724
492	492	2733
492	492	2741
492	492	2750
492	492	2759
492	492	2767
492	492	2776
492	492	2785
492	492	2793
492	492	2802
492	492	2810
492	492	2818
492	492	2826
492	492	2835
492	492	2843
492	492	2852
492	492	2861
491	491	2870
490	490	2878
489	489	2887
488	488	2897
487	487	2905
487	487	2914
486	486	2923
486	486	2932
485	485	2940
485	485	2949
485	485	2958
485	485	2967
485	485	2976
485	485	2985
485	485	2994
485	485	3003
485	485	3011
485	485	3019
485	485	3027
485	485	3035
485	485	3043
485	485	3051
485	485	3059
485	485	3068
485	485	3077
485	485	3085
485	485	3094
485	485	3103
485	485	3112
485	485	3121
485	485	3130
485	485	3139
485	485	3147
485	485	3155
485	485	3164
486	486	3173
491	491	3181
495	495	3189
505	505	3198
520	520	3206
529	529	3215
552	552	3223
568	568	3232
592	592	3240
636	636	3249
648	648	3258
675	675	3267
679	679	3276
737	737	3285
772	772	3294
797	797	3302
801	801	3310
823	823	3319
848	848	3327
874	874	3335
896	896	3344
909	909	3352
923	923	3362
977	977	3370
997	997	3379
1008	1008	3388
1029	1029	3396
1044	1044	3404
1054	1054	3413
1060	1060	3421
1071	1071	3430
1072	1072	3439
1090	1090	3448
1097	1097	3457
1106	1106	3466
1109	1109	3475
1119	1119	3484
1122	1122	3492
1127	1127	3502
1138	1138	3510
1141	1141	3518
1142	1142	3527
1143	1143	3536
1148	1148	3544
1151	1151	3552
1157	1157	3561
1163	1163	3570
1169	1169	3578
1177	1177	3587
1183	1183	3596
1193	1193	3605
1199	1199	3614
1206	1206	3623
1213	1213	3631
1218	1218	3640
1230	1230	3649
1238	1238	3657
1256	1256	3665
1262	1262	3674
1272	1272	3683
1278	1278	3692
1284	1284	3700
1288	1288	3709
1292	1292	3717
1296	1296	3726
1302	1302	3735
1312	1312	3744
1315	1315	3753
1320	1320	3762
1325	1325	3770
1328	1328	3779
1330	1330	3788
1333	1333	3798
1334	1334	3807
1336	1336	3816
1336	1336	3825
1336	1336	3834
1336	1336	3843
1336	1336	3852
1336	1336	3860
1336	1336	3868
1336	1336	3877
1336	1336	3885
1336	1336	3894
1335	1335	3903
1334	1334	3911
1333	1333	3920
1330	1330	3929
1326	1326	3937
1324	1324	3946
1323	1323	3955
1321	1321	3963
1317	1317	3972
1317	1317	3981
1316	1316	3989
1316	1316	3998
1316	1316	4007
1316	1316	4016
1316	1316	4025
1316	1316	4035
1316	1316	4043
1316	1316	4052
1316	1316	4060
1316	1316	4069
1316	1316	4078
1316	1316	4087
1316	1316	4095
1316	1316	4104
1316	1316	4112
1316	1316	4120
1316	1316	4129
1316	1316	4138
1316	1316	4147
1316	1316	4155
1316	1316	4164
1316	1316	4173
1316	1316	4181
1316	1316	4189
1316	1316	4198
1311	1311	4207
1307	1307	4216
1300	1300	4224
1298	1298	4233
1291	1291	4241
1284	1284	4249
1273	1273	4258
1263	1263	4266
1247	1247	4275
1234	1234	4284
1228	1228	4293
1218	1218	4302
1212	1212	4310
1212	1212	4318
1203	1203	4326
1199	1199	4335
1190	1190	4344
1184	1184	4353
1183	1183	4362
1181	1181	4370
1181	1181	4379
1181	1181	4388
1181	1181	4398
1181	1181	4407
1181	1181	4416
1181	1181	4425
1181	1181	4433
1181	1181	4442
1181	1181	4450
1181	1181	4458
1181	1181	4467
1181	1181	4476
1181	1181	4485
1181	1181	4493
1181	1181	4502
1181	1181	4510
1181	1181	4519
1181	1181	4528
1181	1181	4536
1181	1181	4544
1181	1181	4553
1181	1181	4562
1181	1181	4571
1181	1181	4580
1179	1179	4589
1178	1178	4598
1178	1178	4607
1178	1178	4616
1178	1178	4624
1178	1178	4633
1178	1178	4642
1178	1178	4651
1178	1178	4659
1178	1178	4668
1178	1178	4676
1178	1178	4685
1178	1178	4694
1178	1178	4702
1178	1178	4710
1178	1178	4718
1178	1178	4726
1178	1178	4734
1178	1178	4742
1178	1178	4751
1178	1178	4760
1178	1178	4768
1178	1178	4776
1178	1178	4785
1178	1178	4793
1178	1178	4802
1178	1178	4811
1178	1178	4820
1178	1178	4828
1178	1178	4837
1178	1178	4845
1178	1178	4853
1178	1178	4861
1178	1178	4869
1178	1178	4878
1178	1178	4887
1178	1178	4896
1178	1178	4905
1178	1178	4914
1178	1178	4923
1178	1178	4931
1178	1178	4939
1178	1178	4947
1178	1178	4956
1178	1178	4965
1178	1178	4974
1178	1178	4983
1178	1178	4992
1178	1178	5000
1178	1178	5009
1178	1178	5017
