Digital_Input	Screen_Position_Y_axis(px)	time(ms)
1439	1439	8
1439	1439	16
1439	1439	25
1439	1439	33
1439	1439	42
1439	1439	50
1439	1439	58
1439	1439	66
1439	1439	74
1439	1439	82
1439	1439	90
1439	1439	98
1439	1439	106
1439	1439	115
1439	1439	123
1439	1439	132
1439	1439	140
1439	1439	148
1439	1439	156
1439	1439	164
1439	1439	172
1439	1439	180
1439	1439	189
1439	1439	197
1439	1439	206
1439	1439	215
1439	1439	223
1439	1439	232
1439	1439	240
1439	1439	249
1439	1439	257
1439	1439	265
1439	1439	273
1439	1439	282
1439	1439	290
1439	1439	299
1439	1439	307
1439	1439	315
1439	1439	323
1439	1439	331
1432	1432	339
1432	1432	348
1397	1397	357
1362	1362	365
1312	1312	373
1266	1266	382
1209	1209	390
1152	1152	398
1098	1098	407
1055	1055	415
1027	1027	423
1016	1016	432
1012	1012	440
1012	1012	448
1012	1012	457
1012	1012	465
1012	1012	474
1012	1012	482
1012	1012	490
1012	1012	498
1012	1012	506
1012	1012	514
1012	1012	522
1012	1012	530
1012	1012	538
1012	1012	546
1012	1012	555
1012	1012	563
1012	1012	572
1012	1012	581
1012	1012	590
1012	1012	598
1012	1012	607
1012	1012	615
1012	1012	624
1012	1012	632
1012	1012	640
1012	1012	648
1012	1012	657
1012	1012	665
1012	1012	673
1012	1012	682
1012	1012	690
1012	1012	699
1012	1012	707
1012	1012	715
1012	1012	723
1012	1012	731
1012	1012	739
1012	1012	747
1012	1012	755
1012	1012	763
1012	1012	772
1012	1012	781
1012	1012	790
1012	1012	798
1012	1012	806
1012	1012	814
1012	1012	822
1012	1012	830
1012	1012	838
1012	1012	846
1012	1012	855
1012	1012	863
1012	1012	872
1012	1012	880
1012	1012	889
1012	1012	897
1012	1012	905
1012	1012	914
1012	1012	922
1012	1012	930
1012	1012	938
1012	1012	946
1012	1012	955
1012	1012	964
1012	1012	972
1012	1012	981
1012	1012	989
1012	1012	997
1012	1012	1006
1012	1012	1015
1012	1012	1024
1012	1012	1032
1012	1012	1040
1012	1012	1048
1012	1012	1057
1012	1012	1065
1012	1012	1074
1012	1012	1083
1012	1012	1092
1012	1012	1101
1012	1012	1110
1012	1012	1119
1012	1012	1127
1012	1012	1135
1012	1012	1143
1012	1012	1151
1012	1012	1159
1012	1012	1168
1012	1012	1176
1012	1012	1184
1012	1012	1192
1012	1012	1200
1012	1012	1208
1012	1012	1216
1012	1012	1225
1012	1012	1233
1012	1012	1242
1012	1012	1250
1012	1012	1258
1012	1012	1266
1012	1012	1274
1012	1012	1282
1012	1012	1292
1012	1012	1301
1012	1012	1310
1012	1012	1318
1012	1012	1326
1012	1012	1334
1012	1012	1342
1012	1012	1350
1012	1012	1359
1012	1012	1368
1012	1012	1376
1012	1012	1384
1012	1012	1392
1012	1012	1401
1012	1012	1409
1012	1012	1417
1012	1012	1425
1012	1012	1433
1012	1012	1442
1012	1012	1450
1012	1012	1458
1012	1012	1466
1012	1012	1474
1012	1012	1482
1012	1012	1490
1012	1012	1498
1012	1012	1506
1012	1012	1514
1012	1012	1522
1012	1012	1530
1012	1012	1538
1012	1012	1546
1012	1012	1555
1012	1012	1564
1012	1012	1572
1012	1012	1580
1012	1012	1588
1012	1012	1596
1012	1012	1605
1012	1012	1613
1012	1012	1622
1012	1012	1630
1012	1012	1639
1012	1012	1648
1012	1012	1656
1012	1012	1665
1012	1012	1673
1012	1012	1682
1012	1012	1690
1012	1012	1698
1012	1012	1706
1012	1012	1714
1012	1012	1722
1012	1012	1730
1012	1012	1738
1012	1012	1746
1012	1012	1755
1012	1012	1763
1012	1012	1772
1012	1012	1780
1012	1012	1789
1012	1012	1798
1012	1012	1806
1012	1012	1815
1012	1012	1824
1012	1012	1833
1012	1012	1841
1012	1012	1849
1012	1012	1857
1012	1012	1865
1012	1012	1874
1012	1012	1882
1012	1012	1890
1012	1012	1898
1012	1012	1906
1012	1012	1915
1012	1012	1923
1012	1012	1931
1012	1012	1940
1012	1012	1949
1012	1012	1957
1012	1012	1965
1012	1012	1973
1012	1012	1982
1012	1012	1990
1012	1012	1998
1012	1012	2006
1012	1012	2014
1012	1012	2023
1012	1012	2032
1012	1012	2040
1012	1012	2048
1012	1012	2056
1012	1012	2065
1012	1012	2074
1012	1012	2083
1012	1012	2092
1012	1012	2101
1012	1012	2109
1012	1012	2117
1012	1012	2126
1012	1012	2135
1012	1012	2143
1012	1012	2152
1012	1012	2160
1012	1012	2168
1012	1012	2177
1012	1012	2185
1012	1012	2193
1012	1012	2201
1012	1012	2210
1012	1012	2218
1012	1012	2226
1012	1012	2234
1012	1012	2242
1012	1012	2250
1012	1012	2258
1012	1012	2266
1012	1012	2275
1012	1012	2284
1012	1012	2293
1012	1012	2302
1012	1012	2310
1012	1012	2318
1012	1012	2326
1012	1012	2335
1012	1012	2343
1012	1012	2352
1012	1012	2361
1012	1012	2369
1012	1012	2377
1012	1012	2385
1012	1012	2394
1012	1012	2402
1012	1012	2410
1012	1012	2418
1012	1012	2427
1012	1012	2435
1012	1012	2443
1012	1012	2452
1012	1012	2460
1012	1012	2468
1012	1012	2476
1012	1012	2484
1012	1012	2492
1012	1012	2500
1012	1012	2509
1012	1012	2518
1012	1012	2526
1012	1012	2534
1012	1012	2542
1012	1012	2550
1012	1012	2558
1012	1012	2566
1012	1012	2574
1012	1012	2582
1012	1012	2590
1012	1012	2598
1012	1012	2607
1012	1012	2615
1012	1012	2624
1012	1012	2632
1012	1012	2640
1012	1012	2648
1012	1012	2656
1012	1012	2664
1012	1012	2672
1012	1012	2680
1012	1012	2688
1012	1012	2697
1012	1012	2705
1012	1012	2713
1012	1012	2721
1012	1012	2730
1012	1012	2738
1012	1012	2747
1012	1012	2756
1012	1012	2764
1012	1012	2772
1012	1012	2780
1012	1012	2788
1012	1012	2797
1012	1012	2805
1012	1012	2814
1012	1012	2822
1012	1012	2830
1012	1012	2839
1012	1012	2848
1012	1012	2856
1012	1012	2864
1012	1012	2872
1012	1012	2880
1012	1012	2888
1012	1012	2897
1012	1012	2905
1012	1012	2914
1012	1012	2922
1012	1012	2930
1012	1012	2938
1012	1012	2946
1012	1012	2955
1012	1012	2964
1012	1012	2972
1012	1012	2980
1012	1012	2989
1012	1012	2998
1012	1012	3006
1012	1012	3015
1012	1012	3023
1012	1012	3031
1012	1012	3039
1012	1012	3048
1012	1012	3056
1012	1012	3065
1012	1012	3073
1012	1012	3082
1012	1012	3090
1012	1012	3098
1012	1012	3106
1012	1012	3115
1012	1012	3123
1012	1012	3131
1012	1012	3139
1012	1012	3148
1012	1012	3156
1012	1012	3165
1012	1012	3174
1012	1012	3184
1012	1012	3192
1012	1012	3200
1012	1012	3208
1012	1012	3216
1012	1012	3224
1012	1012	3232
1012	1012	3240
1012	1012	3248
1012	1012	3257
1012	1012	3265
1012	1012	3273
1012	1012	3282
1012	1012	3290
1012	1012	3298
1012	1012	3307
1012	1012	3315
1012	1012	3323
1012	1012	3332
1012	1012	3340
1012	1012	3348
1012	1012	3356
1012	1012	3365
1012	1012	3373
1012	1012	3382
1012	1012	3390
1012	1012	3398
1012	1012	3407
1012	1012	3415
1012	1012	3423
1012	1012	3432
1012	1012	3440
1012	1012	3448
1012	1012	3456
1012	1012	3464
1012	1012	3473
1012	1012	3482
1012	1012	3490
1012	1012	3498
1012	1012	3507
1012	1012	3515
1012	1012	3523
1012	1012	3532
1012	1012	3540
1012	1012	3548
1012	1012	3556
1012	1012	3565
1012	1012	3573
1012	1012	3581
1012	1012	3589
1012	1012	3598
1012	1012	3607
1012	1012	3615
1012	1012	3623
1012	1012	3632
1012	1012	3640
1012	1012	3648
1012	1012	3657
1012	1012	3665
1012	1012	3674
1012	1012	3683
1012	1012	3692
1012	1012	3700
1012	1012	3708
1012	1012	3716
1012	1012	3725
1012	1012	3733
1012	1012	3742
1012	1012	3751
1012	1012	3759
1012	1012	3767
1012	1012	3775
1012	1012	3784
1012	1012	3792
1012	1012	3800
1012	1012	3808
1012	1012	3816
1012	1012	3825
1012	1012	3834
1012	1012	3843
1012	1012	3852
1012	1012	3860
1012	1012	3868
1012	1012	3877
1012	1012	3886
1012	1012	3895
1012	1012	3903
1012	1012	3912
1012	1012	3920
1012	1012	3929
1012	1012	3937
1012	1012	3945
1012	1012	3953
1012	1012	3962
1012	1012	3970
1012	1012	3979
1012	1012	3987
1012	1012	3995
1012	1012	4003
1012	1012	4012
1012	1012	4020
1012	1012	4028
1012	1012	4037
1012	1012	4045
1012	1012	4053
1012	1012	4062
1012	1012	4070
1012	1012	4078
1012	1012	4087
1012	1012	4096
1012	1012	4105
1012	1012	4113
1012	1012	4121
1012	1012	4129
1012	1012	4138
1012	1012	4146
1012	1012	4155
1012	1012	4163
1012	1012	4172
1012	1012	4181
1012	1012	4189
1012	1012	4197
1012	1012	4205
1012	1012	4213
1012	1012	4221
1012	1012	4229
1012	1012	4238
1012	1012	4246
1012	1012	4255
1012	1012	4264
1012	1012	4272
1012	1012	4280
1012	1012	4288
1012	1012	4296
1012	1012	4305
1012	1012	4313
1012	1012	4322
1012	1012	4330
1012	1012	4338
1012	1012	4347
1012	1012	4355
1012	1012	4363
1012	1012	4371
1012	1012	4379
1012	1012	4387
1012	1012	4395
1012	1012	4403
1012	1012	4412
1012	1012	4420
1012	1012	4428
1012	1012	4437
1012	1012	4445
1012	1012	4453
1012	1012	4462
1012	1012	4471
1012	1012	4479
1012	1012	4487
1012	1012	4495
1012	1012	4504
1012	1012	4513
1012	1012	4522
1012	1012	4532
1012	1012	4540
1012	1012	4548
1012	1012	4556
1012	1012	4565
1012	1012	4574
1012	1012	4584
1012	1012	4593
1012	1012	4602
1012	1012	4610
1012	1012	4618
1012	1012	4627
1012	1012	4635
1012	1012	4643
1012	1012	4652
1012	1012	4660
1012	1012	4668
1012	1012	4677
1012	1012	4685
1012	1012	4694
1012	1012	4702
1012	1012	4710
1012	1012	4718
1012	1012	4726
1012	1012	4734
1012	1012	4742
1012	1012	4751
1012	1012	4760
1012	1012	4768
1012	1012	4777
1012	1012	4785
1012	1012	4793
1012	1012	4802
1012	1012	4810
1012	1012	4818
1012	1012	4826
1012	1012	4835
1012	1012	4843
1012	1012	4852
1012	1012	4860
1012	1012	4868
1012	1012	4876
1012	1012	4884
1012	1012	4892
1012	1012	4900
1012	1012	4908
1012	1012	4916
1012	1012	4924
1012	1012	4932
1012	1012	4940
1012	1012	4949
1012	1012	4957
1012	1012	4966
1012	1012	4975
1012	1012	4983
1012	1012	4992
1012	1012	5000
1012	1012	5009
1012	1012	5017
1012	1012	5025
1012	1012	5033
1012	1012	5042
1439	1439	5050
1439	1439	5059
1439	1439	5068
1439	1439	5076
1439	1439	5084
1439	1439	5092
1439	1439	5100
1439	1439	5109
1439	1439	5118
1439	1439	5126
1439	1439	5134
1439	1439	5142
1439	1439	5151
1439	1439	5159
1439	1439	5167
1439	1439	5176
1439	1439	5184
1439	1439	5192
1439	1439	5200
1439	1439	5208
1439	1439	5216
1439	1439	5224
1439	1439	5233
1439	1439	5241
1439	1439	5249
1439	1439	5257
1439	1439	5266
1439	1439	5274
1439	1439	5283
1439	1439	5292
1438	1438	5301
1434	1434	5309
1428	1428	5318
1421	1421	5326
1412	1412	5334
1403	1403	5342
1389	1389	5351
1375	1375	5359
1357	1357	5367
1334	1334	5376
1304	1304	5384
1277	1277	5392
1247	1247	5401
1212	1212	5409
1179	1179	5417
1143	1143	5426
1103	1103	5434
1040	1040	5442
1040	1040	5451
1010	1010	5459
953	953	5467
953	953	5476
911	911	5484
911	911	5493
897	897	5501
873	873	5509
864	864	5517
857	857	5526
850	850	5534
850	850	5542
840	840	5551
837	837	5559
834	834	5567
829	829	5576
821	821	5584
813	813	5592
799	799	5600
787	787	5609
775	775	5618
764	764	5626
757	757	5634
750	750	5642
742	742	5651
738	738	5659
732	732	5667
724	724	5676
718	718	5684
713	713	5692
708	708	5700
703	703	5709
700	700	5717
697	697	5726
697	697	5734
697	697	5742
693	693	5750
693	693	5759
689	689	5768
686	686	5776
686	686	5784
685	685	5793
684	684	5801
684	684	5809
683	683	5818
683	683	5826
683	683	5835
683	683	5843
683	683	5851
683	683	5859
683	683	5867
683	683	5876
683	683	5884
683	683	5893
683	683	5901
683	683	5909
683	683	5917
683	683	5926
683	683	5934
683	683	5943
683	683	5951
683	683	5959
683	683	5968
683	683	5976
683	683	5984
683	683	5992
683	683	6000
683	683	6009
683	683	6018
683	683	6026
683	683	6034
683	683	6042
683	683	6050
683	683	6059
683	683	6067
683	683	6076
683	683	6085
683	683	6093
683	683	6101
683	683	6109
683	683	6118
683	683	6126
683	683	6134
683	683	6142
683	683	6150
683	683	6158
683	683	6166
684	684	6174
684	684	6182
684	684	6190
685	685	6198
685	685	6206
686	686	6214
686	686	6222
686	686	6230
686	686	6238
686	686	6246
686	686	6255
686	686	6264
686	686	6273
686	686	6281
686	686	6289
686	686	6298
686	686	6306
686	686	6314
686	686	6322
686	686	6330
686	686	6338
686	686	6346
686	686	6355
686	686	6363
686	686	6371
686	686	6379
686	686	6387
686	686	6395
686	686	6403
686	686	6411
686	686	6419
686	686	6427
686	686	6436
686	686	6444
686	686	6452
686	686	6461
686	686	6469
686	686	6477
686	686	6485
686	686	6493
686	686	6502
686	686	6511
686	686	6519
686	686	6527
686	686	6536
686	686	6544
686	686	6553
686	686	6561
686	686	6569
686	686	6578
686	686	6586
686	686	6595
686	686	6603
686	686	6611
686	686	6619
686	686	6627
686	686	6636
686	686	6644
686	686	6652
686	686	6660
686	686	6669
686	686	6677
686	686	6686
686	686	6694
686	686	6702
686	686	6710
686	686	6719
686	686	6728
686	686	6737
686	686	6747
686	686	6756
686	686	6765
686	686	6773
686	686	6781
686	686	6789
686	686	6797
686	686	6806
686	686	6814
686	686	6822
686	686	6831
686	686	6840
686	686	6848
686	686	6856
686	686	6864
686	686	6872
686	686	6881
686	686	6890
686	686	6898
686	686	6907
686	686	6916
686	686	6925
686	686	6933
686	686	6941
686	686	6950
686	686	6959
686	686	6968
686	686	6976
686	686	6984
686	686	6993
686	686	7002
686	686	7010
686	686	7018
686	686	7026
686	686	7034
686	686	7042
686	686	7050
686	686	7058
686	686	7066
686	686	7074
686	686	7082
686	686	7090
686	686	7099
686	686	7107
686	686	7116
686	686	7125
686	686	7133
686	686	7141
686	686	7150
686	686	7159
686	686	7168
686	686	7176
686	686	7184
686	686	7192
686	686	7201
686	686	7209
686	686	7217
686	686	7226
686	686	7234
686	686	7242
686	686	7250
686	686	7258
686	686	7266
686	686	7274
686	686	7282
686	686	7291
686	686	7299
686	686	7307
686	686	7316
686	686	7324
686	686	7332
686	686	7340
686	686	7349
686	686	7358
686	686	7366
686	686	7375
686	686	7383
686	686	7391
686	686	7399
686	686	7408
686	686	7416
686	686	7424
686	686	7432
686	686	7440
686	686	7449
686	686	7457
686	686	7466
686	686	7474
686	686	7482
686	686	7491
686	686	7499
686	686	7507
686	686	7516
686	686	7524
686	686	7532
686	686	7540
686	686	7549
686	686	7558
686	686	7566
686	686	7574
686	686	7582
686	686	7590
686	686	7599
686	686	7608
686	686	7616
686	686	7624
686	686	7633
686	686	7642
686	686	7650
686	686	7658
686	686	7666
686	686	7675
686	686	7683
686	686	7692
686	686	7700
686	686	7708
686	686	7716
686	686	7726
686	686	7734
686	686	7742
686	686	7750
686	686	7758
686	686	7766
686	686	7774
686	686	7782
686	686	7790
686	686	7799
686	686	7808
686	686	7816
686	686	7824
686	686	7832
686	686	7840
686	686	7848
686	686	7856
686	686	7864
686	686	7872
686	686	7880
686	686	7888
686	686	7896
686	686	7904
686	686	7912
686	686	7920
686	686	7929
686	686	7938
686	686	7947
686	686	7956
686	686	7964
686	686	7972
686	686	7980
686	686	7988
686	686	7997
686	686	8005
686	686	8013
686	686	8022
686	686	8030
686	686	8038
686	686	8046
686	686	8054
686	686	8063
686	686	8071
686	686	8079
686	686	8088
686	686	8096
686	686	8104
686	686	8112
686	686	8121
686	686	8129
686	686	8137
686	686	8146
686	686	8154
686	686	8162
686	686	8171
686	686	8180
686	686	8189
686	686	8197
686	686	8206
686	686	8215
686	686	8223
686	686	8231
686	686	8240
686	686	8249
686	686	8257
686	686	8266
686	686	8275
686	686	8283
686	686	8291
686	686	8299
686	686	8307
686	686	8316
686	686	8325
686	686	8333
686	686	8341
686	686	8349
686	686	8358
686	686	8366
686	686	8374
686	686	8382
686	686	8391
686	686	8399
686	686	8407
686	686	8416
686	686	8424
686	686	8432
686	686	8440
686	686	8448
686	686	8457
686	686	8466
686	686	8474
686	686	8482
686	686	8490
686	686	8499
686	686	8508
686	686	8516
686	686	8524
686	686	8532
686	686	8540
686	686	8549
686	686	8558
686	686	8566
686	686	8574
686	686	8582
686	686	8590
686	686	8599
686	686	8607
686	686	8615
686	686	8623
686	686	8632
686	686	8640
686	686	8649
686	686	8658
686	686	8666
686	686	8676
686	686	8684
686	686	8692
686	686	8700
686	686	8708
686	686	8716
686	686	8724
686	686	8732
686	686	8740
686	686	8749
686	686	8757
686	686	8766
686	686	8774
686	686	8783
686	686	8792
686	686	8800
686	686	8809
686	686	8818
686	686	8826
686	686	8834
686	686	8842
686	686	8850
686	686	8858
686	686	8866
686	686	8874
686	686	8882
686	686	8890
686	686	8899
686	686	8907
686	686	8916
686	686	8924
686	686	8933
686	686	8941
686	686	8949
686	686	8957
686	686	8966
686	686	8974
686	686	8983
686	686	8992
686	686	9000
686	686	9009
686	686	9017
686	686	9026
686	686	9035
686	686	9043
686	686	9051
686	686	9059
686	686	9067
686	686	9076
686	686	9084
686	686	9092
686	686	9100
686	686	9108
686	686	9116
686	686	9124
686	686	9132
686	686	9140
686	686	9149
686	686	9158
686	686	9167
686	686	9176
686	686	9184
686	686	9192
686	686	9200
686	686	9208
686	686	9216
686	686	9224
686	686	9232
686	686	9241
686	686	9249
686	686	9257
686	686	9266
686	686	9274
686	686	9282
686	686	9291
686	686	9299
686	686	9308
686	686	9316
686	686	9324
686	686	9332
686	686	9340
686	686	9348
686	686	9357
686	686	9366
686	686	9375
686	686	9383
686	686	9391
686	686	9399
686	686	9407
686	686	9416
686	686	9425
686	686	9434
686	686	9443
686	686	9452
686	686	9461
686	686	9469
686	686	9478
686	686	9486
686	686	9495
686	686	9503
686	686	9511
686	686	9519
686	686	9528
686	686	9536
686	686	9544
686	686	9552
686	686	9561
686	686	9569
686	686	9578
686	686	9587
686	686	9596
686	686	9604
686	686	9612
686	686	9621
686	686	9629
686	686	9637
686	686	9646
686	686	9654
686	686	9662
686	686	9670
686	686	9679
686	686	9688
686	686	9696
686	686	9704
686	686	9712
686	686	9720
686	686	9729
686	686	9738
686	686	9746
686	686	9755
686	686	9763
686	686	9772
686	686	9781
686	686	9789
686	686	9798
686	686	9806
686	686	9814
686	686	9822
686	686	9830
686	686	9838
686	686	9846
686	686	9854
686	686	9862
686	686	9871
686	686	9879
686	686	9887
686	686	9896
686	686	9904
686	686	9912
686	686	9921
686	686	9929
686	686	9937
686	686	9945
686	686	9954
686	686	9962
686	686	9970
686	686	9978
686	686	9986
686	686	9994
686	686	10002
686	686	10010
686	686	10018
686	686	10026
686	686	10034
686	686	10042
686	686	10051
686	686	10059
686	686	10067
686	686	10076
686	686	10084
686	686	10092
