Digital_Input	Screen_Position_Y_axis(px)	time(ms)
0.0012966398909100008	1440.0	9
-0.008894186989113706	1436.1022382942663	33
-0.008894186989113706	1436.1022382942663	48
-0.008894186989113706	1436.1022382942663	61
-0.008894186989113706	1436.1022382942663	74
-0.008894186989113706	1436.1022382942663	87
-0.008894186989113706	1436.1022382942663	101
0.0012966398909100008	1440.0	115
0.0012966398909100008	1440.0	130
0.0012966398909100008	1440.0	144
0.0012966398909100008	1440.0	157
0.0012966398909100008	1440.0	170
-0.008894186989113706	1436.1022382942663	184
-0.008894186989113706	1436.1022382942663	197
-0.008894186989113706	1436.1022382942663	209
-0.008894186989113706	1436.1022382942663	225
0.0012966398909100008	1440.0	238
-0.008894186989113706	1436.1022382942663	251
-0.008894186989113706	1436.1022382942663	264
-0.008894186989113706	1436.1022382942663	275
-0.008894186989113706	1436.1022382942663	289
-0.008894186989113706	1436.1022382942663	301
-0.008894186989113706	1436.1022382942663	315
-0.008894186989113706	1436.1022382942663	328
-0.008894186989113706	1436.1022382942663	341
-0.008894186989113706	1436.1022382942663	354
-0.008894186989113706	1436.1022382942663	366
-0.008894186989113706	1436.1022382942663	379
-0.008894186989113706	1436.1022382942663	392
-0.019085013869140965	1431.636241029834	405
-0.008894186989113706	1436.1022382942663	419
-0.008894186989113706	1436.1022382942663	432
-0.008894186989113706	1436.1022382942663	443
-0.019085013869140965	1431.636241029834	456
-0.019085013869140965	1431.636241029834	470
-0.019085013869140965	1431.636241029834	483
-0.029275840749168225	1427.1702437654017	498
-0.05984832138925	1413.7722519721049	510
-0.09042080202932823	1400.3742601788094	523
-0.14137493642946453	1378.044273856648	535
-0.19232907082959727	1355.714287534488	549
-0.2534740321097573	1328.9183039478958	563
-0.30442816650989	1306.5883176257357	577
-0.34519147402999906	1288.7243285680065	593
-0.38595478155010454	1270.860339510279	609
-0.3961456084301318	1266.3943422458465	622
-0.4267180890702136	1252.9963504525497	637
-0.4572905697102918	1239.5983586592542	650
-0.49805387723040084	1221.734369601525	665
-0.5286263578704791	1208.3363778082296	681
-0.5591988385105608	1194.9383860149328	695
-0.6101529729106936	1172.6083996927728	710
-0.6611071073108263	1150.2784133706127	726
-0.7222520685909899	1123.482429784019	743
-0.7630153761110954	1105.6184407262913	757
-0.8139695105112281	1083.2884544041312	772
-0.8649236449113644	1060.9584680819698	786
-0.9158777793114972	1038.6284817598098	799
-0.9770227405916572	1011.8324981732176	815
-1.0585493556318717	976.1045200577607	829
-1.129885143792059	944.8425392067361	845
-1.2216025857123007	904.6485638268468	860
-1.3133200276325425	864.4545884469576	873
-1.394846642672757	828.7266103315008	886
-1.4661824308329443	797.4646294804761	900
-1.5477090458731553	761.7366513650209	912
-1.6292356609133698	726.008673249564	927
-1.7107622759535843	690.2806951341071	944
-1.7617164103537206	667.9507088119456	957
-1.7719072372337443	663.4847115475147	973
-1.7719072372337443	663.4847115475147	987
-1.7719072372337443	663.4847115475147	1001
-1.802479717873826	650.0867197542178	1018
-1.863624679153986	623.2907361676256	1033
-1.9145788135541189	600.9607498454657	1049
-1.9451512941942006	587.5627580521686	1064
-1.9349604673141734	592.0287553166011	1080
-1.9043879866740951	605.4267471098964	1094
-1.863624679153986	623.2907361676256	1110
-1.8228613716338806	641.1547252253532	1124
-1.7820980641137716	659.0187142830825	1139
-1.7515255834736934	672.4167060763779	1154
-1.7107622759535843	690.2806951341071	1168
-1.639426487793397	721.5426759851316	1185
-1.578281526513237	748.338659571724	1200
-1.5273273921131043	770.6686458938838	1213
-1.4865640845929953	788.5326349516131	1227
-1.455991603952917	801.9306267449085	1240
-1.415228296432808	819.7946158026377	1255
-1.3744649889127025	837.6586048603654	1269
-1.3235108545125662	859.988591182527	1284
-1.2827475469924607	877.8525802402545	1300
-1.292938373872488	873.3865829758222	1316
-1.3235108545125662	859.988591182527	1332
-1.3235108545125662	859.988591182527	1349
-1.3235108545125662	859.988591182527	1365
-1.3031292007525153	868.9205857113899	1381
-1.292938373872488	873.3865829758222	1395
-1.292938373872488	873.3865829758222	1411
-1.3031292007525153	868.9205857113899	1424
-1.3133200276325425	864.4545884469576	1439
-1.3337016813925935	855.5225939180946	1454
-1.3642741620326753	842.1246021247977	1467
-1.4050374695527807	824.2606130670699	1484
-1.455991603952917	801.9306267449085	1498
-1.4865640845929953	788.5326349516131	1513
-1.5273273921131043	770.6686458938838	1533
-1.5477090458731553	761.7366513650209	1547
-1.5477090458731553	761.7366513650209	1561
-1.5477090458731553	761.7366513650209	1574
-1.5375182189931316	766.2026486294516	1589
-1.5375182189931316	766.2026486294516	1604
-1.5578998727531825	757.2706541005884	1619
-1.578281526513237	748.338659571724	1634
-1.5986631802732916	739.4066650428592	1649
-1.5986631802732916	739.4066650428592	1663
-1.578281526513237	748.338659571724	1679
-1.5477090458731553	761.7366513650209	1693
-1.5273273921131043	770.6686458938838	1708
-1.517136565233077	775.1346431583162	1722
-1.4967549114730225	784.0666376871808	1735
-1.4865640845929953	788.5326349516131	1750
-1.4661824308329443	797.4646294804761	1765
-1.4458007770728898	806.3966240093407	1780
-1.4254191233128353	815.3286185382054	1796
-1.3846558157927298	833.192607595933	1809
-1.3642741620326753	842.1246021247977	1824
-1.3337016813925935	855.5225939180946	1837
-1.3235108545125662	859.988591182527	1853
-1.292938373872488	873.3865829758222	1868
-1.2725567201124335	882.3185775046869	1883
-1.2419842394723553	895.7165692979822	1896
-1.2114117588322735	909.1145610912791	1910
-1.170648451312168	926.9785501490068	1924
-1.1196943169120317	949.3085364711683	1937
-1.0483585287518444	980.5705173221929	1950
-0.9872135674716844	1007.3665009087852	1963
-0.8954961255514426	1047.5604762886744	1976
-0.7833970298711499	1096.6864461974267	1989
-0.6712979341908536	1145.8124161061805	2003
-0.5490080116305336	1199.404383279365	2015
-0.38595478155010454	1270.860339510279	2033
-0.29423733962986276	1311.054314890168	2047
-0.23309237834970276	1337.8502984767604	2060
-0.18213824394957	1360.1802847989202	2073
-0.14137493642946453	1378.044273856648	2087
-0.12099328266941001	1386.9762683855126	2101
-0.10061162890935549	1395.9082629143772	2114
-0.09042080202932823	1400.3742601788094	2127
-0.08022997514930097	1404.8402574432419	2142
-0.07003914826927726	1409.3062547076725	2156
-0.05984832138925	1413.7722519721049	2170
-0.05984832138925	1413.7722519721049	2181
-0.049657494509222744	1418.238249236537	2194
-0.049657494509222744	1418.238249236537	2207
-0.05984832138925	1413.7722519721049	2221
-0.05984832138925	1413.7722519721049	2236
-0.05984832138925	1413.7722519721049	2248
-0.05984832138925	1413.7722519721049	2261
-0.05984832138925	1413.7722519721049	2274
-0.05984832138925	1413.7722519721049	2287
-0.05984832138925	1413.7722519721049	2302
-0.05984832138925	1413.7722519721049	2315
-0.05984832138925	1413.7722519721049	2328
-0.05984832138925	1413.7722519721049	2340
-0.07003914826927726	1409.3062547076725	2354
-0.07003914826927726	1409.3062547076725	2367
-0.07003914826927726	1409.3062547076725	2380
-0.07003914826927726	1409.3062547076725	2394
-0.07003914826927726	1409.3062547076725	2409
-0.07003914826927726	1409.3062547076725	2424
-0.08022997514930097	1404.8402574432419	2438
-0.07003914826927726	1409.3062547076725	2454
-0.07003914826927726	1409.3062547076725	2470
-0.07003914826927726	1409.3062547076725	2485
-0.07003914826927726	1409.3062547076725	2501
-0.07003914826927726	1409.3062547076725	2517
-0.07003914826927726	1409.3062547076725	2532
-0.07003914826927726	1409.3062547076725	2548
-0.07003914826927726	1409.3062547076725	2562
-0.07003914826927726	1409.3062547076725	2577
-0.07003914826927726	1409.3062547076725	2591
-0.07003914826927726	1409.3062547076725	2606
-0.07003914826927726	1409.3062547076725	2622
-0.05984832138925	1413.7722519721049	2637
-0.07003914826927726	1409.3062547076725	2652
-0.05984832138925	1413.7722519721049	2667
-0.07003914826927726	1409.3062547076725	2682
-0.05984832138925	1413.7722519721049	2696
-0.05984832138925	1413.7722519721049	2711
-0.07003914826927726	1409.3062547076725	2725
-0.05984832138925	1413.7722519721049	2739
-0.05984832138925	1413.7722519721049	2756
-0.05984832138925	1413.7722519721049	2772
-0.05984832138925	1413.7722519721049	2785
-0.05984832138925	1413.7722519721049	2799
-0.05984832138925	1413.7722519721049	2813
-0.049657494509222744	1418.238249236537	2827
-0.049657494509222744	1418.238249236537	2841
-0.049657494509222744	1418.238249236537	2856
-0.039466667629195484	1422.7042465009695	2871
-0.039466667629195484	1422.7042465009695	2884
-0.049657494509222744	1418.238249236537	2899
-0.039466667629195484	1422.7042465009695	2916
-0.039466667629195484	1422.7042465009695	2929
-0.049657494509222744	1418.238249236537	2944
-0.049657494509222744	1418.238249236537	2959
-0.049657494509222744	1418.238249236537	2973
-0.039466667629195484	1422.7042465009695	2989
-0.039466667629195484	1422.7042465009695	3004
-0.039466667629195484	1422.7042465009695	3019
-0.049657494509222744	1418.238249236537	3039
-0.049657494509222744	1418.238249236537	3055
-0.049657494509222744	1418.238249236537	3071
-0.039466667629195484	1422.7042465009695	3086
-0.049657494509222744	1418.238249236537	3102
-0.049657494509222744	1418.238249236537	3116
-0.049657494509222744	1418.238249236537	3130
-0.049657494509222744	1418.238249236537	3145
-0.049657494509222744	1418.238249236537	3159
-0.049657494509222744	1418.238249236537	3172
-0.049657494509222744	1418.238249236537	3186
-0.049657494509222744	1418.238249236537	3200
-0.049657494509222744	1418.238249236537	3216
-0.049657494509222744	1418.238249236537	3230
-0.049657494509222744	1418.238249236537	3244
-0.049657494509222744	1418.238249236537	3260
-0.049657494509222744	1418.238249236537	3274
-0.049657494509222744	1418.238249236537	3289
-0.049657494509222744	1418.238249236537	3302
-0.049657494509222744	1418.238249236537	3317
-0.039466667629195484	1422.7042465009695	3333
-0.049657494509222744	1418.238249236537	3346
-0.049657494509222744	1418.238249236537	3360
-0.039466667629195484	1422.7042465009695	3375
-0.049657494509222744	1418.238249236537	3390
-0.049657494509222744	1418.238249236537	3405
-0.049657494509222744	1418.238249236537	3420
-0.049657494509222744	1418.238249236537	3433
-0.049657494509222744	1418.238249236537	3447
-0.049657494509222744	1418.238249236537	3461
-0.049657494509222744	1418.238249236537	3475
-0.049657494509222744	1418.238249236537	3490
-0.039466667629195484	1422.7042465009695	3505
-0.049657494509222744	1418.238249236537	3519
-0.039466667629195484	1422.7042465009695	3539
-0.039466667629195484	1422.7042465009695	3552
-0.039466667629195484	1422.7042465009695	3567
-0.039466667629195484	1422.7042465009695	3580
-0.039466667629195484	1422.7042465009695	3594
-0.049657494509222744	1418.238249236537	3609
-0.049657494509222744	1418.238249236537	3624
-0.05984832138925	1413.7722519721049	3640
-0.07003914826927726	1409.3062547076725	3656
-0.07003914826927726	1409.3062547076725	3671
-0.09042080202932823	1400.3742601788094	3686
-0.12099328266941001	1386.9762683855126	3702
-0.19232907082959727	1355.714287534488	3718
-0.26366485898978453	1324.4523066834633	3732
-0.32480982026994454	1297.6563230968711	3746
-0.3757639546700773	1275.326336774711	3761
-0.43690891595024084	1248.5303531881173	3775
-0.5082447041104281	1217.2683723370926	3791
-0.6101529729106936	1172.6083996927728	3806
-0.7324428954710172	1119.0164325195867	3820
-0.8954961255514426	1047.5604762886744	3835
-1.0483585287518444	980.5705173221929	3849
-1.191030105072219	918.0465556201437	3864
-1.3133200276325425	864.4545884469576	3877
-1.4458007770728898	806.3966240093407	3892
-1.5375182189931316	766.2026486294516	3908
-1.5986631802732916	739.4066650428592	3925
-1.5884723533932643	743.8726623072916	3939
-1.5680906996332098	752.8046568361563	3955
-1.517136565233077	775.1346431583162	3969
-1.455991603952917	801.9306267449085	3985
-1.4050374695527807	824.2606130670699	3999
-1.3642741620326753	842.1246021247977	4014
-1.3133200276325425	864.4545884469576	4029
-1.252175066352379	891.2505720335514	4043
-1.191030105072219	918.0465556201437	4058
-1.129885143792059	944.8425392067361	4075
-1.1095034900320044	953.7745337356007	4090
-1.1196943169120317	949.3085364711683	4105
-1.1808392781921917	922.512552884576	4120
-1.2623658932324062	886.7845747691192	4134
-1.354083335152648	846.5905993892301	4147
-1.4458007770728898	806.3966240093407	4162
-1.5069457383530498	779.6006404227486	4176
-1.5375182189931316	766.2026486294516	4191
-1.5477090458731553	761.7366513650209	4204
-1.5273273921131043	770.6686458938838	4219
-1.4865640845929953	788.5326349516131	4232
-1.4050374695527807	824.2606130670699	4248
-1.2827475469924607	877.8525802402545	4263
-1.1400759706720862	940.3765419423037	4276
-0.9668319137116299	1016.2984954376498	4292
-0.7732062029911226	1101.152443461859	4307
-0.6305346266707481	1163.6764051639082	4323
-0.5591988385105608	1194.9383860149328	4338
-0.5082447041104281	1217.2683723370926	4354
-0.46748139659031906	1235.132361394822	4368
-0.43690891595024084	1248.5303531881173	4380
-0.3961456084301318	1266.3943422458465	4396
-0.3655731277900536	1279.792334039142	4410
-0.3146189933899173	1302.1223203613035	4423
-0.26366485898978453	1324.4523066834633	4437
-0.2127107245896518	1346.7822930056234	4453
-0.18213824394957	1360.1802847989202	4467
-0.15156576330948823	1373.5782765922172	4483
-0.13118410954943727	1382.5102711210802	4497
-0.12099328266941001	1386.9762683855126	4511
-0.13118410954943727	1382.5102711210802	4526
-0.13118410954943727	1382.5102711210802	4542
-0.14137493642946453	1378.044273856648	4556
-0.14137493642946453	1378.044273856648	4570
-0.15156576330948823	1373.5782765922172	4584
-0.1617565901895155	1369.1122793277848	4598
-0.17194741706954275	1364.6462820633526	4612
-0.18213824394957	1360.1802847989202	4629
-0.18213824394957	1360.1802847989202	4644
-0.19232907082959727	1355.714287534488	4655
-0.20251989770962453	1351.2482902700556	4668
-0.2229015514696755	1342.3162957411926	4682
-0.2738556858698118	1319.9863094190312	4697
-0.3146189933899173	1302.1223203613035	4712
-0.3655731277900536	1279.792334039142	4727
-0.40633643531015906	1261.9283449814143	4743
-0.4572905697102918	1239.5983586592542	4758
-0.49805387723040084	1221.734369601525	4774
-0.5184355309904518	1212.802375072662	4790
-0.5388171847505063	1203.8703805437974	4805
-0.5591988385105608	1194.9383860149328	4822
-0.5897713191506391	1181.5403942216374	4838
-0.6203437997907209	1168.1424024283406	4852
-0.6509162804308026	1154.7444106350436	4868
-0.6712979341908536	1145.8124161061805	4881
-0.6916795879509081	1136.8804215773157	4895
-0.7018704148309354	1132.4144243128835	4911
-0.7018704148309354	1132.4144243128835	4927
-0.6814887610708809	1141.3464188417481	4941
-0.6712979341908536	1145.8124161061805	4957
-0.6611071073108263	1150.2784133706127	4973
-0.6509162804308026	1154.7444106350436	4988
-0.6509162804308026	1154.7444106350436	5001
-0.6611071073108263	1150.2784133706127	5017
-0.6712979341908536	1145.8124161061805	5032
-0.6916795879509081	1136.8804215773157	5049
-0.6916795879509081	1136.8804215773157	5065
-0.6916795879509081	1136.8804215773157	5079
-0.6916795879509081	1136.8804215773157	5095
-0.6916795879509081	1136.8804215773157	5110
-0.6916795879509081	1136.8804215773157	5125
-0.6916795879509081	1136.8804215773157	5139
-0.6916795879509081	1136.8804215773157	5152
-0.6916795879509081	1136.8804215773157	5167
-0.6916795879509081	1136.8804215773157	5181
-0.6916795879509081	1136.8804215773157	5196
-0.6814887610708809	1141.3464188417481	5211
-0.6814887610708809	1141.3464188417481	5227
-0.6712979341908536	1145.8124161061805	5242
-0.6712979341908536	1145.8124161061805	5257
-0.6509162804308026	1154.7444106350436	5273
-0.6305346266707481	1163.6764051639082	5289
-0.5999621460306663	1177.074396957205	5302
-0.5490080116305336	1199.404383279365	5317
-0.4878630503503736	1226.2003668659572	5333
-0.4267180890702136	1252.9963504525497	5346
-0.3655731277900536	1279.792334039142	5362
-0.3146189933899173	1302.1223203613035	5377
-0.28404651274983905	1315.5203121545987	5393
-0.24328320522973002	1333.384301212328	5407
-0.2229015514696755	1342.3162957411926	5423
-0.2127107245896518	1346.7822930056234	5437
-0.19232907082959727	1355.714287534488	5451
-0.18213824394957	1360.1802847989202	5466
-0.1617565901895155	1369.1122793277848	5481
-0.15156576330948823	1373.5782765922172	5496
-0.14137493642946453	1378.044273856648	5512
-0.14137493642946453	1378.044273856648	5528
-0.14137493642946453	1378.044273856648	5544
-0.14137493642946453	1378.044273856648	5565
-0.14137493642946453	1378.044273856648	5578
-0.14137493642946453	1378.044273856648	5592
-0.14137493642946453	1378.044273856648	5607
-0.14137493642946453	1378.044273856648	5619
-0.13118410954943727	1382.5102711210802	5634
-0.13118410954943727	1382.5102711210802	5649
-0.13118410954943727	1382.5102711210802	5664
-0.13118410954943727	1382.5102711210802	5679
-0.13118410954943727	1382.5102711210802	5696
-0.13118410954943727	1382.5102711210802	5712
-0.13118410954943727	1382.5102711210802	5728
-0.12099328266941001	1386.9762683855126	5744
-0.12099328266941001	1386.9762683855126	5759
-0.11080245578938275	1391.4422656499448	5774
-0.11080245578938275	1391.4422656499448	5788
-0.10061162890935549	1395.9082629143772	5802
-0.10061162890935549	1395.9082629143772	5816
-0.09042080202932823	1400.3742601788094	5831
-0.08022997514930097	1404.8402574432419	5847
-0.07003914826927726	1409.3062547076725	5861
-0.07003914826927726	1409.3062547076725	5876
-0.05984832138925	1413.7722519721049	5891
-0.049657494509222744	1418.238249236537	5904
-0.049657494509222744	1418.238249236537	5919
-0.029275840749168225	1427.1702437654017	5933
-0.029275840749168225	1427.1702437654017	5948
-0.029275840749168225	1427.1702437654017	5963
-0.019085013869140965	1431.636241029834	5978
-0.029275840749168225	1427.1702437654017	5993
-0.029275840749168225	1427.1702437654017	6007
-0.019085013869140965	1431.636241029834	6021
-0.029275840749168225	1427.1702437654017	6036
-0.029275840749168225	1427.1702437654017	6052
-0.029275840749168225	1427.1702437654017	6066
-0.029275840749168225	1427.1702437654017	6081
-0.029275840749168225	1427.1702437654017	6097
-0.029275840749168225	1427.1702437654017	6114
-0.029275840749168225	1427.1702437654017	6130
-0.029275840749168225	1427.1702437654017	6148
-0.029275840749168225	1427.1702437654017	6164
-0.029275840749168225	1427.1702437654017	6179
-0.029275840749168225	1427.1702437654017	6195
-0.029275840749168225	1427.1702437654017	6210
-0.029275840749168225	1427.1702437654017	6224
-0.029275840749168225	1427.1702437654017	6238
-0.029275840749168225	1427.1702437654017	6252
-0.029275840749168225	1427.1702437654017	6267
-0.029275840749168225	1427.1702437654017	6282
-0.029275840749168225	1427.1702437654017	6297
-0.029275840749168225	1427.1702437654017	6314
-0.029275840749168225	1427.1702437654017	6328
-0.029275840749168225	1427.1702437654017	6342
-0.029275840749168225	1427.1702437654017	6356
-0.029275840749168225	1427.1702437654017	6371
-0.029275840749168225	1427.1702437654017	6386
-0.029275840749168225	1427.1702437654017	6400
-0.029275840749168225	1427.1702437654017	6415
-0.029275840749168225	1427.1702437654017	6430
-0.029275840749168225	1427.1702437654017	6446
-0.029275840749168225	1427.1702437654017	6459
-0.029275840749168225	1427.1702437654017	6472
-0.029275840749168225	1427.1702437654017	6487
-0.029275840749168225	1427.1702437654017	6501
-0.029275840749168225	1427.1702437654017	6517
-0.029275840749168225	1427.1702437654017	6532
-0.029275840749168225	1427.1702437654017	6549
-0.029275840749168225	1427.1702437654017	6568
-0.029275840749168225	1427.1702437654017	6584
-0.029275840749168225	1427.1702437654017	6598
-0.029275840749168225	1427.1702437654017	6616
-0.039466667629195484	1422.7042465009695	6631
-0.039466667629195484	1422.7042465009695	6646
-0.039466667629195484	1422.7042465009695	6660
-0.039466667629195484	1422.7042465009695	6676
-0.039466667629195484	1422.7042465009695	6689
-0.039466667629195484	1422.7042465009695	6706
-0.039466667629195484	1422.7042465009695	6720
-0.039466667629195484	1422.7042465009695	6734
-0.039466667629195484	1422.7042465009695	6749
-0.039466667629195484	1422.7042465009695	6765
-0.039466667629195484	1422.7042465009695	6780
-0.039466667629195484	1422.7042465009695	6796
-0.039466667629195484	1422.7042465009695	6811
-0.049657494509222744	1418.238249236537	6827
-0.049657494509222744	1418.238249236537	6844
-0.05984832138925	1413.7722519721049	6860
-0.05984832138925	1413.7722519721049	6878
-0.05984832138925	1413.7722519721049	6894
-0.05984832138925	1413.7722519721049	6911
-0.05984832138925	1413.7722519721049	6927
-0.05984832138925	1413.7722519721049	6944
-0.049657494509222744	1418.238249236537	6958
-0.05984832138925	1413.7722519721049	6971
-0.05984832138925	1413.7722519721049	6985
-0.05984832138925	1413.7722519721049	7000
-0.05984832138925	1413.7722519721049	7016
-0.07003914826927726	1409.3062547076725	7031
-0.08022997514930097	1404.8402574432419	7047
-0.10061162890935549	1395.9082629143772	7062
-0.14137493642946453	1378.044273856648	7081
-0.17194741706954275	1364.6462820633526	7096
-0.2127107245896518	1346.7822930056234	7110
-0.2534740321097573	1328.9183039478958	7124
-0.29423733962986276	1311.054314890168	7140
-0.32480982026994454	1297.6563230968711	7154
-0.3655731277900536	1279.792334039142	7169
-0.40633643531015906	1261.9283449814143	7185
-0.4572905697102918	1239.5983586592542	7200
-0.49805387723040084	1221.734369601525	7218
-0.5286263578704791	1208.3363778082296	7233
-0.5490080116305336	1199.404383279365	7245
-0.5897713191506391	1181.5403942216374	7259
-0.6203437997907209	1168.1424024283406	7273
-0.6509162804308026	1154.7444106350436	7287
-0.7018704148309354	1132.4144243128835	7300
-0.7528245492310681	1110.0844379907235	7312
-0.8343511642712826	1074.3564598752666	7328
-0.8954961255514426	1047.5604762886744	7341
-0.9566410868316026	1020.7644927020822	7356
-0.9974043943517117	1002.9005036443529	7370
-1.0177860481117662	993.9685091154884	7384
-1.0483585287518444	980.5705173221929	7400
-1.0789310093919262	967.172525528896	7417
-1.1095034900320044	953.7745337356007	7432
-1.129885143792059	944.8425392067361	7447
-1.170648451312168	926.9785501490068	7462
-1.2114117588322735	909.1145610912791	7475
-1.2419842394723553	895.7165692979822	7489
-1.252175066352379	891.2505720335514	7503
-1.252175066352379	891.2505720335514	7518
-1.252175066352379	891.2505720335514	7532
-1.252175066352379	891.2505720335514	7547
-1.2725567201124335	882.3185775046869	7563
-1.2725567201124335	882.3185775046869	7579
-1.252175066352379	891.2505720335514	7593
-1.2114117588322735	909.1145610912791	7608
-1.191030105072219	918.0465556201437	7623
-1.191030105072219	918.0465556201437	7637
-1.2216025857123007	904.6485638268468	7652
-1.2725567201124335	882.3185775046869	7667
-1.292938373872488	873.3865829758222	7684
-1.2827475469924607	877.8525802402545	7698
-1.2623658932324062	886.7845747691192	7713
-1.252175066352379	891.2505720335514	7727
-1.252175066352379	891.2505720335514	7741
-1.292938373872488	873.3865829758222	7756
-1.3337016813925935	855.5225939180946	7770
-1.3642741620326753	842.1246021247977	7787
-1.3642741620326753	842.1246021247977	7804
-1.354083335152648	846.5905993892301	7819
-1.3744649889127025	837.6586048603654	7835
-1.3846558157927298	833.192607595933	7848
-1.415228296432808	819.7946158026377	7864
-1.4254191233128353	815.3286185382054	7880
-1.4254191233128353	815.3286185382054	7894
-1.4050374695527807	824.2606130670699	7910
-1.394846642672757	828.7266103315008	7923
-1.394846642672757	828.7266103315008	7937
-1.415228296432808	819.7946158026377	7953
-1.4458007770728898	806.3966240093407	7968
-1.455991603952917	801.9306267449085	7984
-1.455991603952917	801.9306267449085	8001
-1.455991603952917	801.9306267449085	8014
-1.455991603952917	801.9306267449085	8030
-1.4458007770728898	806.3966240093407	8044
-1.4356099501928625	810.862621273773	8059
-1.415228296432808	819.7946158026377	8073
-1.4050374695527807	824.2606130670699	8087
-1.415228296432808	819.7946158026377	8103
-1.415228296432808	819.7946158026377	8119
-1.415228296432808	819.7946158026377	8134
-1.415228296432808	819.7946158026377	8150
-1.4254191233128353	815.3286185382054	8165
-1.4254191233128353	815.3286185382054	8179
-1.4254191233128353	815.3286185382054	8192
-1.4254191233128353	815.3286185382054	8206
-1.4254191233128353	815.3286185382054	8221
-1.4356099501928625	810.862621273773	8236
-1.4356099501928625	810.862621273773	8252
-1.4458007770728898	806.3966240093407	8268
-1.4661824308329443	797.4646294804761	8284
-1.476373257712968	792.9986322160454	8298
-1.4865640845929953	788.5326349516131	8314
-1.4967549114730225	784.0666376871808	8328
-1.5069457383530498	779.6006404227486	8342
-1.4865640845929953	788.5326349516131	8358
-1.4865640845929953	788.5326349516131	8372
-1.4865640845929953	788.5326349516131	8388
-1.4865640845929953	788.5326349516131	8403
-1.4865640845929953	788.5326349516131	8418
-1.4967549114730225	784.0666376871808	8433
-1.5069457383530498	779.6006404227486	8448
-1.5069457383530498	779.6006404227486	8461
-1.5069457383530498	779.6006404227486	8476
-1.4967549114730225	784.0666376871808	8491
-1.5069457383530498	779.6006404227486	8505
-1.4967549114730225	784.0666376871808	8520
-1.5069457383530498	779.6006404227486	8534
-1.5069457383530498	779.6006404227486	8549
-1.5069457383530498	779.6006404227486	8562
-1.5069457383530498	779.6006404227486	8582
-1.517136565233077	775.1346431583162	8595
-1.5069457383530498	779.6006404227486	8609
-1.4967549114730225	784.0666376871808	8624
-1.4865640845929953	788.5326349516131	8638
-1.4865640845929953	788.5326349516131	8652
-1.4967549114730225	784.0666376871808	8668
-1.4967549114730225	784.0666376871808	8683
-1.4967549114730225	784.0666376871808	8699
-1.5069457383530498	779.6006404227486	8715
-1.5069457383530498	779.6006404227486	8729
-1.5273273921131043	770.6686458938838	8743
-1.5375182189931316	766.2026486294516	8756
-1.5375182189931316	766.2026486294516	8772
-1.5375182189931316	766.2026486294516	8788
-1.4967549114730225	784.0666376871808	8803
-1.4458007770728898	806.3966240093407	8817
-1.394846642672757	828.7266103315008	8832
-1.3438925082726207	851.0565966536623	8846
-1.3133200276325425	864.4545884469576	8860
-1.2827475469924607	877.8525802402545	8873
-1.2623658932324062	886.7845747691192	8887
-1.2114117588322735	909.1145610912791	8903
-1.1604576244321407	931.4445474134391	8918
-1.1196943169120317	949.3085364711683	8933
-1.1196943169120317	949.3085364711683	8949
-1.1400759706720862	940.3765419423037	8963
-1.1604576244321407	931.4445474134391	8978
-1.170648451312168	926.9785501490068	8993
-1.1604576244321407	931.4445474134391	9007
-1.1400759706720862	940.3765419423037	9022
-1.0993126631519807	958.2405310000314	9037
-1.0585493556318717	976.1045200577607	9053
-0.9974043943517117	1002.9005036443529	9066
-0.8649236449113644	1060.9584680819698	9084
-0.6509162804308026	1154.7444106350436	9104
-0.4878630503503736	1226.2003668659572	9120
-0.34519147402999906	1288.7243285680065	9138
-0.2534740321097573	1328.9183039478958	9154
-0.20251989770962453	1351.2482902700556	9168
-0.15156576330948823	1373.5782765922172	9184
-0.12099328266941001	1386.9762683855126	9198
-0.10061162890935549	1395.9082629143772	9212
-0.08022997514930097	1404.8402574432419	9227
-0.07003914826927726	1409.3062547076725	9241
-0.07003914826927726	1409.3062547076725	9256
-0.05984832138925	1413.7722519721049	9271
-0.049657494509222744	1418.238249236537	9288
-0.039466667629195484	1422.7042465009695	9304
-0.029275840749168225	1427.1702437654017	9320
-0.029275840749168225	1427.1702437654017	9335
-0.029275840749168225	1427.1702437654017	9350
-0.029275840749168225	1427.1702437654017	9364
-0.029275840749168225	1427.1702437654017	9380
-0.029275840749168225	1427.1702437654017	9395
-0.029275840749168225	1427.1702437654017	9409
-0.029275840749168225	1427.1702437654017	9424
-0.029275840749168225	1427.1702437654017	9439
-0.029275840749168225	1427.1702437654017	9454
-0.029275840749168225	1427.1702437654017	9469
-0.039466667629195484	1422.7042465009695	9485
-0.029275840749168225	1427.1702437654017	9501
-0.039466667629195484	1422.7042465009695	9514
-0.039466667629195484	1422.7042465009695	9529
-0.039466667629195484	1422.7042465009695	9543
-0.039466667629195484	1422.7042465009695	9558
-0.039466667629195484	1422.7042465009695	9574
-0.039466667629195484	1422.7042465009695	9586
-0.039466667629195484	1422.7042465009695	9602
-0.039466667629195484	1422.7042465009695	9618
-0.029275840749168225	1427.1702437654017	9631
-0.039466667629195484	1422.7042465009695	9646
-0.029275840749168225	1427.1702437654017	9660
-0.029275840749168225	1427.1702437654017	9674
-0.039466667629195484	1422.7042465009695	9686
-0.029275840749168225	1427.1702437654017	9699
-0.039466667629195484	1422.7042465009695	9713
-0.039466667629195484	1422.7042465009695	9727
-0.039466667629195484	1422.7042465009695	9742
-0.039466667629195484	1422.7042465009695	9757
-0.039466667629195484	1422.7042465009695	9773
-0.039466667629195484	1422.7042465009695	9789
-0.039466667629195484	1422.7042465009695	9804
-0.039466667629195484	1422.7042465009695	9819
-0.039466667629195484	1422.7042465009695	9832
-0.039466667629195484	1422.7042465009695	9847
-0.039466667629195484	1422.7042465009695	9862
-0.039466667629195484	1422.7042465009695	9877
-0.039466667629195484	1422.7042465009695	9892
-0.039466667629195484	1422.7042465009695	9907
-0.039466667629195484	1422.7042465009695	9921
-0.039466667629195484	1422.7042465009695	9935
-0.039466667629195484	1422.7042465009695	9949
-0.039466667629195484	1422.7042465009695	9965
-0.039466667629195484	1422.7042465009695	9979
-0.049657494509222744	1418.238249236537	9995
-0.039466667629195484	1422.7042465009695	10009
-0.039466667629195484	1422.7042465009695	10025
-0.039466667629195484	1422.7042465009695	10041
-0.039466667629195484	1422.7042465009695	10056
-0.039466667629195484	1422.7042465009695	10072
-0.039466667629195484	1422.7042465009695	10092
-0.039466667629195484	1422.7042465009695	10106
-0.049657494509222744	1418.238249236537	10121
-0.049657494509222744	1418.238249236537	10136
-0.049657494509222744	1418.238249236537	10149
-0.049657494509222744	1418.238249236537	10163
-0.049657494509222744	1418.238249236537	10178
-0.049657494509222744	1418.238249236537	10194
-0.039466667629195484	1422.7042465009695	10209
-0.049657494509222744	1418.238249236537	10226
-0.049657494509222744	1418.238249236537	10241
-0.049657494509222744	1418.238249236537	10256
-0.049657494509222744	1418.238249236537	10270
-0.039466667629195484	1422.7042465009695	10283
-0.039466667629195484	1422.7042465009695	10297
-0.039466667629195484	1422.7042465009695	10311
-0.039466667629195484	1422.7042465009695	10327
-0.039466667629195484	1422.7042465009695	10342
-0.039466667629195484	1422.7042465009695	10356
-0.039466667629195484	1422.7042465009695	10371
-0.039466667629195484	1422.7042465009695	10387
-0.039466667629195484	1422.7042465009695	10401
-0.039466667629195484	1422.7042465009695	10418
-0.039466667629195484	1422.7042465009695	10433
-0.039466667629195484	1422.7042465009695	10448
-0.039466667629195484	1422.7042465009695	10463
-0.039466667629195484	1422.7042465009695	10478
-0.039466667629195484	1422.7042465009695	10493
-0.039466667629195484	1422.7042465009695	10508
-0.039466667629195484	1422.7042465009695	10524
-0.039466667629195484	1422.7042465009695	10540
-0.049657494509222744	1418.238249236537	10555
-0.049657494509222744	1418.238249236537	10571
-0.049657494509222744	1418.238249236537	10589
-0.049657494509222744	1418.238249236537	10611
-0.049657494509222744	1418.238249236537	10624
-0.049657494509222744	1418.238249236537	10642
-0.05984832138925	1413.7722519721049	10656
-0.08022997514930097	1404.8402574432419	10671
-0.11080245578938275	1391.4422656499448	10684
-0.1617565901895155	1369.1122793277848	10698
-0.2127107245896518	1346.7822930056234	10712
-0.2738556858698118	1319.9863094190312	10727
-0.34519147402999906	1288.7243285680065	10742
-0.3961456084301318	1266.3943422458465	10758
-0.4572905697102918	1239.5983586592542	10772
-0.5286263578704791	1208.3363778082296	10788
-0.6101529729106936	1172.6083996927728	10801
-0.7120612417109626	1127.9484270484513	10817
-0.8139695105112281	1083.2884544041312	10832
-0.9464502599515789	1025.2304899665128	10845
-1.0891218362719535	962.7065282644637	10860
-1.2419842394723553	895.7165692979822	10874
-1.3846558157927298	833.192607595933	10889
-1.5578998727531825	757.2706541005884	10905
-1.6903806221935298	699.2126896629717	10919
-1.802479717873826	650.0867197542178	10933
-1.863624679153986	623.2907361676256	10948
-1.8941971597940679	609.8927443743286	10962
-1.9145788135541189	600.9607498454657	10977
-1.9247696404341461	596.4947525810333	10991
-1.9247696404341461	596.4947525810333	11006
-1.9043879866740951	605.4267471098964	11022
-1.8840063329140406	614.358741638761	11036
-1.8534338522739588	627.7567334320578	11052
-1.8228613716338806	641.1547252253532	11067
-1.8126705447538534	645.6207224897855	11080
-1.802479717873826	650.0867197542178	11095
-1.7820980641137716	659.0187142830825	11111
-1.7617164103537206	667.9507088119456	11126
-1.7617164103537206	667.9507088119456	11143
-1.7515255834736934	672.4167060763779	11156
-1.7209531028336116	685.8146978696747	11172
-1.639426487793397	721.5426759851316	11185
-1.4865640845929953	788.5326349516131	11200
-1.292938373872488	873.3865829758222	11214
-1.068740182511899	971.6385227933283	11229
-0.8547328180313372	1065.424465346402	11245
-0.7222520685909899	1123.482429784019	11260
-0.6203437997907209	1168.1424024283406	11275
-0.5490080116305336	1199.404383279365	11289
-0.46748139659031906	1235.132361394822	11306
-0.3961456084301318	1266.3943422458465	11323
-0.3553823009100263	1284.258331303574	11336
-0.3146189933899173	1302.1223203613035	11351
-0.30442816650989	1306.5883176257357	11366
-0.30442816650989	1306.5883176257357	11380
-0.30442816650989	1306.5883176257357	11396
-0.3146189933899173	1302.1223203613035	11412
-0.32480982026994454	1297.6563230968711	11428
-0.34519147402999906	1288.7243285680065	11445
-0.3655731277900536	1279.792334039142	11457
-0.3961456084301318	1266.3943422458465	11473
-0.44709974283026455	1244.0643559236864	11487
-0.5184355309904518	1212.802375072662	11501
-0.6203437997907209	1168.1424024283406	11515
-0.7324428954710172	1119.0164325195867	11530
-0.8241603373912554	1078.822457139699	11546
-0.8853052986714154	1052.0264735531068	11562
-0.9464502599515789	1025.2304899665128	11576
-0.9872135674716844	1007.3665009087852	11590
-1.02797687499179	989.5025118510575	11604
-1.0585493556318717	976.1045200577607	11619
-1.068740182511899	971.6385227933283	11634
-1.0585493556318717	976.1045200577607	11648
-1.0585493556318717	976.1045200577607	11664
-1.0585493556318717	976.1045200577607	11679
-1.0993126631519807	958.2405310000314	11695
-1.129885143792059	944.8425392067361	11709
-1.1502667975521135	935.9105446778715	11724
-1.1502667975521135	935.9105446778715	11738
-1.129885143792059	944.8425392067361	11753
-1.1095034900320044	953.7745337356007	11767
-1.0891218362719535	962.7065282644637	11782
-1.0789310093919262	967.172525528896	11798
-1.0585493556318717	976.1045200577607	11813
-1.0381677018718172	985.0365145866251	11829
-1.02797687499179	989.5025118510575	11847
-1.02797687499179	989.5025118510575	11863
-1.0177860481117662	993.9685091154884	11879
-1.007595221231739	998.4345063799205	11895
-0.9974043943517117	1002.9005036443529	11911
-0.9872135674716844	1007.3665009087852	11927
-0.9872135674716844	1007.3665009087852	11942
-0.9872135674716844	1007.3665009087852	11955
-0.9872135674716844	1007.3665009087852	11970
-0.9872135674716844	1007.3665009087852	11985
-0.9974043943517117	1002.9005036443529	11999
-0.9974043943517117	1002.9005036443529	12014
-0.9974043943517117	1002.9005036443529	12030
-0.9974043943517117	1002.9005036443529	12044
-0.9974043943517117	1002.9005036443529	12058
-1.007595221231739	998.4345063799205	12071
-0.9974043943517117	1002.9005036443529	12085
-1.007595221231739	998.4345063799205	12100
-1.0381677018718172	985.0365145866251	12119
-1.0483585287518444	980.5705173221929	12133
-1.0585493556318717	976.1045200577607	12147
-1.068740182511899	971.6385227933283	12163
-1.0789310093919262	967.172525528896	12178
-1.0891218362719535	962.7065282644637	12192
-1.0993126631519807	958.2405310000314	12209
-1.1196943169120317	949.3085364711683	12223
-1.1196943169120317	949.3085364711683	12238
-1.1196943169120317	949.3085364711683	12252
-1.129885143792059	944.8425392067361	12266
-1.1400759706720862	940.3765419423037	12282
-1.1400759706720862	940.3765419423037	12297
-1.1196943169120317	949.3085364711683	12312
-1.068740182511899	971.6385227933283	12327
-0.9974043943517117	1002.9005036443529	12342
-0.9056869524314699	1043.094479024242	12356
-0.7732062029911226	1101.152443461859	12371
-0.6203437997907209	1168.1424024283406	12386
-0.4878630503503736	1226.2003668659572	12400
-0.3553823009100263	1284.258331303574	12416
-0.24328320522973002	1333.384301212328	12431
-0.17194741706954275	1364.6462820633526	12446
-0.10061162890935549	1395.9082629143772	12463
-0.05984832138925	1413.7722519721049	12479
-0.019085013869140965	1431.636241029834	12493
0.0012966398909100008	1440.0	12510
0.02167829365096452	1440.0	12523
0.03186912053099178	1440.0	12538
0.03186912053099178	1440.0	12553
0.03186912053099178	1440.0	12567
0.03186912053099178	1440.0	12583
0.02167829365096452	1440.0	12598
0.01148746677093726	1440.0	12614
0.01148746677093726	1440.0	12633
0.0012966398909100008	1440.0	12649
0.0012966398909100008	1440.0	12665
0.0012966398909100008	1440.0	12681
0.0012966398909100008	1440.0	12695
0.0012966398909100008	1440.0	12710
0.0012966398909100008	1440.0	12723
0.0012966398909100008	1440.0	12739
0.0012966398909100008	1440.0	12753
0.0012966398909100008	1440.0	12767
-0.008894186989113706	1436.1022382942663	12783
-0.008894186989113706	1436.1022382942663	12799
-0.008894186989113706	1436.1022382942663	12816
-0.008894186989113706	1436.1022382942663	12832
-0.008894186989113706	1436.1022382942663	12846
-0.008894186989113706	1436.1022382942663	12860
-0.008894186989113706	1436.1022382942663	12874
-0.008894186989113706	1436.1022382942663	12889
-0.008894186989113706	1436.1022382942663	12903
-0.008894186989113706	1436.1022382942663	12918
-0.008894186989113706	1436.1022382942663	12934
-0.008894186989113706	1436.1022382942663	12949
-0.008894186989113706	1436.1022382942663	12964
-0.008894186989113706	1436.1022382942663	12979
-0.008894186989113706	1436.1022382942663	12995
-0.008894186989113706	1436.1022382942663	13011
0.0012966398909100008	1440.0	13024
-0.008894186989113706	1436.1022382942663	13040
-0.008894186989113706	1436.1022382942663	13055
-0.008894186989113706	1436.1022382942663	13070
-0.008894186989113706	1436.1022382942663	13085
0.0012966398909100008	1440.0	13100
-0.008894186989113706	1436.1022382942663	13116
-0.008894186989113706	1436.1022382942663	13131
0.0012966398909100008	1440.0	13146
0.0012966398909100008	1440.0	13161
0.0012966398909100008	1440.0	13174
0.0012966398909100008	1440.0	13189
-0.008894186989113706	1436.1022382942663	13203
-0.008894186989113706	1436.1022382942663	13219
-0.008894186989113706	1436.1022382942663	13234
-0.008894186989113706	1436.1022382942663	13249
-0.008894186989113706	1436.1022382942663	13265
-0.008894186989113706	1436.1022382942663	13281
-0.008894186989113706	1436.1022382942663	13295
-0.008894186989113706	1436.1022382942663	13309
-0.008894186989113706	1436.1022382942663	13324
0.0012966398909100008	1440.0	13338
0.0012966398909100008	1440.0	13354
-0.008894186989113706	1436.1022382942663	13369
0.0012966398909100008	1440.0	13385
0.0012966398909100008	1440.0	13400
-0.008894186989113706	1436.1022382942663	13415
0.0012966398909100008	1440.0	13430
-0.008894186989113706	1436.1022382942663	13445
-0.008894186989113706	1436.1022382942663	13459
-0.008894186989113706	1436.1022382942663	13473
-0.008894186989113706	1436.1022382942663	13488
-0.008894186989113706	1436.1022382942663	13503
-0.008894186989113706	1436.1022382942663	13518
0.0012966398909100008	1440.0	13534
-0.008894186989113706	1436.1022382942663	13549
-0.008894186989113706	1436.1022382942663	13562
-0.008894186989113706	1436.1022382942663	13577
-0.008894186989113706	1436.1022382942663	13591
-0.008894186989113706	1436.1022382942663	13606
-0.008894186989113706	1436.1022382942663	13620
-0.008894186989113706	1436.1022382942663	13639
-0.008894186989113706	1436.1022382942663	13653
-0.008894186989113706	1436.1022382942663	13668
-0.008894186989113706	1436.1022382942663	13684
-0.008894186989113706	1436.1022382942663	13701
-0.008894186989113706	1436.1022382942663	13716
-0.008894186989113706	1436.1022382942663	13731
-0.019085013869140965	1431.636241029834	13746
-0.019085013869140965	1431.636241029834	13760
-0.019085013869140965	1431.636241029834	13775
-0.019085013869140965	1431.636241029834	13790
-0.019085013869140965	1431.636241029834	13803
-0.019085013869140965	1431.636241029834	13819
-0.019085013869140965	1431.636241029834	13834
-0.019085013869140965	1431.636241029834	13850
-0.019085013869140965	1431.636241029834	13864
-0.019085013869140965	1431.636241029834	13881
-0.019085013869140965	1431.636241029834	13894
-0.019085013869140965	1431.636241029834	13909
-0.029275840749168225	1427.1702437654017	13924
-0.039466667629195484	1422.7042465009695	13939
-0.029275840749168225	1427.1702437654017	13955
-0.029275840749168225	1427.1702437654017	13970
-0.039466667629195484	1422.7042465009695	13986
-0.039466667629195484	1422.7042465009695	14001
-0.039466667629195484	1422.7042465009695	14018
-0.05984832138925	1413.7722519721049	14034
-0.10061162890935549	1395.9082629143772	14050
-0.1617565901895155	1369.1122793277848	14064
-0.28404651274983905	1315.5203121545987	14080
-0.3961456084301318	1266.3943422458465	14094
-0.49805387723040084	1221.734369601525	14110
-0.5999621460306663	1177.074396957205	14125
-0.7120612417109626	1127.9484270484513	14143
-0.8139695105112281	1083.2884544041312	14158
-0.9260686061915244	1034.1624844953776	14173
-1.0585493556318717	976.1045200577607	14189
-1.1400759706720862	940.3765419423037	14203
-1.2114117588322735	909.1145610912791	14219
-1.2725567201124335	882.3185775046869	14233
-1.3337016813925935	855.5225939180946	14249
-1.4050374695527807	824.2606130670699	14264
-1.4661824308329443	797.4646294804761	14277
-1.5375182189931316	766.2026486294516	14292
-1.6088540071533188	734.940667778427	14306
-1.6598081415534516	712.610681456267	14321
-1.7107622759535843	690.2806951341071	14337
-1.7617164103537206	667.9507088119456	14353
-1.8432430253939316	632.2227306964902	14369
-1.9247696404341461	596.4947525810333	14386
-1.9859146017143061	569.6987689944409	14403
-2.016487082354388	556.3007772011441	14420
-1.9757237748342824	574.1647662588719	14435
-1.9043879866740951	605.4267471098964	14451
-1.802479717873826	650.0867197542178	14466
-1.6903806221935298	699.2126896629717	14482
-1.5986631802732916	739.4066650428592	14495
-1.5069457383530498	779.6006404227486	14511
-1.415228296432808	819.7946158026377	14526
-1.3235108545125662	859.988591182527	14539
-1.2216025857123007	904.6485638268468	14555
-1.129885143792059	944.8425392067361	14570
-1.0789310093919262	967.172525528896	14587
-1.0585493556318717	976.1045200577607	14603
-1.0789310093919262	967.172525528896	14619
-1.0993126631519807	958.2405310000314	14633
-1.1400759706720862	940.3765419423037	14650
-1.170648451312168	926.9785501490068	14664
-1.2114117588322735	909.1145610912791	14676
-1.2419842394723553	895.7165692979822	14690
-1.2725567201124335	882.3185775046869	14705
-1.2827475469924607	877.8525802402545	14720
-1.2827475469924607	877.8525802402545	14736
-1.2623658932324062	886.7845747691192	14751
-1.2623658932324062	886.7845747691192	14767
-1.2827475469924607	877.8525802402545	14782
-1.3031292007525153	868.9205857113899	14795
-1.3337016813925935	855.5225939180946	14810
-1.3337016813925935	855.5225939180946	14825
-1.3438925082726207	851.0565966536623	14839
-1.3642741620326753	842.1246021247977	14854
-1.3642741620326753	842.1246021247977	14869
-1.354083335152648	846.5905993892301	14884
-1.3337016813925935	855.5225939180946	14897
-1.3235108545125662	859.988591182527	14912
-1.3031292007525153	868.9205857113899	14927
-1.3031292007525153	868.9205857113899	14942
-1.3031292007525153	868.9205857113899	14958
-1.292938373872488	873.3865829758222	14973
-1.2827475469924607	877.8525802402545	14987
-1.2827475469924607	877.8525802402545	15002
-1.2827475469924607	877.8525802402545	15016
-1.2725567201124335	882.3185775046869	15029
-1.2623658932324062	886.7845747691192	15045
-1.2623658932324062	886.7845747691192	15060
-1.252175066352379	891.2505720335514	15074
-1.2419842394723553	895.7165692979822	15090
-1.2216025857123007	904.6485638268468	15104
-1.2114117588322735	909.1145610912791	15120
-1.2114117588322735	909.1145610912791	15134
-1.2114117588322735	909.1145610912791	15151
-1.2012209319522462	913.5805583557114	15167
-1.2012209319522462	913.5805583557114	15181
-1.2114117588322735	909.1145610912791	15196
-1.2216025857123007	904.6485638268468	15211
-1.2216025857123007	904.6485638268468	15226
-1.231793412592328	900.1825665624145	15241
-1.2419842394723553	895.7165692979822	15257
-1.2419842394723553	895.7165692979822	15272
-1.2419842394723553	895.7165692979822	15285
-1.2623658932324062	886.7845747691192	15301
-1.2725567201124335	882.3185775046869	15315
-1.2725567201124335	882.3185775046869	15329
-1.2827475469924607	877.8525802402545	15344
-1.2725567201124335	882.3185775046869	15358
-1.2725567201124335	882.3185775046869	15374
-1.292938373872488	873.3865829758222	15391
-1.3133200276325425	864.4545884469576	15406
-1.3235108545125662	859.988591182527	15424
-1.3438925082726207	851.0565966536623	15440
-1.3438925082726207	851.0565966536623	15457
-1.3438925082726207	851.0565966536623	15471
-1.3337016813925935	855.5225939180946	15486
-1.3133200276325425	864.4545884469576	15501
-1.292938373872488	873.3865829758222	15518
-1.2623658932324062	886.7845747691192	15533
-1.2114117588322735	909.1145610912791	15547
-1.1400759706720862	940.3765419423037	15562
-1.0585493556318717	976.1045200577607	15577
-0.9158777793114972	1038.6284817598098	15591
-0.7324428954710172	1119.0164325195867	15607
-0.5591988385105608	1194.9383860149328	15623
-0.40633643531015906	1261.9283449814143	15638
-0.26366485898978453	1324.4523066834633	15659
-0.19232907082959727	1355.714287534488	15674
-0.14137493642946453	1378.044273856648	15688
-0.10061162890935549	1395.9082629143772	15702
-0.08022997514930097	1404.8402574432419	15716
-0.049657494509222744	1418.238249236537	15729
-0.029275840749168225	1427.1702437654017	15743
-0.019085013869140965	1431.636241029834	15756
-0.008894186989113706	1436.1022382942663	15770
0.0012966398909100008	1440.0	15783
0.0012966398909100008	1440.0	15796
0.0012966398909100008	1440.0	15810
0.0012966398909100008	1440.0	15821
0.0012966398909100008	1440.0	15836
0.0012966398909100008	1440.0	15849
-0.008894186989113706	1436.1022382942663	15862
0.0012966398909100008	1440.0	15875
0.0012966398909100008	1440.0	15887
-0.008894186989113706	1436.1022382942663	15901
0.0012966398909100008	1440.0	15913
0.0012966398909100008	1440.0	15928
-0.008894186989113706	1436.1022382942663	15942
-0.008894186989113706	1436.1022382942663	15953
0.0012966398909100008	1440.0	15966
0.0012966398909100008	1440.0	15981
0.0012966398909100008	1440.0	15993
0.0012966398909100008	1440.0	16009
0.0012966398909100008	1440.0	16021
0.0012966398909100008	1440.0	16036
0.0012966398909100008	1440.0	16048
0.0012966398909100008	1440.0	16062
0.0012966398909100008	1440.0	16076
0.0012966398909100008	1440.0	16088
0.0012966398909100008	1440.0	16103
0.0012966398909100008	1440.0	16116
0.0012966398909100008	1440.0	16130
0.0012966398909100008	1440.0	16143
0.01148746677093726	1440.0	16160
0.0012966398909100008	1440.0	16174
0.0012966398909100008	1440.0	16187
0.0012966398909100008	1440.0	16201
0.0012966398909100008	1440.0	16214
0.0012966398909100008	1440.0	16228
0.0012966398909100008	1440.0	16243
0.0012966398909100008	1440.0	16256
0.0012966398909100008	1440.0	16270
0.0012966398909100008	1440.0	16286
0.0012966398909100008	1440.0	16300
-0.008894186989113706	1436.1022382942663	16315
0.0012966398909100008	1440.0	16330
-0.008894186989113706	1436.1022382942663	16344
-0.008894186989113706	1436.1022382942663	16356
-0.008894186989113706	1436.1022382942663	16370
-0.008894186989113706	1436.1022382942663	16384
-0.008894186989113706	1436.1022382942663	16398
-0.008894186989113706	1436.1022382942663	16412
-0.008894186989113706	1436.1022382942663	16428
-0.008894186989113706	1436.1022382942663	16443
-0.008894186989113706	1436.1022382942663	16460
-0.008894186989113706	1436.1022382942663	16476
-0.008894186989113706	1436.1022382942663	16492
-0.008894186989113706	1436.1022382942663	16508
-0.008894186989113706	1436.1022382942663	16524
-0.019085013869140965	1431.636241029834	16539
-0.019085013869140965	1431.636241029834	16554
-0.019085013869140965	1431.636241029834	16568
-0.019085013869140965	1431.636241029834	16582
-0.019085013869140965	1431.636241029834	16596
-0.008894186989113706	1436.1022382942663	16611
-0.019085013869140965	1431.636241029834	16626
-0.019085013869140965	1431.636241029834	16642
-0.019085013869140965	1431.636241029834	16658
-0.019085013869140965	1431.636241029834	16671
-0.019085013869140965	1431.636241029834	16685
-0.019085013869140965	1431.636241029834	16700
-0.008894186989113706	1436.1022382942663	16715
-0.008894186989113706	1436.1022382942663	16729
-0.008894186989113706	1436.1022382942663	16744
-0.019085013869140965	1431.636241029834	16761
-0.008894186989113706	1436.1022382942663	16778
-0.019085013869140965	1431.636241029834	16794
-0.019085013869140965	1431.636241029834	16809
-0.008894186989113706	1436.1022382942663	16825
-0.008894186989113706	1436.1022382942663	16841
-0.019085013869140965	1431.636241029834	16855
-0.019085013869140965	1431.636241029834	16872
-0.008894186989113706	1436.1022382942663	16886
-0.019085013869140965	1431.636241029834	16898
-0.019085013869140965	1431.636241029834	16912
-0.008894186989113706	1436.1022382942663	16928
-0.008894186989113706	1436.1022382942663	16944
-0.008894186989113706	1436.1022382942663	16959
-0.019085013869140965	1431.636241029834	16975
-0.008894186989113706	1436.1022382942663	16991
-0.008894186989113706	1436.1022382942663	17005
-0.008894186989113706	1436.1022382942663	17019
-0.019085013869140965	1431.636241029834	17034
-0.008894186989113706	1436.1022382942663	17049
-0.008894186989113706	1436.1022382942663	17063
-0.019085013869140965	1431.636241029834	17078
-0.019085013869140965	1431.636241029834	17094
-0.019085013869140965	1431.636241029834	17109
-0.019085013869140965	1431.636241029834	17123
-0.019085013869140965	1431.636241029834	17140
-0.019085013869140965	1431.636241029834	17154
-0.019085013869140965	1431.636241029834	17173
-0.019085013869140965	1431.636241029834	17192
-0.019085013869140965	1431.636241029834	17207
-0.019085013869140965	1431.636241029834	17226
-0.019085013869140965	1431.636241029834	17241
-0.019085013869140965	1431.636241029834	17256
-0.019085013869140965	1431.636241029834	17270
-0.019085013869140965	1431.636241029834	17285
-0.019085013869140965	1431.636241029834	17300
-0.019085013869140965	1431.636241029834	17314
-0.019085013869140965	1431.636241029834	17329
-0.019085013869140965	1431.636241029834	17346
-0.019085013869140965	1431.636241029834	17361
-0.019085013869140965	1431.636241029834	17376
-0.019085013869140965	1431.636241029834	17390
-0.019085013869140965	1431.636241029834	17403
-0.029275840749168225	1427.1702437654017	17417
-0.049657494509222744	1418.238249236537	17431
-0.07003914826927726	1409.3062547076725	17446
-0.11080245578938275	1391.4422656499448	17461
-0.15156576330948823	1373.5782765922172	17476
-0.19232907082959727	1355.714287534488	17490
-0.2229015514696755	1342.3162957411926	17503
-0.26366485898978453	1324.4523066834633	17518
-0.29423733962986276	1311.054314890168	17533
-0.34519147402999906	1288.7243285680065	17549
-0.40633643531015906	1261.9283449814143	17564
-0.49805387723040084	1221.734369601525	17580
-0.5897713191506391	1181.5403942216374	17596
-0.6712979341908536	1145.8124161061805	17611
-0.7426337223510409	1114.550435255156	17626
-0.8139695105112281	1083.2884544041312	17641
-0.9158777793114972	1038.6284817598098	17655
