Digital_Input	Screen_Position_Y_axis(px)	time(ms)
665	665	8
665	665	16
665	665	25
665	665	34
665	665	43
665	665	52
665	665	60
665	665	69
665	665	78
665	665	86
665	665	95
665	665	104
665	665	112
665	665	121
665	665	130
665	665	139
665	665	147
665	665	155
665	665	163
665	665	172
665	665	181
665	665	190
665	665	198
665	665	207
665	665	215
665	665	223
665	665	231
665	665	240
665	665	248
665	665	256
665	665	265
665	665	274
665	665	282
665	665	291
665	665	299
665	665	308
665	665	317
665	665	326
665	665	335
665	665	343
665	665	352
665	665	360
665	665	368
665	665	377
665	665	385
665	665	394
665	665	403
665	665	412
665	665	420
665	665	429
665	665	438
665	665	447
665	665	455
665	665	463
665	665	472
665	665	480
665	665	488
665	665	496
665	665	504
665	665	513
665	665	522
665	665	531
665	665	539
667	667	547
667	667	555
667	667	564
667	667	573
667	667	582
667	667	590
667	667	599
660	660	608
652	652	616
638	638	625
629	629	633
594	594	642
576	576	651
473	473	659
473	473	668
331	331	677
287	287	685
247	247	693
154	154	702
127	127	710
99	99	718
42	42	726
27	27	735
0	0	744
0	0	753
0	0	762
0	0	770
0	0	778
0	0	787
0	0	796
0	0	805
0	0	814
0	0	823
0	0	831
0	0	840
0	0	849
0	0	857
0	0	865
0	0	873
0	0	881
0	0	889
0	0	897
0	0	906
0	0	914
0	0	923
0	0	932
0	0	941
0	0	949
0	0	957
0	0	966
0	0	975
0	0	983
1	1	992
2	2	1000
4	4	1009
5	5	1018
7	7	1026
10	10	1035
12	12	1043
13	13	1052
16	16	1060
18	18	1068
19	19	1077
20	20	1086
22	22	1094
22	22	1103
23	23	1112
24	24	1120
24	24	1128
25	25	1136
25	25	1145
25	25	1154
25	25	1163
25	25	1172
25	25	1180
25	25	1189
25	25	1198
25	25	1206
25	25	1215
25	25	1223
25	25	1231
25	25	1239
25	25	1247
25	25	1256
25	25	1265
25	25	1273
25	25	1282
25	25	1291
25	25	1299
25	25	1307
25	25	1315
25	25	1323
30	30	1331
30	30	1339
46	46	1348
51	51	1357
57	57	1366
72	72	1375
79	79	1383
86	86	1391
107	107	1400
116	116	1409
134	134	1417
142	142	1425
146	146	1433
157	157	1441
162	162	1450
170	170	1458
171	171	1466
174	174	1475
176	176	1484
180	180	1493
182	182	1502
183	183	1510
187	187	1518
189	189	1527
191	191	1535
192	192	1543
193	193	1551
193	193	1559
193	193	1568
193	193	1577
193	193	1586
193	193	1595
194	194	1604
197	197	1612
201	201	1620
202	202	1629
204	204	1637
204	204	1645
205	205	1654
205	205	1663
206	206	1672
207	207	1680
209	209	1689
211	211	1698
215	215	1707
215	215	1715
216	216	1723
217	217	1731
217	217	1739
217	217	1747
217	217	1755
217	217	1763
217	217	1772
219	219	1780
219	219	1789
219	219	1798
219	219	1806
219	219	1815
219	219	1824
219	219	1834
219	219	1842
219	219	1851
219	219	1860
219	219	1868
219	219	1876
219	219	1885
219	219	1894
219	219	1902
219	219	1911
219	219	1919
219	219	1927
219	219	1936
212	212	1945
203	203	1954
197	197	1962
179	179	1971
151	151	1979
151	151	1988
136	136	1997
112	112	2006
102	102	2015
94	94	2023
70	70	2032
60	60	2040
44	44	2049
38	38	2058
34	34	2066
23	23	2075
20	20	2084
14	14	2092
12	12	2100
11	11	2108
11	11	2117
11	11	2126
11	11	2135
11	11	2143
11	11	2151
11	11	2160
11	11	2168
11	11	2177
11	11	2186
11	11	2195
11	11	2203
11	11	2212
8	8	2221
5	5	2229
3	3	2237
0	0	2245
0	0	2254
0	0	2262
0	0	2271
0	0	2280
0	0	2289
0	0	2297
0	0	2306
0	0	2315
0	0	2324
0	0	2333
0	0	2342
0	0	2350
0	0	2358
0	0	2367
0	0	2375
0	0	2383
0	0	2392
0	0	2400
1	1	2409
3	3	2418
3	3	2427
4	4	2436
6	6	2445
9	9	2453
12	12	2462
14	14	2471
17	17	2480
18	18	2489
18	18	2498
22	22	2506
23	23	2515
30	30	2524
32	32	2533
48	48	2542
57	57	2550
61	61	2559
67	67	2568
87	87	2577
95	95	2585
104	104	2594
127	127	2602
137	137	2611
160	160	2620
170	170	2628
199	199	2637
205	205	2646
211	211	2655
223	223	2664
228	228	2673
239	239	2682
241	241	2690
245	245	2699
247	247	2707
248	248	2716
254	254	2724
254	254	2732
262	262	2741
264	264	2750
275	275	2758
280	280	2767
291	291	2776
296	296	2785
302	302	2793
314	314	2801
318	318	2810
322	322	2819
334	334	2828
339	339	2837
356	356	2845
369	369	2854
374	374	2862
385	385	2871
389	389	2879
393	393	2888
403	403	2896
406	406	2904
411	411	2913
412	412	2922
414	414	2931
415	415	2940
415	415	2948
416	416	2957
416	416	2966
418	418	2975
419	419	2984
420	420	2992
421	421	3001
421	421	3010
424	424	3019
425	425	3028
426	426	3037
433	433	3045
438	438	3053
441	441	3062
443	443	3070
452	452	3079
457	457	3088
466	466	3097
470	470	3106
474	474	3115
485	485	3123
489	489	3131
498	498	3140
504	504	3149
519	519	3158
530	530	3167
534	534	3176
537	537	3185
546	546	3194
548	548	3203
550	550	3212
550	550	3221
551	551	3229
551	551	3238
551	551	3247
551	551	3256
551	551	3265
551	551	3273
551	551	3281
551	551	3289
551	551	3298
551	551	3307
550	550	3317
545	545	3325
544	544	3333
544	544	3341
542	542	3349
541	541	3358
541	541	3367
539	539	3376
539	539	3385
539	539	3394
539	539	3403
539	539	3411
539	539	3420
539	539	3428
539	539	3437
539	539	3446
538	538	3455
537	537	3464
536	536	3472
532	532	3481
529	529	3489
523	523	3498
520	520	3507
503	503	3516
475	475	3525
467	467	3534
459	459	3542
447	447	3551
443	443	3560
441	441	3569
440	440	3578
440	440	3587
440	440	3596
440	440	3605
440	440	3614
440	440	3622
440	440	3631
438	438	3639
428	428	3648
423	423	3657
398	398	3666
387	387	3675
351	351	3684
336	336	3693
290	290	3702
278	278	3710
255	255	3719
245	245	3727
237	237	3736
213	213	3745
204	204	3754
177	177	3762
166	166	3771
157	157	3780
131	131	3789
127	127	3798
124	124	3807
124	124	3816
123	123	3825
123	123	3834
123	123	3842
123	123	3850
123	123	3858
129	129	3867
136	136	3877
153	153	3885
172	172	3893
182	182	3902
213	213	3911
224	224	3920
236	236	3928
267	267	3936
277	277	3944
301	301	3952
311	311	3960
317	317	3969
328	328	3977
331	331	3985
331	331	3993
331	331	4001
331	331	4009
327	327	4017
319	319	4026
313	313	4035
288	288	4043
276	276	4052
218	218	4060
197	197	4069
176	176	4078
120	120	4086
105	105	4094
60	60	4102
46	46	4110
34	34	4119
5	5	4128
0	0	4137
0	0	4145
0	0	4153
0	0	4162
0	0	4171
0	0	4179
0	0	4188
0	0	4196
0	0	4205
0	0	4214
0	0	4222
0	0	4230
0	0	4238
2	2	4247
2	2	4256
3	3	4264
5	5	4272
7	7	4281
9	9	4290
9	9	4299
11	11	4308
14	14	4317
19	19	4325
21	21	4333
22	22	4342
26	26	4350
28	28	4358
30	30	4367
31	31	4376
31	31	4385
31	31	4393
31	31	4401
31	31	4409
31	31	4418
31	31	4427
31	31	4436
31	31	4445
31	31	4454
33	33	4462
33	33	4471
37	37	4479
39	39	4488
48	48	4496
56	56	4504
63	63	4512
78	78	4520
102	102	4528
113	113	4537
128	128	4545
166	166	4554
184	184	4563
235	235	4572
247	247	4580
277	277	4588
288	288	4597
299	299	4605
324	324	4614
332	332	4622
349	349	4631
354	354	4639
358	358	4647
363	363	4656
364	364	4665
365	365	4674
366	366	4683
366	366	4692
368	368	4700
371	371	4708
372	372	4717
374	374	4726
381	381	4735
384	384	4744
391	391	4752
395	395	4761
399	399	4769
414	414	4778
418	418	4787
430	430	4795
434	434	4804
437	437	4812
444	444	4821
444	444	4829
444	444	4837
444	444	4845
444	444	4853
444	444	4862
444	444	4870
439	439	4879
437	437	4887
435	435	4895
428	428	4904
425	425	4912
413	413	4920
405	405	4929
397	397	4938
372	372	4947
356	356	4956
350	350	4965
335	335	4973
332	332	4981
327	327	4990
326	326	4998
323	323	5007
322	322	5016
321	321	5024
316	316	5032
316	316	5041
314	314	5049
313	313	5057
313	313	5065
312	312	5074
310	310	5083
310	310	5092
307	307	5100
306	306	5109
305	305	5117
305	305	5126
304	304	5134
304	304	5143
302	302	5152
301	301	5160
301	301	5168
298	298	5176
297	297	5185
295	295	5194
293	293	5203
293	293	5211
293	293	5219
293	293	5228
293	293	5236
293	293	5245
293	293	5254
293	293	5262
293	293	5270
293	293	5279
295	295	5288
296	296	5296
297	297	5305
298	298	5313
300	300	5322
300	300	5330
302	302	5338
302	302	5347
302	302	5356
302	302	5364
302	302	5372
297	297	5381
286	286	5389
279	279	5397
271	271	5406
249	249	5414
238	238	5422
228	228	5431
202	202	5440
191	191	5448
165	165	5457
154	154	5465
145	145	5473
120	120	5481
113	113	5490
98	98	5499
94	94	5508
82	82	5516
80	80	5524
76	76	5533
75	75	5542
73	73	5550
72	72	5559
72	72	5568
70	70	5576
70	70	5585
69	69	5593
67	67	5601
67	67	5609
66	66	5618
65	65	5627
64	64	5636
63	63	5645
62	62	5654
61	61	5662
60	60	5670
58	58	5678
55	55	5687
54	54	5696
51	51	5705
49	49	5713
48	48	5721
47	47	5729
46	46	5737
45	45	5746
44	44	5756
40	40	5765
38	38	5773
33	33	5782
32	32	5790
29	29	5798
27	27	5806
27	27	5815
26	26	5823
26	26	5831
26	26	5839
24	24	5847
24	24	5856
23	23	5865
21	21	5873
21	21	5881
21	21	5890
21	21	5899
21	21	5907
21	21	5916
21	21	5925
21	21	5934
21	21	5943
21	21	5953
22	22	5962
24	24	5971
34	34	5980
40	40	5989
74	74	5998
86	86	6006
113	113	6015
138	138	6023
149	149	6031
159	159	6040
194	194	6049
209	209	6057
222	222	6066
253	253	6075
265	265	6083
292	292	6092
312	312	6101
339	339	6111
348	348	6119
372	372	6127
382	382	6135
391	391	6143
415	415	6151
423	423	6160
431	431	6169
448	448	6178
453	453	6187
465	465	6195
469	469	6203
472	472	6212
479	479	6221
484	484	6229
487	487	6238
492	492	6246
494	494	6255
497	497	6263
503	503	6272
504	504	6281
507	507	6289
508	508	6298
508	508	6307
510	510	6316
510	510	6325
511	511	6333
512	512	6342
514	514	6351
515	515	6359
515	515	6368
516	516	6376
516	516	6385
516	516	6393
516	516	6402
516	516	6410
516	516	6419
514	514	6427
512	512	6436
507	507	6445
502	502	6453
500	500	6462
497	497	6471
488	488	6479
484	484	6487
481	481	6496
474	474	6505
472	472	6514
466	466	6522
464	464	6531
461	461	6540
461	461	6549
459	459	6557
458	458	6566
458	458	6574
456	456	6583
455	455	6592
453	453	6601
449	449	6610
448	448	6618
447	447	6627
446	446	6636
444	444	6645
444	444	6653
444	444	6662
443	443	6670
443	443	6678
441	441	6687
441	441	6695
440	440	6703
438	438	6711
437	437	6719
436	436	6728
435	435	6737
435	435	6746
434	434	6755
433	433	6764
432	432	6772
432	432	6780
430	430	6789
429	429	6798
429	429	6807
426	426	6815
425	425	6823
422	422	6831
420	420	6839
419	419	6848
418	418	6856
416	416	6865
415	415	6874
411	411	6882
408	408	6891
400	400	6900
389	389	6908
375	375	6917
369	369	6925
349	349	6934
340	340	6943
326	326	6951
319	319	6959
298	298	6967
290	290	6977
282	282	6985
262	262	6993
252	252	7001
228	228	7010
219	219	7019
189	189	7027
189	189	7035
170	170	7043
150	150	7052
143	143	7060
127	127	7068
121	121	7077
114	114	7086
101	101	7095
96	96	7103
85	85	7111
80	80	7119
76	76	7128
65	65	7136
61	61	7144
58	58	7153
51	51	7161
49	49	7169
46	46	7177
45	45	7186
40	40	7195
38	38	7203
35	35	7211
26	26	7220
23	23	7229
15	15	7238
12	12	7246
6	6	7255
5	5	7264
3	3	7272
1	1	7280
0	0	7288
0	0	7296
0	0	7305
0	0	7313
0	0	7322
0	0	7331
0	0	7340
0	0	7349
0	0	7357
0	0	7366
0	0	7374
0	0	7382
0	0	7390
0	0	7399
0	0	7407
0	0	7415
4	4	7424
6	6	7432
12	12	7440
15	15	7448
18	18	7457
26	26	7465
30	30	7474
33	33	7482
46	46	7490
53	53	7499
62	62	7507
84	84	7515
110	110	7523
119	119	7531
143	143	7539
153	153	7548
196	196	7556
208	208	7564
219	219	7572
250	250	7581
260	260	7589
285	285	7597
296	296	7605
305	305	7614
338	338	7623
350	350	7632
385	385	7640
398	398	7648
413	413	7657
449	449	7665
461	461	7673
473	473	7682
506	506	7690
517	517	7699
556	556	7707
556	556	7716
591	591	7725
600	600	7734
623	623	7742
632	632	7751
641	641	7759
662	662	7767
669	669	7777
675	675	7785
690	690	7794
695	695	7803
706	706	7811
709	709	7819
712	712	7827
719	719	7836
723	723	7844
725	725	7852
725	725	7861
727	727	7870
728	728	7878
731	731	7886
732	732	7895
733	733	7903
736	736	7912
738	738	7920
740	740	7929
740	740	7938
740	740	7946
741	741	7955
741	741	7964
741	741	7972
741	741	7980
741	741	7989
741	741	7997
741	741	8006
741	741	8015
741	741	8024
741	741	8032
741	741	8040
741	741	8049
741	741	8058
741	741	8067
741	741	8076
741	741	8085
741	741	8094
741	741	8102
741	741	8110
741	741	8118
741	741	8126
741	741	8135
741	741	8143
741	741	8152
738	738	8160
736	736	8169
733	733	8178
722	722	8186
716	716	8194
706	706	8202
699	699	8210
691	691	8219
666	666	8228
634	634	8237
625	625	8245
596	596	8254
585	585	8263
552	552	8272
540	540	8281
527	527	8290
494	494	8298
484	484	8307
474	474	8316
443	443	8325
423	423	8334
415	415	8343
409	409	8352
396	396	8361
390	390	8370
378	378	8379
372	372	8387
357	357	8396
354	354	8405
351	351	8414
347	347	8422
344	344	8430
339	339	8439
336	336	8447
328	328	8457
322	322	8466
318	318	8475
303	303	8484
297	297	8493
282	282	8502
271	271	8511
267	267	8520
255	255	8528
250	250	8537
247	247	8545
238	238	8554
235	235	8562
229	229	8570
227	227	8578
225	225	8587
213	213	8596
208	208	8605
193	193	8614
186	186	8623
168	168	8631
161	161	8640
153	153	8649
134	134	8657
127	127	8666
119	119	8675
96	96	8683
88	88	8692
66	66	8700
56	56	8708
29	29	8716
29	29	8725
15	15	8734
13	13	8742
12	12	8751
11	11	8759
11	11	8768
11	11	8777
11	11	8786
11	11	8795
11	11	8803
11	11	8812
11	11	8821
11	11	8830
11	11	8839
11	11	8848
11	11	8856
488	488	8864
488	488	8872
488	488	8880
488	488	8888
488	488	8897
488	488	8906
488	488	8914
488	488	8922
488	488	8930
488	488	8938
488	488	8946
488	488	8954
488	488	8962
488	488	8971
488	488	8980
488	488	8989
488	488	8998
488	488	9006
488	488	9015
488	488	9024
488	488	9033
488	488	9042
488	488	9050
488	488	9059
488	488	9068
488	488	9077
488	488	9086
488	488	9094
488	488	9103
488	488	9112
488	488	9120
488	488	9129
488	488	9137
488	488	9146
488	488	9154
488	488	9163
488	488	9172
488	488	9181
488	488	9190
488	488	9198
488	488	9207
488	488	9215
488	488	9224
488	488	9232
488	488	9241
488	488	9249
488	488	9258
488	488	9267
488	488	9275
488	488	9283
488	488	9292
488	488	9300
488	488	9308
488	488	9317
488	488	9326
488	488	9335
488	488	9343
488	488	9351
488	488	9359
488	488	9367
488	488	9375
488	488	9383
488	488	9392
488	488	9400
488	488	9409
488	488	9418
488	488	9428
488	488	9437
488	488	9446
488	488	9454
488	488	9463
488	488	9472
488	488	9480
488	488	9489
488	488	9498
488	488	9507
488	488	9516
488	488	9524
488	488	9532
488	488	9541
488	488	9550
488	488	9559
488	488	9568
488	488	9577
488	488	9586
488	488	9595
488	488	9604
488	488	9613
488	488	9622
488	488	9630
488	488	9639
488	488	9648
488	488	9656
488	488	9665
488	488	9674
488	488	9683
488	488	9692
488	488	9701
488	488	9709
488	488	9718
488	488	9726
488	488	9735
488	488	9743
488	488	9752
488	488	9761
488	488	9769
488	488	9777
488	488	9785
488	488	9794
488	488	9803
488	488	9812
488	488	9820
488	488	9829
488	488	9838
485	485	9847
481	481	9856
472	472	9865
469	469	9874
466	466	9882
453	453	9890
447	447	9898
427	427	9906
419	419	9915
411	411	9923
389	389	9931
380	380	9939
358	358	9947
350	350	9956
340	340	9965
320	320	9974
313	313	9983
306	306	9992
286	286	10000
273	273	10008
267	267	10016
263	263	10025
254	254	10033
252	252	10042
246	246	10050
244	244	10059
242	242	10068
237	237	10076
234	234	10085
227	227	10093
224	224	10101
219	219	10110
208	208	10119
205	205	10128
202	202	10137
193	193	10147
191	191	10155
183	183	10163
178	178	10171
161	161	10180
154	154	10189
146	146	10197
127	127	10206
120	120	10215
112	112	10224
112	112	10233
111	111	10241
111	111	10249
111	111	10258
111	111	10267
111	111	10276
111	111	10285
111	111	10294
111	111	10302
111	111	10310
112	112	10319
115	115	10328
122	122	10336
125	125	10344
127	127	10352
131	131	10360
131	131	10369
133	133	10378
134	134	10387
135	135	10396
137	137	10405
138	138	10414
139	139	10423
144	144	10432
146	146	10440
157	157	10449
159	159	10458
168	168	10467
171	171	10476
177	177	10484
183	183	10492
184	184	10501
187	187	10510
188	188	10519
189	189	10528
193	193	10536
197	197	10545
198	198	10554
199	199	10563
203	203	10571
203	203	10580
205	205	10588
207	207	10596
207	207	10605
209	209	10614
209	209	10623
210	210	10632
211	211	10640
212	212	10648
212	212	10657
213	213	10666
213	213	10675
213	213	10683
214	214	10692
214	214	10701
215	215	10709
215	215	10718
215	215	10727
215	215	10735
215	215	10743
215	215	10752
215	215	10761
215	215	10770
215	215	10778
215	215	10787
215	215	10796
215	215	10805
215	215	10813
216	216	10822
216	216	10830
216	216	10838
216	216	10847
216	216	10855
216	216	10863
216	216	10871
216	216	10880
216	216	10889
216	216	10898
216	216	10906
216	216	10915
216	216	10923
216	216	10932
216	216	10940
216	216	10949
216	216	10957
216	216	10966
216	216	10975
216	216	10984
216	216	10993
216	216	11002
216	216	11010
216	216	11018
216	216	11027
216	216	11035
216	216	11043
216	216	11052
216	216	11060
216	216	11069
216	216	11077
216	216	11086
216	216	11095
216	216	11104
216	216	11112
216	216	11121
216	216	11129
216	216	11138
216	216	11147
216	216	11155
216	216	11163
215	215	11172
213	213	11181
208	208	11189
205	205	11197
203	203	11206
197	197	11215
195	195	11223
189	189	11232
185	185	11240
181	181	11249
180	180	11257
175	175	11266
173	173	11274
171	171	11283
164	164	11292
162	162	11300
157	157	11308
156	156	11317
154	154	11326
152	152	11334
150	150	11342
148	148	11350
147	147	11359
145	145	11368
140	140	11377
139	139	11385
138	138	11394
138	138	11402
138	138	11411
138	138	11419
138	138	11427
138	138	11435
138	138	11445
138	138	11455
138	138	11463
138	138	11472
137	137	11480
134	134	11488
131	131	11496
126	126	11504
119	119	11513
112	112	11522
109	109	11530
105	105	11539
94	94	11547
91	91	11556
87	87	11565
77	77	11574
73	73	11582
63	63	11590
58	58	11598
56	56	11607
52	52	11616
49	49	11625
48	48	11635
45	45	11644
45	45	11652
43	43	11661
40	40	11670
34	34	11678
34	34	11687
30	30	11696
29	29	11705
29	29	11713
28	28	11721
28	28	11729
28	28	11737
28	28	11745
28	28	11753
28	28	11762
28	28	11770
28	28	11778
28	28	11786
28	28	11795
28	28	11803
28	28	11811
28	28	11820
28	28	11828
28	28	11836
28	28	11845
28	28	11854
28	28	11862
28	28	11870
28	28	11878
28	28	11887
28	28	11896
28	28	11905
28	28	11913
28	28	11921
28	28	11929
28	28	11938
28	28	11947
28	28	11956
28	28	11964
28	28	11973
28	28	11982
28	28	11991
28	28	11999
28	28	12008
28	28	12017
28	28	12025
28	28	12033
28	28	12041
28	28	12050
28	28	12059
28	28	12067
28	28	12075
28	28	12083
28	28	12091
29	29	12100
34	34	12109
36	36	12118
43	43	12126
47	47	12135
60	60	12144
65	65	12152
65	65	12161
80	80	12169
85	85	12178
99	99	12187
106	106	12196
123	123	12205
132	132	12213
140	140	12221
162	162	12230
169	169	12238
188	188	12247
196	196	12256
215	215	12265
219	219	12273
231	231	12281
235	235	12289
244	244	12298
248	248	12307
250	250	12315
257	257	12323
259	259	12332
261	261	12340
268	268	12348
270	270	12357
275	275	12365
277	277	12374
280	280	12383
285	285	12392
288	288	12401
297	297	12410
299	299	12418
304	304	12427
306	306	12436
307	307	12444
312	312	12453
314	314	12462
319	319	12470
321	321	12478
323	323	12487
326	326	12495
327	327	12503
331	331	12511
333	333	12519
336	336	12528
343	343	12536
345	345	12544
349	349	12552
351	351	12561
353	353	12570
355	355	12578
357	357	12587
357	357	12595
359	359	12604
362	362	12612
364	364	12621
369	369	12630
371	371	12638
372	372	12647
373	373	12656
373	373	12665
373	373	12674
373	373	12683
373	373	12692
373	373	12701
373	373	12710
369	369	12718
366	366	12727
364	364	12736
353	353	12744
343	343	12753
338	338	12761
334	334	12770
325	325	12779
323	323	12788
320	320	12797
319	319	12806
318	318	12815
318	318	12823
317	317	12832
317	317	12841
317	317	12850
317	317	12858
317	317	12866
317	317	12874
317	317	12883
317	317	12892
317	317	12900
317	317	12909
317	317	12918
317	317	12926
317	317	12935
317	317	12943
317	317	12952
317	317	12960
317	317	12968
321	321	12977
331	331	12986
336	336	12995
340	340	13004
353	353	13012
357	357	13021
373	373	13029
378	378	13038
384	384	13046
396	396	13054
401	401	13063
410	410	13071
413	413	13079
416	416	13088
426	426	13097
434	434	13105
440	440	13113
443	443	13122
456	456	13130
461	461	13139
466	466	13147
480	480	13155
484	484	13163
493	493	13172
496	496	13181
498	498	13190
504	504	13198
506	506	13207
510	510	13216
512	512	13225
515	515	13233
517	517	13241
517	517	13249
518	518	13259
519	519	13267
519	519	13275
519	519	13283
519	519	13292
519	519	13300
521	521	13308
521	521	13317
522	522	13326
522	522	13335
523	523	13344
524	524	13353
525	525	13362
525	525	13371
525	525	13380
525	525	13389
525	525	13397
525	525	13405
525	525	13413
525	525	13422
525	525	13430
525	525	13439
525	525	13448
525	525	13456
525	525	13465
525	525	13474
525	525	13483
525	525	13492
525	525	13500
525	525	13508
525	525	13516
525	525	13525
525	525	13533
525	525	13541
524	524	13549
521	521	13557
518	518	13565
507	507	13574
495	495	13582
488	488	13590
480	480	13598
452	452	13607
440	440	13616
428	428	13624
384	384	13633
357	357	13641
346	346	13650
335	335	13659
307	307	13668
295	295	13677
266	266	13686
257	257	13695
246	246	13703
226	226	13712
213	213	13721
202	202	13730
198	198	13739
190	190	13748
187	187	13756
184	184	13764
175	175	13772
170	170	13780
160	160	13788
154	154	13797
149	149	13806
138	138	13815
131	131	13823
118	118	13832
103	103	13840
85	85	13849
77	77	13858
69	69	13867
52	52	13876
47	47	13885
35	35	13893
31	31	13902
28	28	13910
26	26	13918
25	25	13927
23	23	13936
23	23	13944
22	22	13952
21	21	13960
18	18	13969
16	16	13978
13	13	13986
10	10	13995
8	8	14004
5	5	14013
4	4	14022
3	3	14031
0	0	14040
0	0	14048
0	0	14057
0	0	14065
0	0	14074
0	0	14082
0	0	14090
0	0	14098
0	0	14107
0	0	14116
0	0	14125
0	0	14133
0	0	14142
0	0	14150
0	0	14159
6	6	14168
23	23	14177
27	27	14185
32	32	14194
55	55	14203
64	64	14212
93	93	14221
102	102	14229
128	128	14237
140	140	14246
177	177	14255
191	191	14265
266	266	14274
286	286	14283
347	347	14291
367	367	14299
382	382	14308
420	420	14317
432	432	14326
444	444	14335
468	468	14345
495	495	14353
501	501	14361
506	506	14369
516	516	14378
518	518	14386
520	520	14394
520	520	14403
520	520	14412
520	520	14420
520	520	14429
520	520	14438
520	520	14447
520	520	14456
520	520	14465
520	520	14473
520	520	14482
520	520	14491
520	520	14499
520	520	14508
508	508	14516
504	504	14525
497	497	14533
482	482	14541
478	478	14550
473	473	14559
463	463	14567
458	458	14576
447	447	14585
435	435	14594
420	420	14603
402	402	14612
395	395	14620
387	387	14629
368	368	14638
360	360	14646
343	343	14654
338	338	14662
333	333	14671
325	325	14680
324	324	14689
321	321	14698
318	318	14707
315	315	14716
314	314	14725
308	308	14734
307	307	14742
305	305	14750
304	304	14759
303	303	14768
303	303	14777
303	303	14785
303	303	14793
303	303	14801
303	303	14810
303	303	14819
303	303	14828
303	303	14837
302	302	14845
301	301	14854
299	299	14862
299	299	14871
299	299	14879
299	299	14887
299	299	14895
299	299	14903
299	299	14912
299	299	14920
299	299	14928
299	299	14936
299	299	14945
299	299	14953
299	299	14962
299	299	14970
299	299	14978
299	299	14987
299	299	14996
299	299	15005
299	299	15013
299	299	15021
299	299	15030
299	299	15039
300	300	15047
302	302	15056
302	302	15065
304	304	15074
304	304	15082
304	304	15090
304	304	15099
304	304	15108
304	304	15117
304	304	15126
304	304	15135
304	304	15144
304	304	15152
304	304	15161
304	304	15170
304	304	15178
304	304	15187
304	304	15196
304	304	15204
304	304	15213
304	304	15221
304	304	15230
304	304	15238
304	304	15247
304	304	15256
304	304	15265
304	304	15273
304	304	15282
304	304	15291
304	304	15300
304	304	15308
304	304	15317
304	304	15326
304	304	15335
304	304	15344
304	304	15352
304	304	15360
304	304	15368
304	304	15376
304	304	15384
304	304	15392
304	304	15400
304	304	15408
304	304	15416
304	304	15425
304	304	15434
304	304	15442
304	304	15451
304	304	15460
304	304	15469
304	304	15478
304	304	15487
304	304	15496
304	304	15504
304	304	15512
304	304	15520
304	304	15528
304	304	15536
304	304	15544
304	304	15553
304	304	15561
304	304	15569
304	304	15577
304	304	15585
304	304	15593
304	304	15601
304	304	15610
304	304	15619
304	304	15628
304	304	15636
304	304	15644
304	304	15653
304	304	15662
304	304	15670
304	304	15678
304	304	15686
304	304	15695
304	304	15704
304	304	15713
304	304	15722
304	304	15731
304	304	15740
304	304	15748
304	304	15757
304	304	15765
304	304	15773
304	304	15782
304	304	15790
304	304	15799
304	304	15808
304	304	15817
304	304	15825
304	304	15833
304	304	15841
304	304	15850
304	304	15858
304	304	15867
304	304	15876
304	304	15884
304	304	15892
304	304	15900
304	304	15909
304	304	15917
304	304	15925
304	304	15933
304	304	15942
304	304	15952
304	304	15961
304	304	15970
304	304	15978
304	304	15987
304	304	15995
304	304	16004
304	304	16013
304	304	16022
304	304	16030
304	304	16038
304	304	16047
304	304	16055
304	304	16064
304	304	16072
304	304	16080
304	304	16089
304	304	16098
304	304	16107
304	304	16115
304	304	16124
304	304	16133
304	304	16142
304	304	16151
304	304	16159
304	304	16168
304	304	16177
304	304	16186
304	304	16195
304	304	16204
304	304	16213
304	304	16222
304	304	16230
304	304	16238
304	304	16247
304	304	16256
304	304	16265
304	304	16274
304	304	16282
304	304	16291
304	304	16300
304	304	16308
304	304	16317
304	304	16325
304	304	16333
304	304	16341
304	304	16350
304	304	16358
304	304	16366
304	304	16375
304	304	16383
304	304	16392
304	304	16400
304	304	16408
304	304	16416
304	304	16425
304	304	16434
304	304	16442
304	304	16450
304	304	16458
304	304	16466
304	304	16475
304	304	16483
304	304	16492
304	304	16500
304	304	16508
304	304	16516
304	304	16524
304	304	16533
304	304	16542
304	304	16550
304	304	16559
304	304	16568
304	304	16576
304	304	16585
304	304	16593
304	304	16601
304	304	16610
304	304	16619
304	304	16628
304	304	16637
304	304	16646
304	304	16654
304	304	16663
304	304	16672
304	304	16680
304	304	16688
304	304	16696
304	304	16705
304	304	16715
304	304	16724
304	304	16733
304	304	16742
304	304	16751
304	304	16759
304	304	16767
304	304	16776
304	304	16785
304	304	16794
304	304	16803
304	304	16812
304	304	16821
304	304	16829
304	304	16838
304	304	16846
304	304	16855
304	304	16863
304	304	16872
304	304	16880
304	304	16888
304	304	16897
304	304	16905
304	304	16914
304	304	16924
304	304	16934
304	304	16942
304	304	16951
304	304	16960
304	304	16969
304	304	16977
304	304	16986
304	304	16995
304	304	17004
304	304	17013
304	304	17022
304	304	17031
304	304	17040
304	304	17048
304	304	17056
304	304	17065
304	304	17074
304	304	17082
304	304	17090
304	304	17099
304	304	17108
304	304	17116
304	304	17124
304	304	17132
304	304	17140
304	304	17148
304	304	17157
304	304	17165
304	304	17174
304	304	17183
304	304	17192
304	304	17200
304	304	17209
304	304	17218
304	304	17227
304	304	17236
304	304	17245
304	304	17254
304	304	17263
304	304	17271
304	304	17279
304	304	17288
304	304	17297
304	304	17306
304	304	17314
304	304	17323
304	304	17332
304	304	17341
304	304	17350
304	304	17358
304	304	17366
304	304	17375
304	304	17384
304	304	17393
304	304	17401
304	304	17410
304	304	17418
304	304	17427
304	304	17435
304	304	17443
304	304	17451
304	304	17459
304	304	17468
304	304	17476
304	304	17485
304	304	17494
304	304	17502
304	304	17510
304	304	17518
304	304	17527
304	304	17536
304	304	17545
304	304	17554
304	304	17563
304	304	17572
304	304	17581
304	304	17589
304	304	17597
304	304	17606
304	304	17615
304	304	17624
304	304	17632
304	304	17641
304	304	17650
304	304	17658
304	304	17666
304	304	17675
304	304	17684
304	304	17692
304	304	17701
304	304	17709
304	304	17717
304	304	17726
304	304	17734
304	304	17742
304	304	17750
304	304	17759
304	304	17767
304	304	17776
304	304	17784
304	304	17793
304	304	17802
304	304	17810
304	304	17819
304	304	17828
304	304	17837
304	304	17845
304	304	17853
304	304	17861
304	304	17869
304	304	17877
304	304	17886
304	304	17895
304	304	17903
304	304	17911
304	304	17919
304	304	17928
304	304	17936
304	304	17945
304	304	17954
304	304	17963
304	304	17972
304	304	17981
304	304	17990
304	304	17998
304	304	18007
304	304	18015
304	304	18023
304	304	18031
304	304	18040
304	304	18048
304	304	18057
304	304	18066
304	304	18074
304	304	18082
304	304	18090
304	304	18099
304	304	18107
304	304	18115
304	304	18124
304	304	18132
304	304	18141
304	304	18149
304	304	18158
304	304	18166
304	304	18174
304	304	18183
304	304	18192
304	304	18201
304	304	18209
304	304	18218
304	304	18226
304	304	18235
304	304	18243
304	304	18251
304	304	18260
304	304	18269
304	304	18277
304	304	18286
304	304	18295
304	304	18304
304	304	18312
304	304	18320
304	304	18328
304	304	18337
304	304	18345
304	304	18353
304	304	18361
304	304	18369
304	304	18377
304	304	18386
304	304	18395
304	304	18404
304	304	18412
304	304	18421
304	304	18430
304	304	18439
304	304	18448
304	304	18457
304	304	18466
304	304	18475
304	304	18484
304	304	18492
304	304	18500
304	304	18508
304	304	18517
304	304	18526
304	304	18534
304	304	18543
304	304	18552
304	304	18561
304	304	18569
304	304	18577
304	304	18586
304	304	18595
304	304	18604
304	304	18613
304	304	18622
304	304	18630
304	304	18638
304	304	18647
304	304	18656
304	304	18665
304	304	18674
304	304	18683
304	304	18692
304	304	18701
304	304	18710
304	304	18719
304	304	18728
304	304	18736
304	304	18745
304	304	18754
304	304	18762
304	304	18771
304	304	18780
304	304	18789
304	304	18797
304	304	18805
304	304	18814
304	304	18822
304	304	18830
304	304	18838
304	304	18847
304	304	18855
304	304	18864
304	304	18873
304	304	18882
304	304	18891
304	304	18900
304	304	18908
304	304	18917
304	304	18926
304	304	18935
304	304	18944
304	304	18953
304	304	18961
304	304	18970
304	304	18979
304	304	18988
304	304	18997
304	304	19006
304	304	19015
304	304	19024
304	304	19033
304	304	19041
304	304	19049
304	304	19057
304	304	19065
304	304	19073
304	304	19081
304	304	19089
304	304	19097
304	304	19106
304	304	19115
304	304	19123
304	304	19132
304	304	19140
304	304	19149
304	304	19157
304	304	19166
304	304	19175
304	304	19183
304	304	19191
304	304	19199
304	304	19207
304	304	19215
304	304	19223
304	304	19232
304	304	19241
304	304	19250
304	304	19259
304	304	19267
304	304	19275
304	304	19283
304	304	19291
304	304	19299
304	304	19308
304	304	19316
304	304	19325
304	304	19334
304	304	19343
304	304	19351
304	304	19359
304	304	19368
304	304	19376
304	304	19385
304	304	19394
304	304	19403
304	304	19412
304	304	19421
304	304	19429
304	304	19438
304	304	19446
304	304	19455
304	304	19464
304	304	19473
304	304	19482
304	304	19491
304	304	19499
304	304	19507
304	304	19515
304	304	19524
304	304	19532
304	304	19540
304	304	19549
304	304	19558
304	304	19567
304	304	19576
304	304	19584
304	304	19593
304	304	19602
304	304	19611
304	304	19619
304	304	19627
304	304	19636
304	304	19645
304	304	19653
304	304	19661
304	304	19670
304	304	19679
304	304	19688
304	304	19697
304	304	19706
304	304	19715
304	304	19725
304	304	19734
304	304	19742
304	304	19750
304	304	19759
304	304	19768
304	304	19777
304	304	19785
304	304	19794
304	304	19803
304	304	19812
304	304	19821
304	304	19829
304	304	19837
304	304	19846
304	304	19855
304	304	19864
304	304	19873
304	304	19882
304	304	19890
304	304	19898
304	304	19906
304	304	19914
304	304	19923
304	304	19932
304	304	19941
304	304	19949
304	304	19958
304	304	19967
304	304	19976
304	304	19985
304	304	19994
304	304	20003
304	304	20012
304	304	20020
304	304	20028
304	304	20037
304	304	20045
304	304	20053
304	304	20061
304	304	20069
304	304	20078
304	304	20087
304	304	20096
304	304	20105
304	304	20113
304	304	20122
304	304	20131
304	304	20140
304	304	20149
304	304	20157
304	304	20166
304	304	20174
304	304	20182
304	304	20190
304	304	20198
304	304	20207
304	304	20215
304	304	20223
304	304	20232
304	304	20240
304	304	20249
304	304	20257
304	304	20265
304	304	20273
304	304	20282
304	304	20291
304	304	20300
304	304	20308
304	304	20317
304	304	20326
304	304	20334
304	304	20342
304	304	20351
304	304	20360
304	304	20369
304	304	20377
304	304	20386
304	304	20394
304	304	20403
304	304	20411
304	304	20420
304	304	20429
304	304	20438
304	304	20447
304	304	20455
304	304	20464
304	304	20473
304	304	20482
304	304	20490
304	304	20498
304	304	20507
304	304	20515
304	304	20524
304	304	20533
304	304	20542
304	304	20551
304	304	20559
304	304	20567
304	304	20576
304	304	20585
304	304	20594
304	304	20602
304	304	20611
304	304	20620
304	304	20628
304	304	20636
304	304	20644
304	304	20653
304	304	20662
304	304	20670
304	304	20679
304	304	20688
304	304	20697
304	304	20705
304	304	20714
304	304	20723
304	304	20732
304	304	20741
304	304	20750
304	304	20758
304	304	20767
304	304	20776
304	304	20785
304	304	20795
304	304	20804
304	304	20812
304	304	20820
304	304	20828
304	304	20838
304	304	20846
304	304	20855
304	304	20864
304	304	20872
304	304	20880
304	304	20888
304	304	20896
304	304	20904
304	304	20913
304	304	20921
304	304	20929
304	304	20938
304	304	20947
304	304	20956
304	304	20964
304	304	20972
304	304	20980
304	304	20989
304	304	20998
304	304	21006
304	304	21015
304	304	21023
304	304	21031
304	304	21040
304	304	21049
304	304	21057
304	304	21066
304	304	21075
304	304	21083
304	304	21091
304	304	21099
304	304	21107
304	304	21116
304	304	21125
304	304	21134
304	304	21142
304	304	21150
304	304	21158
304	304	21167
304	304	21175
304	304	21184
304	304	21192
304	304	21201
304	304	21210
304	304	21219
304	304	21228
304	304	21237
304	304	21245
304	304	21253
304	304	21262
304	304	21271
304	304	21279
304	304	21287
304	304	21296
304	304	21304
304	304	21313
304	304	21322
304	304	21331
304	304	21339
304	304	21347
304	304	21356
304	304	21365
304	304	21373
304	304	21382
304	304	21390
304	304	21399
304	304	21407
304	304	21416
304	304	21425
304	304	21434
304	304	21442
304	304	21450
304	304	21458
304	304	21466
304	304	21475
304	304	21484
304	304	21493
304	304	21502
304	304	21511
304	304	21519
304	304	21528
304	304	21536
304	304	21545
304	304	21554
304	304	21563
304	304	21571
304	304	21580
304	304	21589
304	304	21598
304	304	21607
304	304	21615
304	304	21623
304	304	21632
304	304	21640
304	304	21649
304	304	21657
304	304	21666
304	304	21674
304	304	21683
304	304	21692
304	304	21701
304	304	21709
304	304	21717
304	304	21726
304	304	21734
304	304	21743
304	304	21752
304	304	21760
304	304	21769
304	304	21777
304	304	21786
304	304	21795
304	304	21804
304	304	21813
304	304	21822
304	304	21831
304	304	21839
304	304	21848
304	304	21857
304	304	21866
304	304	21874
304	304	21883
304	304	21891
304	304	21899
304	304	21908
304	304	21916
304	304	21924
304	304	21933
304	304	21942
304	304	21951
304	304	21959
304	304	21968
304	304	21977
304	304	21986
304	304	21995
304	304	22004
304	304	22013
304	304	22022
304	304	22030
304	304	22039
304	304	22047
304	304	22055
304	304	22063
304	304	22072
304	304	22081
304	304	22090
304	304	22098
304	304	22107
304	304	22116
304	304	22125
304	304	22133
304	304	22141
304	304	22149
304	304	22158
304	304	22166
304	304	22175
304	304	22184
304	304	22192
304	304	22201
304	304	22209
304	304	22217
304	304	22225
304	304	22234
304	304	22242
304	304	22250
304	304	22258
304	304	22266
304	304	22275
304	304	22285
304	304	22293
304	304	22302
304	304	22310
304	304	22319
304	304	22328
304	304	22337
304	304	22346
304	304	22355
304	304	22363
304	304	22371
304	304	22379
304	304	22388
304	304	22397
304	304	22406
304	304	22415
304	304	22424
304	304	22432
304	304	22440
304	304	22448
304	304	22456
304	304	22465
304	304	22474
304	304	22483
304	304	22492
304	304	22500
304	304	22508
304	304	22517
304	304	22525
304	304	22534
304	304	22542
304	304	22550
304	304	22558
304	304	22567
304	304	22575
304	304	22583
304	304	22592
304	304	22600
304	304	22609
304	304	22618
304	304	22627
304	304	22636
304	304	22644
304	304	22652
304	304	22662
304	304	22671
304	304	22680
304	304	22689
304	304	22697
304	304	22706
304	304	22715
304	304	22723
304	304	22731
304	304	22739
304	304	22748
304	304	22756
304	304	22765
304	304	22773
304	304	22782
304	304	22790
304	304	22799
304	304	22808
304	304	22816
304	304	22825
304	304	22833
304	304	22841
304	304	22850
304	304	22859
304	304	22867
304	304	22875
304	304	22884
304	304	22892
304	304	22901
304	304	22909
304	304	22918
304	304	22927
304	304	22936
304	304	22944
304	304	22952
304	304	22960
304	304	22969
304	304	22978
304	304	22986
304	304	22995
304	304	23004
304	304	23012
304	304	23020
304	304	23029
304	304	23038
304	304	23047
304	304	23056
304	304	23065
304	304	23075
304	304	23083
304	304	23091
304	304	23100
304	304	23109
304	304	23118
304	304	23127
304	304	23135
304	304	23144
304	304	23152
304	304	23160
304	304	23168
304	304	23177
304	304	23186
304	304	23194
304	304	23202
304	304	23210
304	304	23219
304	304	23227
304	304	23236
304	304	23245
304	304	23253
304	304	23262
304	304	23271
304	304	23280
288	288	23288
279	279	23296
249	249	23304
237	237	23312
221	221	23320
169	169	23328
151	151	23336
97	97	23344
80	80	23352
62	62	23361
20	20	23370
9	9	23378
0	0	23387
0	0	23395
0	0	23403
0	0	23412
0	0	23421
0	0	23429
0	0	23437
0	0	23445
0	0	23454
0	0	23462
0	0	23470
0	0	23479
0	0	23488
0	0	23497
0	0	23506
0	0	23515
0	0	23523
0	0	23532
0	0	23541
0	0	23550
0	0	23558
0	0	23566
0	0	23575
0	0	23583
0	0	23591
0	0	23599
0	0	23608
0	0	23617
0	0	23625
0	0	23633
0	0	23641
0	0	23649
0	0	23657
0	0	23666
3	3	23675
5	5	23684
6	6	23693
13	13	23702
16	16	23710
19	19	23719
22	22	23728
28	28	23736
28	28	23745
28	28	23753
28	28	23762
28	28	23770
28	28	23779
28	28	23788
29	29	23797
34	34	23805
43	43	23813
48	48	23822
57	57	23831
66	66	23840
78	78	23848
96	96	23857
103	103	23865
112	112	23873
139	139	23882
149	149	23891
184	184	23899
199	199	23908
212	212	23916
249	249	23925
262	262	23934
297	297	23943
309	309	23952
350	350	23961
359	359	23970
370	370	23978
393	393	23987
403	403	23995
430	430	24003
439	439	24012
449	449	24020
476	476	24028
485	485	24036
510	510	24044
519	519	24053
527	527	24062
546	546	24070
552	552	24079
557	557	24087
568	568	24095
584	584	24103
584	584	24112
592	592	24121
601	601	24130
604	604	24139
608	608	24148
608	608	24156
609	609	24164
609	609	24173
609	609	24181
609	609	24190
610	610	24199
610	610	24207
610	610	24216
610	610	24224
610	610	24233
612	612	24242
614	614	24251
615	615	24259
617	617	24268
619	619	24277
620	620	24285
623	623	24293
625	625	24302
628	628	24311
637	637	24319
653	653	24327
653	653	24335
659	659	24343
664	664	24352
678	678	24361
686	686	24370
689	689	24379
690	690	24387
694	694	24395
695	695	24403
696	696	24412
700	700	24421
700	700	24429
701	701	24437
702	702	24445
703	703	24453
703	703	24461
703	703	24470
703	703	24478
703	703	24487
703	703	24496
703	703	24505
703	703	24513
703	703	24522
703	703	24531
703	703	24540
703	703	24549
703	703	24557
703	703	24566
703	703	24575
703	703	24584
703	703	24593
703	703	24602
704	704	24610
707	707	24619
711	711	24627
713	713	24635
717	717	24643
720	720	24651
721	721	24659
722	722	24667
722	722	24676
722	722	24685
722	722	24693
722	722	24702
722	722	24711
722	722	24719
722	722	24727
722	722	24735
722	722	24743
722	722	24752
722	722	24761
720	720	24770
719	719	24779
716	716	24787
711	711	24796
699	699	24804
692	692	24812
685	685	24820
666	666	24828
656	656	24837
630	630	24846
621	621	24855
611	611	24864
577	577	24872
557	557	24881
549	549	24889
542	542	24898
522	522	24906
516	516	24915
501	501	24923
496	496	24931
493	493	24940
487	487	24948
487	487	24957
486	486	24966
486	486	24975
486	486	24984
486	486	24992
486	486	25000
486	486	25008
486	486	25017
486	486	25026
486	486	25034
486	486	25042
486	486	25050
488	488	25059
490	490	25068
490	490	25077
492	492	25085
495	495	25094
497	497	25103
503	503	25112
509	509	25120
516	516	25128
519	519	25137
522	522	25146
525	525	25155
527	527	25164
530	530	25172
531	531	25181
532	532	25189
536	536	25197
538	538	25205
541	541	25214
542	542	25223
543	543	25232
543	543	25240
543	543	25248
543	543	25257
543	543	25265
543	543	25273
543	543	25282
543	543	25291
543	543	25300
543	543	25309
543	543	25318
543	543	25327
543	543	25336
543	543	25345
543	543	25353
543	543	25361
543	543	25370
543	543	25379
542	542	25388
541	541	25397
538	538	25406
536	536	25415
535	535	25423
532	532	25432
526	526	25440
525	525	25448
523	523	25457
517	517	25466
514	514	25475
506	506	25483
499	499	25492
494	494	25501
484	484	25509
473	473	25517
469	469	25525
466	466	25534
456	456	25543
454	454	25552
443	443	25561
439	439	25570
428	428	25579
424	424	25587
421	421	25595
410	410	25603
406	406	25612
396	396	25621
390	390	25630
385	385	25639
374	374	25647
371	371	25655
363	363	25664
356	356	25672
349	349	25681
346	346	25689
344	344	25698
338	338	25707
336	336	25716
330	330	25725
327	327	25733
326	326	25742
324	324	25751
323	323	25760
318	318	25769
313	313	25777
312	312	25786
311	311	25794
307	307	25802
305	305	25810
303	303	25819
300	300	25828
300	300	25837
299	299	25845
299	299	25854
299	299	25863
299	299	25871
299	299	25879
299	299	25887
299	299	25895
299	299	25904
299	299	25913
299	299	25922
299	299	25931
299	299	25940
302	302	25948
303	303	25956
305	305	25965
310	310	25974
313	313	25983
318	318	25992
322	322	26000
326	326	26009
328	328	26018
329	329	26026
333	333	26035
334	334	26043
336	336	26051
339	339	26059
341	341	26067
344	344	26077
346	346	26086
347	347	26095
351	351	26104
358	358	26112
361	361	26120
363	363	26129
368	368	26138
370	370	26147
374	374	26156
375	375	26164
377	377	26173
384	384	26181
387	387	26190
390	390	26198
398	398	26207
401	401	26215
407	407	26223
410	410	26231
413	413	26240
420	420	26248
424	424	26256
426	426	26264
428	428	26272
432	432	26281
433	433	26290
434	434	26299
438	438	26307
440	440	26315
440	440	26323
441	441	26332
441	441	26340
441	441	26348
441	441	26356
441	441	26365
441	441	26374
441	441	26383
441	441	26391
441	441	26400
441	441	26409
441	441	26417
441	441	26426
441	441	26435
441	441	26444
441	441	26452
441	441	26460
441	441	26469
441	441	26477
441	441	26486
441	441	26494
441	441	26502
441	441	26510
441	441	26519
441	441	26528
441	441	26537
441	441	26546
441	441	26554
438	438	26563
436	436	26571
433	433	26579
432	432	26587
429	429	26595
427	427	26604
427	427	26613
424	424	26621
424	424	26630
420	420	26639
419	419	26647
418	418	26655
415	415	26663
414	414	26671
413	413	26680
410	410	26689
409	409	26698
408	408	26706
407	407	26715
405	405	26724
404	404	26732
403	403	26740
400	400	26749
397	397	26757
394	394	26765
391	391	26773
388	388	26781
382	382	26790
379	379	26799
368	368	26808
358	358	26817
353	353	26825
341	341	26833
336	336	26842
330	330	26850
316	316	26859
308	308	26868
289	289	26877
283	283	26885
275	275	26893
253	253	26902
244	244	26910
235	235	26919
213	213	26928
194	194	26936
170	170	26945
161	161	26955
136	136	26964
128	128	26973
119	119	26982
97	97	26990
89	89	26998
67	67	27007
57	57	27016
32	32	27025
27	27	27034
15	15	27042
11	11	27050
8	8	27059
2	2	27067
0	0	27075
0	0	27084
0	0	27092
0	0	27101
0	0	27109
0	0	27118
0	0	27127
0	0	27136
0	0	27145
0	0	27154
0	0	27162
0	0	27171
0	0	27180
0	0	27189
0	0	27198
0	0	27207
0	0	27216
0	0	27225
0	0	27233
0	0	27242
0	0	27250
0	0	27259
0	0	27267
0	0	27275
2	2	27283
4	4	27292
8	8	27301
9	9	27310
13	13	27318
15	15	27327
17	17	27335
24	24	27344
34	34	27353
38	38	27361
44	44	27371
57	57	27379
72	72	27388
79	79	27396
86	86	27404
110	110	27413
121	121	27422
156	156	27430
170	170	27439
185	185	27448
245	245	27456
262	262	27465
321	321	27474
340	340	27483
399	399	27492
419	419	27501
441	441	27509
496	496	27518
514	514	27527
579	579	27536
592	592	27544
629	629	27552
641	641	27560
653	653	27568
679	679	27576
690	690	27585
715	715	27593
724	724	27601
734	734	27610
754	754	27619
761	761	27627
768	768	27636
780	780	27645
784	784	27653
788	788	27662
790	790	27670
791	791	27678
792	792	27686
793	793	27695
794	794	27703
795	795	27712
795	795	27720
797	797	27729
797	797	27737
797	797	27745
797	797	27754
797	797	27763
797	797	27772
797	797	27781
797	797	27790
797	797	27799
797	797	27808
797	797	27816
795	795	27825
794	794	27833
789	789	27842
786	786	27851
783	783	27859
772	772	27868
770	770	27876
762	762	27885
759	759	27893
756	756	27901
750	750	27910
748	748	27919
745	745	27928
743	743	27937
741	741	27946
741	741	27955
740	740	27964
739	739	27972
739	739	27980
738	738	27988
738	738	27997
737	737	28005
736	736	28013
735	735	28021
735	735	28029
734	734	28037
734	734	28046
732	732	28055
732	732	28064
731	731	28072
731	731	28081
729	729	28089
729	729	28098
728	728	28107
727	727	28116
727	727	28124
726	726	28132
726	726	28141
726	726	28150
726	726	28159
726	726	28168
726	726	28177
726	726	28186
726	726	28195
726	726	28203
726	726	28212
726	726	28221
726	726	28230
726	726	28238
726	726	28247
726	726	28255
726	726	28263
726	726	28271
726	726	28280
726	726	28289
726	726	28297
726	726	28306
726	726	28314
726	726	28322
726	726	28331
726	726	28339
726	726	28348
726	726	28357
726	726	28367
726	726	28376
726	726	28385
726	726	28393
726	726	28402
726	726	28410
726	726	28419
726	726	28427
726	726	28435
726	726	28444
726	726	28452
726	726	28460
726	726	28469
726	726	28478
726	726	28487
726	726	28496
726	726	28505
726	726	28515
726	726	28525
726	726	28535
726	726	28544
726	726	28552
726	726	28560
726	726	28569
726	726	28578
726	726	28587
726	726	28595
726	726	28605
726	726	28614
726	726	28622
726	726	28631
726	726	28640
726	726	28649
726	726	28658
726	726	28667
726	726	28676
726	726	28684
726	726	28692
726	726	28701
726	726	28709
726	726	28718
726	726	28726
726	726	28734
726	726	28743
723	723	28752
720	720	28761
718	718	28769
715	715	28777
712	712	28785
709	709	28794
702	702	28803
698	698	28812
694	694	28820
682	682	28828
674	674	28837
654	654	28845
647	647	28853
625	625	28861
615	615	28869
587	587	28878
576	576	28886
565	565	28895
527	527	28903
508	508	28911
486	486	28919
422	422	28928
306	306	28937
269	269	28946
238	238	28955
154	154	28963
119	119	28972
26	26	28981
0	0	28989
0	0	28998
0	0	29007
0	0	29016
0	0	29025
0	0	29034
0	0	29043
0	0	29052
0	0	29061
0	0	29069
0	0	29077
0	0	29085
0	0	29094
0	0	29103
0	0	29112
0	0	29120
86	86	29129
84	84	29138
81	81	29146
79	79	29155
78	78	29163
74	74	29171
73	73	29180
70	70	29189
68	68	29197
67	67	29206
65	65	29215
64	64	29223
64	64	29231
62	62	29239
62	62	29248
61	61	29256
61	61	29264
60	60	29272
60	60	29281
59	59	29290
58	58	29298
58	58	29306
57	57	29315
57	57	29323
57	57	29332
57	57	29341
57	57	29350
57	57	29359
57	57	29367
57	57	29376
57	57	29385
57	57	29394
56	56	29402
56	56	29411
56	56	29420
56	56	29428
56	56	29437
56	56	29446
56	56	29454
56	56	29462
56	56	29470
56	56	29478
54	54	29487
54	54	29495
53	53	29505
50	50	29513
49	49	29521
48	48	29530
48	48	29539
46	46	29547
46	46	29556
45	45	29564
45	45	29573
45	45	29582
44	44	29591
44	44	29599
44	44	29608
44	44	29616
44	44	29625
42	42	29634
42	42	29642
41	41	29651
40	40	29660
40	40	29668
39	39	29677
39	39	29686
39	39	29695
39	39	29703
39	39	29712
39	39	29720
39	39	29729
39	39	29737
39	39	29746
39	39	29754
39	39	29763
39	39	29771
39	39	29779
37	37	29787
37	37	29796
37	37	29805
36	36	29814
36	36	29822
36	36	29830
36	36	29839
35	35	29848
35	35	29856
34	34	29865
33	33	29873
32	32	29881
32	32	29889
30	30	29898
29	29	29906
29	29	29915
27	27	29923
27	27	29931
26	26	29939
26	26	29948
25	25	29956
24	24	29965
24	24	29973
24	24	29982
24	24	29991
24	24	30000
24	24	30009
24	24	30018
24	24	30027
24	24	30036
24	24	30045
24	24	30054
26	26	30063
32	32	30072
48	48	30081
54	54	30089
61	61	30098
70	70	30106
83	83	30115
89	89	30124
95	95	30132
112	112	30141
119	119	30149
126	126	30157
143	143	30165
150	150	30174
166	166	30183
171	171	30191
176	176	30199
184	184	30208
190	190	30217
197	197	30226
199	199	30235
206	206	30243
208	208	30251
210	210	30259
212	212	30268
213	213	30277
216	216	30286
219	219	30295
222	222	30303
223	223	30311
224	224	30320
228	228	30329
229	229	30337
229	229	30345
229	229	30353
229	229	30361
229	229	30369
229	229	30377
229	229	30386
229	229	30395
229	229	30403
229	229	30411
229	229	30419
229	229	30428
229	229	30437
229	229	30446
229	229	30454
229	229	30463
229	229	30472
229	229	30481
229	229	30490
229	229	30499
229	229	30508
229	229	30517
229	229	30526
229	229	30535
229	229	30544
229	229	30553
229	229	30561
229	229	30569
229	229	30577
229	229	30585
229	229	30593
229	229	30601
229	229	30609
229	229	30617
229	229	30625
229	229	30633
229	229	30641
229	229	30649
229	229	30657
229	229	30666
229	229	30674
229	229	30682
229	229	30691
229	229	30699
229	229	30708
229	229	30717
229	229	30725
229	229	30734
229	229	30742
229	229	30750
229	229	30759
229	229	30767
229	229	30775
229	229	30784
229	229	30793
229	229	30801
229	229	30810
229	229	30818
229	229	30826
229	229	30834
229	229	30842
229	229	30850
229	229	30859
229	229	30867
229	229	30875
229	229	30883
229	229	30892
229	229	30901
229	229	30910
229	229	30919
229	229	30927
220	220	30936
217	217	30944
210	210	30953
206	206	30962
203	203	30970
194	194	30979
190	190	30987
186	186	30996
177	177	31004
174	174	31012
165	165	31020
160	160	31029
155	155	31037
140	140	31045
132	132	31054
114	114	31063
104	104	31071
96	96	31080
68	68	31088
58	58	31097
40	40	31105
33	33	31113
18	18	31121
13	13	31129
9	9	31137
1	1	31145
0	0	31153
0	0	31162
0	0	31170
0	0	31178
0	0	31187
0	0	31195
0	0	31204
0	0	31213
0	0	31222
0	0	31231
0	0	31239
0	0	31248
0	0	31257
0	0	31265
0	0	31274
0	0	31282
0	0	31291
0	0	31300
0	0	31309
0	0	31318
0	0	31327
0	0	31336
0	0	31345
0	0	31354
0	0	31363
0	0	31372
0	0	31380
0	0	31388
0	0	31396
0	0	31404
0	0	31412
0	0	31421
0	0	31430
1	1	31438
1	1	31446
3	3	31454
4	4	31463
5	5	31472
7	7	31480
11	11	31489
13	13	31499
15	15	31507
18	18	31515
19	19	31523
21	21	31531
24	24	31540
26	26	31549
28	28	31558
33	33	31567
34	34	31576
37	37	31584
41	41	31593
45	45	31602
47	47	31611
52	52	31620
54	54	31629
56	56	31638
61	61	31647
62	62	31656
67	67	31665
71	71	31674
74	74	31682
75	75	31690
77	77	31699
80	80	31708
83	83	31717
87	87	31726
88	88	31735
90	90	31744
94	94	31753
102	102	31761
104	104	31770
107	107	31778
113	113	31787
116	116	31795
119	119	31804
129	129	31813
133	133	31822
144	144	31831
150	150	31839
155	155	31848
169	169	31857
184	184	31866
200	200	31875
205	205	31884
219	219	31892
224	224	31901
229	229	31910
243	243	31919
248	248	31927
271	271	31936
288	288	31945
305	305	31953
325	325	31962
333	333	31970
340	340	31978
362	362	31986
370	370	31995
392	392	32003
400	400	32011
410	410	32019
432	432	32027
441	441	32036
448	448	32044
466	466	32052
473	473	32060
491	491	32069
498	498	32078
503	503	32087
517	517	32096
522	522	32105
538	538	32113
542	542	32122
556	556	32130
561	561	32139
567	567	32147
577	577	32155
581	581	32164
592	592	32173
595	595	32182
599	599	32191
609	609	32200
617	617	32209
625	625	32218
628	628	32226
635	635	32235
637	637	32243
638	638	32252
641	641	32261
642	642	32270
644	644	32279
645	645	32288
646	646	32297
646	646	32305
646	646	32314
646	646	32322
646	646	32331
646	646	32340
646	646	32349
646	646	32357
646	646	32366
646	646	32375
646	646	32383
646	646	32392
646	646	32400
646	646	32409
646	646	32418
646	646	32426
644	644	32434
643	643	32442
638	638	32451
635	635	32459
629	629	32468
626	626	32476
624	624	32484
622	622	32492
622	622	32501
621	621	32510
620	620	32519
619	619	32527
619	619	32536
619	619	32545
619	619	32554
619	619	32562
619	619	32571
619	619	32580
619	619	32588
619	619	32596
619	619	32604
619	619	32613
619	619	32621
619	619	32630
619	619	32639
619	619	32647
619	619	32655
619	619	32664
619	619	32673
619	619	32681
619	619	32689
619	619	32697
619	619	32706
619	619	32715
619	619	32723
619	619	32731
619	619	32740
619	619	32749
619	619	32758
619	619	32766
619	619	32774
619	619	32783
619	619	32792
619	619	32801
619	619	32810
619	619	32818
619	619	32827
619	619	32836
619	619	32845
619	619	32854
619	619	32862
619	619	32871
619	619	32879
619	619	32887
619	619	32896
619	619	32905
619	619	32913
619	619	32921
619	619	32930
619	619	32939
619	619	32948
619	619	32956
619	619	32964
618	618	32972
613	613	32981
604	604	32990
600	600	32999
597	597	33008
577	577	33016
577	577	33024
558	558	33033
544	544	33041
538	538	33050
525	525	33059
521	521	33067
518	518	33076
513	513	33084
512	512	33092
508	508	33102
507	507	33111
505	505	33120
504	504	33129
503	503	33137
503	503	33146
503	503	33154
503	503	33163
503	503	33171
503	503	33179
503	503	33188
503	503	33197
503	503	33206
503	503	33214
503	503	33223
503	503	33232
503	503	33241
503	503	33249
503	503	33258
503	503	33267
503	503	33276
505	505	33284
505	505	33293
507	507	33301
510	510	33310
511	511	33319
512	512	33328
513	513	33336
515	515	33344
515	515	33352
516	516	33360
517	517	33369
517	517	33379
519	519	33388
519	519	33397
519	519	33405
520	520	33413
520	520	33421
520	520	33429
520	520	33438
520	520	33447
520	520	33456
520	520	33465
520	520	33474
520	520	33483
520	520	33492
520	520	33501
520	520	33510
518	518	33518
517	517	33527
515	515	33535
515	515	33544
512	512	33553
511	511	33562
510	510	33571
507	507	33580
505	505	33589
502	502	33598
500	500	33606
499	499	33615
495	495	33624
494	494	33633
492	492	33642
491	491	33650
486	486	33659
483	483	33667
475	475	33676
470	470	33685
463	463	33693
450	450	33702
443	443	33711
436	436	33720
398	398	33729
390	390	33738
381	381	33747
352	352	33756
342	342	33764
314	314	33772
302	302	33781
291	291	33790
261	261	33799
250	250	33808
215	215	33817
206	206	33826
181	181	33834
172	172	33843
164	164	33852
142	142	33861
135	135	33869
121	121	33878
115	115	33887
109	109	33896
94	94	33905
91	91	33914
83	83	33922
79	79	33930
70	70	33939
64	64	33947
59	59	33956
47	47	33966
43	43	33974
39	39	33982
31	31	33991
28	28	34000
26	26	34009
26	26	34017
26	26	34025
26	26	34034
26	26	34042
26	26	34050
26	26	34059
26	26	34067
26	26	34076
26	26	34084
28	28	34092
31	31	34100
39	39	34108
43	43	34117
50	50	34126
58	58	34134
61	61	34143
64	64	34152
74	74	34160
77	77	34169
83	83	34177
85	85	34186
93	93	34195
96	96	34203
98	98	34212
104	104	34220
105	105	34229
108	108	34237
109	109	34246
112	112	34254
113	113	34263
113	113	34272
115	115	34281
117	117	34289
118	118	34297
118	118	34305
119	119	34313
120	120	34321
120	120	34329
121	121	34337
122	122	34346
122	122	34355
123	123	34364
123	123	34372
123	123	34380
123	123	34389
123	123	34398
123	123	34407
123	123	34416
123	123	34425
123	123	34435
124	124	34444
124	124	34453
124	124	34462
125	125	34470
125	125	34479
126	126	34487
126	126	34496
127	127	34505
129	129	34513
131	131	34523
132	132	34532
132	132	34541
133	133	34549
134	134	34557
135	135	34565
137	137	34574
138	138	34582
140	140	34591
142	142	34599
143	143	34608
149	149	34616
153	153	34624
155	155	34632
157	157	34641
163	163	34650
165	165	34659
172	172	34667
174	174	34675
176	176	34683
180	180	34692
182	182	34701
183	183	34709
187	187	34717
189	189	34725
194	194	34734
195	195	34743
197	197	34752
206	206	34761
210	210	34769
213	213	34778
215	215	34786
219	219	34795
220	220	34803
221	221	34812
224	224	34821
226	226	34830
227	227	34838
229	229	34846
230	230	34855
234	234	34864
236	236	34873
237	237	34882
238	238	34890
240	240	34899
241	241	34908
243	243	34917
245	245	34925
246	246	34934
249	249	34942
251	251	34950
252	252	34959
256	256	34968
258	258	34977
258	258	34986
259	259	34994
259	259	35002
259	259	35010
259	259	35019
259	259	35027
259	259	35036
259	259	35044
259	259	35053
259	259	35061
259	259	35069
259	259	35077
259	259	35086
258	258	35094
258	258	35103
256	256	35111
253	253	35120
249	249	35128
247	247	35137
241	241	35146
238	238	35154
236	236	35163
231	231	35172
228	228	35180
226	226	35188
222	222	35196
221	221	35204
219	219	35213
216	216	35222
215	215	35231
210	210	35240
207	207	35248
200	200	35257
197	197	35266
188	188	35274
184	184	35282
182	182	35290
175	175	35299
172	172	35307
169	169	35316
163	163	35324
160	160	35332
153	153	35341
148	148	35349
144	144	35358
134	134	35367
128	128	35376
113	113	35385
110	110	35393
106	106	35401
105	105	35409
104	104	35417
104	104	35426
104	104	35435
104	104	35444
104	104	35453
104	104	35462
104	104	35471
104	104	35479
104	104	35488
110	110	35496
115	115	35504
122	122	35513
126	126	35522
129	129	35530
141	141	35539
146	146	35548
158	158	35557
162	162	35566
166	166	35574
177	177	35582
181	181	35591
189	189	35600
192	192	35608
202	202	35617
205	205	35625
208	208	35634
215	215	35643
218	218	35652
221	221	35660
227	227	35668
229	229	35677
235	235	35685
237	237	35694
240	240	35703
246	246	35711
254	254	35719
254	254	35727
256	256	35735
258	258	35743
264	264	35751
266	266	35759
269	269	35768
277	277	35777
284	284	35785
286	286	35794
289	289	35803
293	293	35811
295	295	35819
300	300	35828
302	302	35837
304	304	35846
307	307	35855
311	311	35864
312	312	35873
315	315	35882
316	316	35891
317	317	35899
319	319	35908
321	321	35916
322	322	35924
326	326	35933
327	327	35942
333	333	35951
337	337	35960
340	340	35969
351	351	35978
364	364	35986
368	368	35995
374	374	36004
385	385	36012
389	389	36020
393	393	36029
402	402	36038
405	405	36046
412	412	36055
414	414	36064
419	419	36072
419	419	36080
419	419	36089
419	419	36097
419	419	36105
419	419	36113
419	419	36121
419	419	36130
414	414	36139
410	410	36148
402	402	36157
397	397	36165
391	391	36173
383	383	36182
380	380	36190
378	378	36198
372	372	36207
369	369	36215
360	360	36224
355	355	36232
349	349	36240
349	349	36249
344	344	36257
343	343	36265
341	341	36273
339	339	36282
336	336	36291
336	336	36299
334	334	36308
333	333	36316
331	331	36324
327	327	36332
326	326	36341
323	323	36349
321	321	36359
320	320	36367
318	318	36375
318	318	36383
317	317	36391
317	317	36400
317	317	36410
317	317	36419
317	317	36427
317	317	36435
317	317	36444
317	317	36453
317	317	36462
316	316	36471
316	316	36480
315	315	36489
315	315	36498
315	315	36506
315	315	36515
315	315	36523
315	315	36532
315	315	36540
315	315	36549
315	315	36558
315	315	36566
313	313	36574
312	312	36583
310	310	36592
302	302	36600
302	302	36609
291	291	36618
286	286	36627
279	279	36635
266	266	36643
259	259	36652
250	250	36661
235	235	36669
215	215	36678
207	207	36687
184	184	36696
176	176	36705
145	145	36714
134	134	36722
124	124	36731
98	98	36740
87	87	36749
60	60	36758
51	51	36767
41	41	36775
11	11	36783
11	11	36792
0	0	36801
0	0	36809
0	0	36817
0	0	36825
0	0	36834
0	0	36843
0	0	36851
0	0	36859
0	0	36867
0	0	36876
0	0	36884
0	0	36893
0	0	36901
0	0	36911
0	0	36920
0	0	36929
0	0	36937
0	0	36946
0	0	36955
0	0	36963
0	0	36972
0	0	36981
0	0	36990
0	0	36999
2	2	37008
7	7	37016
9	9	37024
9	9	37033
17	17	37042
27	27	37051
32	32	37059
39	39	37067
55	55	37076
63	63	37084
73	73	37092
97	97	37101
106	106	37109
130	130	37117
139	139	37126
149	149	37135
173	173	37144
207	207	37152
216	216	37161
227	227	37169
253	253	37177
262	262	37185
271	271	37194
294	294	37202
302	302	37210
320	320	37219
327	327	37227
335	335	37236
352	352	37244
357	357	37253
372	372	37261
377	377	37269
383	383	37277
395	395	37285
399	399	37294
404	404	37302
416	416	37311
421	421	37320
433	433	37328
436	436	37337
451	451	37345
455	455	37354
460	460	37363
474	474	37372
479	479	37380
494	494	37388
499	499	37396
506	506	37405
524	524	37414
532	532	37423
562	562	37431
562	562	37440
593	593	37449
601	601	37458
610	610	37467
632	632	37476
641	641	37485
667	667	37494
677	677	37502
688	688	37510
716	716	37519
734	734	37527
734	734	37535
761	761	37543
769	769	37552
791	791	37561
808	808	37570
830	830	37579
840	840	37588
862	862	37597
871	871	37605
880	880	37613
896	896	37622
902	902	37630
907	907	37638
919	919	37646
922	922	37654
932	932	37662
935	935	37671
938	938	37679
943	943	37688
946	946	37696
946	946	37705
946	946	37714
946	946	37722
946	946	37730
946	946	37738
946	946	37746
946	946	37755
940	940	37764
929	929	37772
924	924	37781
902	902	37790
892	892	37799
883	883	37808
848	848	37816
839	839	37824
839	839	37833
803	803	37842
769	769	37851
755	755	37860
738	738	37870
682	682	37879
665	665	37887
611	611	37896
580	580	37905
544	544	37913
532	532	37921
499	499	37930
489	489	37939
478	478	37947
451	451	37955
441	441	37965
431	431	37973
410	410	37982
403	403	37990
398	398	37999
386	386	38008
381	381	38017
369	369	38026
367	367	38034
365	365	38043
363	363	38052
362	362	38061
361	361	38070
361	361	38078
360	360	38086
360	360	38094
360	360	38102
360	360	38111
360	360	38120
360	360	38129
360	360	38138
360	360	38147
360	360	38156
360	360	38164
362	362	38172
363	363	38180
369	369	38189
372	372	38197
378	378	38206
383	383	38214
385	385	38223
392	392	38232
394	394	38240
399	399	38249
399	399	38258
399	399	38266
399	399	38274
399	399	38282
399	399	38290
399	399	38299
399	399	38308
399	399	38317
399	399	38325
399	399	38334
399	399	38343
399	399	38352
399	399	38360
399	399	38369
399	399	38378
399	399	38387
399	399	38396
399	399	38404
399	399	38412
399	399	38421
399	399	38430
399	399	38439
399	399	38448
399	399	38457
399	399	38466
399	399	38474
399	399	38483
399	399	38492
399	399	38501
399	399	38510
399	399	38519
400	400	38527
402	402	38536
406	406	38545
408	408	38554
411	411	38563
413	413	38571
416	416	38579
418	418	38587
420	420	38595
423	423	38603
423	423	38612
424	424	38620
425	425	38629
425	425	38638
425	425	38647
425	425	38655
425	425	38663
425	425	38672
425	425	38680
425	425	38689
425	425	38697
425	425	38706
425	425	38715
425	425	38723
425	425	38732
424	424	38741
420	420	38750
414	414	38758
414	414	38766
405	405	38774
400	400	38782
395	395	38791
374	374	38799
367	367	38807
344	344	38816
315	315	38825
304	304	38833
268	268	38842
254	254	38851
238	238	38859
186	186	38867
171	171	38876
131	131	38885
118	118	38894
104	104	38903
72	72	38911
60	60	38919
51	51	38927
27	27	38936
19	19	38944
0	0	38952
0	0	38961
0	0	38969
0	0	38977
0	0	38985
0	0	38993
0	0	39001
0	0	39010
0	0	39019
0	0	39027
0	0	39036
0	0	39044
0	0	39053
0	0	39062
0	0	39070
0	0	39079
0	0	39087
0	0	39096
0	0	39105
0	0	39113
0	0	39122
0	0	39130
0	0	39139
0	0	39147
0	0	39156
0	0	39164
0	0	39173
11	11	39181
15	15	39189
26	26	39198
31	31	39207
45	45	39216
67	67	39224
74	74	39232
94	94	39241
103	103	39249
111	111	39258
136	136	39267
146	146	39276
158	158	39284
195	195	39292
209	209	39301
248	248	39309
266	266	39317
280	280	39326
325	325	39334
342	342	39342
389	389	39350
403	403	39359
417	417	39367
453	453	39375
480	480	39384
515	515	39393
527	527	39401
557	557	39410
568	568	39419
577	577	39427
604	604	39436
613	613	39444
633	633	39453
641	641	39462
651	651	39471
667	667	39479
674	674	39488
696	696	39497
702	702	39506
721	721	39514
727	727	39523
732	732	39532
746	746	39541
750	750	39549
762	762	39557
765	765	39566
769	769	39574
776	776	39583
779	779	39592
789	789	39601
792	792	39609
797	797	39617
799	799	39625
801	801	39633
802	802	39641
802	802	39651
804	804	39659
805	805	39667
807	807	39676
808	808	39684
808	808	39692
809	809	39700
809	809	39708
809	809	39716
809	809	39725
809	809	39733
809	809	39742
809	809	39751
809	809	39760
799	799	39769
792	792	39777
789	789	39785
787	787	39794
780	780	39803
777	777	39812
773	773	39820
764	764	39829
760	760	39838
748	748	39847
745	745	39856
730	730	39864
728	728	39872
724	724	39880
724	724	39890
722	722	39899
720	720	39908
719	719	39917
719	719	39926
719	719	39934
719	719	39942
719	719	39951
719	719	39959
719	719	39968
719	719	39977
719	719	39986
719	719	39994
719	719	40003
719	719	40011
719	719	40020
719	719	40029
719	719	40038
719	719	40046
719	719	40055
719	719	40063
719	719	40071
719	719	40080
719	719	40089
719	719	40097
719	719	40105
719	719	40113
719	719	40122
719	719	40131
719	719	40140
719	719	40149
719	719	40157
719	719	40165
719	719	40173
719	719	40182
719	719	40191
719	719	40200
719	719	40209
719	719	40218
719	719	40227
719	719	40236
719	719	40244
719	719	40252
719	719	40260
719	719	40268
719	719	40276
719	719	40284
719	719	40292
719	719	40300
719	719	40309
719	719	40318
719	719	40326
719	719	40335
719	719	40343
719	719	40351
719	719	40360
719	719	40369
719	719	40378
719	719	40386
719	719	40394
719	719	40403
719	719	40412
719	719	40421
719	719	40429
719	719	40438
719	719	40447
719	719	40456
718	718	40465
716	716	40474
713	713	40483
710	710	40491
703	703	40499
699	699	40507
695	695	40515
680	680	40523
673	673	40532
666	666	40541
644	644	40550
634	634	40558
604	604	40566
591	591	40574
579	579	40582
540	540	40590
526	526	40598
488	488	40606
476	476	40614
463	463	40622
432	432	40631
421	421	40640
389	389	40649
362	362	40659
321	321	40668
308	308	40676
293	293	40685
243	243	40694
228	228	40703
161	161	40711
146	146	40720
93	93	40728
79	79	40736
64	64	40744
64	64	40752
15	15	40761
0	0	40770
0	0	40779
0	0	40788
0	0	40797
0	0	40805
0	0	40814
0	0	40822
0	0	40831
0	0	40840
0	0	40849
0	0	40858
0	0	40867
0	0	40876
0	0	40885
0	0	40894
0	0	40903
