Digital_Input	Screen_Position_Y_axis(px)	time(ms)
560	560	8
560	560	17
560	560	25
560	560	34
560	560	42
560	560	51
560	560	59
560	560	68
560	560	77
560	560	86
560	560	95
560	560	104
560	560	113
560	560	122
560	560	131
560	560	140
560	560	149
560	560	157
560	560	166
560	560	174
560	560	182
560	560	191
560	560	200
560	560	209
560	560	217
560	560	226
560	560	234
560	560	242
560	560	250
560	560	258
560	560	267
560	560	276
560	560	285
560	560	294
560	560	302
560	560	310
560	560	318
560	560	326
560	560	334
560	560	343
560	560	351
560	560	360
560	560	368
560	560	376
560	560	385
560	560	393
560	560	402
560	560	411
560	560	421
560	560	429
560	560	438
560	560	446
560	560	454
560	560	463
560	560	472
560	560	480
560	560	488
560	560	496
560	560	504
560	560	513
560	560	522
560	560	530
560	560	539
560	560	547
560	560	555
560	560	563
560	560	571
560	560	579
560	560	588
560	560	597
560	560	605
560	560	614
560	560	622
560	560	631
560	560	640
560	560	648
560	560	657
560	560	665
560	560	673
560	560	682
560	560	690
560	560	699
560	560	708
560	560	716
560	560	724
560	560	732
561	561	741
568	568	749
571	571	757
575	575	765
583	583	773
586	586	782
599	599	791
604	604	799
610	610	808
626	626	818
638	638	826
653	653	834
658	658	843
671	671	851
677	677	859
682	682	868
693	693	877
702	702	885
705	705	893
708	708	902
715	715	911
718	718	919
720	720	928
725	725	936
726	726	945
729	729	954
729	729	963
732	732	971
732	732	979
732	732	987
733	733	995
734	734	1004
734	734	1013
735	735	1022
736	736	1030
737	737	1039
738	738	1048
738	738	1057
739	739	1066
741	741	1075
741	741	1084
743	743	1093
744	744	1102
745	745	1110
746	746	1119
746	746	1127
748	748	1136
748	748	1145
748	748	1154
748	748	1163
748	748	1172
748	748	1180
748	748	1188
748	748	1197
748	748	1205
748	748	1213
748	748	1222
748	748	1231
748	748	1240
748	748	1249
748	748	1257
748	748	1266
748	748	1275
748	748	1284
748	748	1293
748	748	1302
743	743	1311
730	730	1320
723	723	1329
718	718	1338
686	686	1347
675	675	1355
662	662	1363
621	621	1371
605	605	1379
551	551	1387
532	532	1395
512	512	1403
455	455	1411
439	439	1420
422	422	1429
376	376	1437
363	363	1445
352	352	1453
324	324	1461
315	315	1469
290	290	1478
282	282	1486
274	274	1494
256	256	1502
251	251	1511
239	239	1520
235	235	1528
233	233	1536
221	221	1544
221	221	1552
218	218	1561
210	210	1569
206	206	1578
194	194	1587
191	191	1596
182	182	1605
178	178	1613
170	170	1621
166	166	1630
162	162	1638
153	153	1646
149	149	1655
146	146	1664
137	137	1673
133	133	1682
119	119	1691
115	115	1700
105	105	1708
101	101	1717
98	98	1725
92	92	1733
89	89	1741
85	85	1749
83	83	1758
82	82	1766
80	80	1774
78	78	1782
74	74	1791
73	73	1800
70	70	1808
68	68	1818
63	63	1826
61	61	1834
58	58	1842
57	57	1850
57	57	1859
52	52	1867
50	50	1875
48	48	1884
43	43	1893
42	42	1901
39	39	1910
38	38	1919
36	36	1928
32	32	1936
31	31	1944
28	28	1952
26	26	1961
25	25	1969
22	22	1978
20	20	1986
16	16	1994
16	16	2003
14	14	2011
11	11	2020
10	10	2029
8	8	2038
6	6	2046
5	5	2055
2	2	2064
0	0	2073
0	0	2081
0	0	2090
0	0	2099
0	0	2108
0	0	2117
0	0	2126
0	0	2135
0	0	2143
0	0	2152
0	0	2160
0	0	2169
0	0	2177
0	0	2185
0	0	2194
0	0	2202
0	0	2210
0	0	2218
0	0	2226
0	0	2234
0	0	2242
0	0	2251
1	1	2260
6	6	2268
11	11	2276
20	20	2284
25	25	2293
38	38	2302
45	45	2310
63	63	2318
71	71	2327
79	79	2335
98	98	2344
103	103	2352
110	110	2361
123	123	2369
128	128	2378
146	146	2386
150	150	2395
162	162	2404
167	167	2412
181	181	2421
186	186	2430
192	192	2438
206	206	2447
212	212	2455
224	224	2464
228	228	2472
233	233	2480
244	244	2488
248	248	2497
254	254	2505
266	266	2513
271	271	2523
289	289	2531
293	293	2540
305	305	2549
309	309	2558
314	314	2567
326	326	2575
333	333	2583
350	350	2591
356	356	2599
363	363	2608
380	380	2616
386	386	2624
391	391	2632
403	403	2640
408	408	2649
418	418	2658
422	422	2667
438	438	2675
443	443	2684
446	446	2692
453	453	2700
456	456	2708
462	462	2716
463	463	2725
466	466	2734
467	467	2742
469	469	2750
473	473	2759
475	475	2768
481	481	2776
483	483	2785
485	485	2793
491	491	2801
493	493	2809
499	499	2817
500	500	2826
500	500	2834
502	502	2842
502	502	2850
502	502	2858
504	504	2867
506	506	2875
507	507	2884
507	507	2893
508	508	2902
509	509	2911
510	510	2920
510	510	2928
510	510	2937
511	511	2945
511	511	2954
511	511	2962
511	511	2971
511	511	2979
511	511	2987
511	511	2995
511	511	3004
511	511	3012
511	511	3021
511	511	3030
511	511	3038
511	511	3046
511	511	3054
511	511	3063
511	511	3071
511	511	3079
511	511	3088
511	511	3097
511	511	3106
511	511	3115
511	511	3123
511	511	3131
511	511	3140
511	511	3148
511	511	3156
511	511	3165
508	508	3173
492	492	3181
487	487	3189
480	480	3197
462	462	3206
454	454	3214
444	444	3223
422	422	3232
412	412	3241
388	388	3250
368	368	3258
368	368	3266
329	329	3275
303	303	3284
294	294	3292
282	282	3301
254	254	3309
245	245	3317
220	220	3326
214	214	3335
207	207	3344
195	195	3352
191	191	3360
188	188	3369
178	178	3377
175	175	3386
163	163	3394
163	163	3402
154	154	3410
151	151	3419
149	149	3427
141	141	3435
138	138	3443
129	129	3452
125	125	3460
121	121	3469
110	110	3478
106	106	3486
103	103	3495
94	94	3504
91	91	3513
83	83	3521
78	78	3530
74	74	3539
73	73	3547
70	70	3555
69	69	3563
65	65	3571
64	64	3579
62	62	3587
59	59	3595
57	57	3603
54	54	3611
53	53	3620
51	51	3629
48	48	3638
46	46	3647
45	45	3656
41	41	3664
40	40	3673
37	37	3681
35	35	3690
34	34	3698
28	28	3707
27	27	3715
24	24	3723
22	22	3731
19	19	3739
18	18	3748
16	16	3757
13	13	3765
12	12	3774
10	10	3782
9	9	3790
7	7	3798
4	4	3806
3	3	3814
3	3	3823
1	1	3831
1	1	3839
0	0	3847
0	0	3856
0	0	3865
0	0	3873
0	0	3881
0	0	3890
0	0	3899
0	0	3907
0	0	3915
0	0	3925
0	0	3934
0	0	3943
0	0	3951
1	1	3960
2	2	3968
5	5	3976
7	7	3984
10	10	3992
15	15	4001
20	20	4010
30	30	4018
41	41	4027
53	53	4036
67	67	4044
72	72	4052
76	76	4060
88	88	4068
92	92	4076
100	100	4084
103	103	4093
106	106	4102
113	113	4110
115	115	4119
117	117	4128
124	124	4137
127	127	4145
136	136	4153
136	136	4161
139	139	4169
146	146	4177
149	149	4185
152	152	4193
157	157	4202
165	165	4210
168	168	4219
170	170	4227
175	175	4236
177	177	4244
181	181	4253
183	183	4262
185	185	4270
190	190	4278
191	191	4286
193	193	4294
197	197	4303
198	198	4312
201	201	4320
203	203	4328
207	207	4337
208	208	4346
214	214	4354
217	217	4363
221	221	4371
223	223	4379
226	226	4387
232	232	4396
235	235	4404
238	238	4412
242	242	4421
244	244	4430
249	249	4438
250	250	4446
251	251	4454
255	255	4463
256	256	4471
259	259	4479
262	262	4487
264	264	4495
267	267	4504
269	269	4512
271	271	4521
277	277	4530
284	284	4538
286	286	4546
287	287	4554
290	290	4562
291	291	4570
291	291	4579
296	296	4587
298	298	4595
302	302	4603
303	303	4611
304	304	4620
307	307	4628
309	309	4637
309	309	4647
310	310	4656
310	310	4664
311	311	4673
312	312	4681
313	313	4690
314	314	4699
316	316	4707
316	316	4715
316	316	4723
316	316	4731
316	316	4739
316	316	4747
316	316	4755
316	316	4763
316	316	4772
316	316	4780
316	316	4788
316	316	4796
316	316	4804
316	316	4812
316	316	4820
316	316	4828
316	316	4836
316	316	4845
314	314	4854
309	309	4862
304	304	4870
302	302	4879
297	297	4887
294	294	4896
291	291	4904
281	281	4913
277	277	4922
273	273	4930
257	257	4938
231	231	4947
223	223	4955
215	215	4964
197	197	4972
189	189	4980
183	183	4988
166	166	4996
161	161	5004
149	149	5012
145	145	5021
141	141	5030
130	130	5038
126	126	5046
117	117	5056
114	114	5065
111	111	5074
103	103	5082
98	98	5090
92	92	5098
90	90	5106
87	87	5114
85	85	5122
82	82	5130
80	80	5139
77	77	5147
72	72	5156
69	69	5164
64	64	5174
63	63	5183
60	60	5191
55	55	5199
53	53	5208
50	50	5216
47	47	5224
45	45	5233
39	39	5241
39	39	5250
34	34	5259
32	32	5267
31	31	5275
27	27	5284
25	25	5292
23	23	5300
22	22	5308
21	21	5316
20	20	5324
20	20	5332
18	18	5341
18	18	5349
18	18	5358
17	17	5367
17	17	5376
17	17	5385
17	17	5393
17	17	5401
17	17	5409
17	17	5417
17	17	5426
17	17	5435
17	17	5444
17	17	5452
17	17	5461
17	17	5469
17	17	5478
18	18	5487
20	20	5495
21	21	5504
24	24	5513
26	26	5522
28	28	5531
36	36	5540
40	40	5549
51	51	5558
57	57	5566
67	67	5575
73	73	5584
78	78	5593
92	92	5601
97	97	5610
112	112	5619
124	124	5627
139	139	5636
145	145	5645
151	151	5654
164	164	5662
170	170	5671
182	182	5679
187	187	5687
191	191	5696
200	200	5704
205	205	5712
208	208	5720
217	217	5728
221	221	5736
232	232	5744
236	236	5753
240	240	5761
251	251	5769
255	255	5778
266	266	5786
273	273	5795
281	281	5804
284	284	5813
288	288	5821
297	297	5830
300	300	5838
311	311	5846
315	315	5854
321	321	5862
331	331	5871
335	335	5879
347	347	5887
352	352	5896
356	356	5905
368	368	5914
377	377	5923
389	389	5931
391	391	5939
402	402	5947
406	406	5955
410	410	5964
422	422	5973
425	425	5982
429	429	5990
438	438	5999
444	444	6008
454	454	6016
458	458	6025
463	463	6034
475	475	6042
487	487	6050
487	487	6059
494	494	6067
504	504	6076
508	508	6084
512	512	6093
523	523	6102
526	526	6110
533	533	6119
536	536	6128
541	541	6136
549	549	6145
552	552	6153
555	555	6161
563	563	6169
568	568	6178
577	577	6186
584	584	6195
595	595	6203
599	599	6211
608	608	6219
611	611	6227
614	614	6235
623	623	6244
626	626	6253
628	628	6262
635	635	6271
637	637	6279
643	643	6287
645	645	6295
647	647	6303
650	650	6311
651	651	6319
652	652	6328
653	653	6337
653	653	6345
654	654	6353
655	655	6361
655	655	6369
655	655	6377
655	655	6385
656	656	6394
656	656	6403
656	656	6411
656	656	6420
656	656	6428
656	656	6437
656	656	6445
656	656	6454
656	656	6462
656	656	6470
656	656	6478
656	656	6486
655	655	6494
653	653	6502
650	650	6512
641	641	6520
631	631	6529
625	625	6538
620	620	6547
593	593	6556
573	573	6565
563	563	6574
555	555	6582
531	531	6590
522	522	6598
514	514	6606
489	489	6615
480	480	6624
456	456	6633
447	447	6641
437	437	6650
403	403	6659
394	394	6668
370	370	6676
361	361	6685
341	341	6693
332	332	6702
326	326	6711
306	306	6720
300	300	6729
285	285	6738
278	278	6746
271	271	6754
255	255	6762
248	248	6771
225	225	6779
219	219	6787
204	204	6795
195	195	6803
189	189	6811
171	171	6820
165	165	6828
160	160	6837
147	147	6845
142	142	6854
128	128	6863
124	124	6871
119	119	6879
108	108	6887
105	105	6895
96	96	6903
93	93	6912
90	90	6921
81	81	6929
78	78	6937
75	75	6945
64	64	6954
61	61	6962
49	49	6971
46	46	6980
40	40	6989
39	39	6997
37	37	7005
34	34	7013
32	32	7022
28	28	7030
27	27	7038
25	25	7046
23	23	7055
23	23	7064
23	23	7072
23	23	7081
23	23	7090
23	23	7098
23	23	7106
23	23	7114
23	23	7123
23	23	7131
23	23	7139
23	23	7148
23	23	7156
23	23	7165
23	23	7174
23	23	7182
23	23	7191
23	23	7199
24	24	7207
29	29	7215
31	31	7224
35	35	7232
45	45	7241
66	66	7250
72	72	7259
76	76	7268
89	89	7277
104	104	7285
110	110	7294
118	118	7303
136	136	7311
145	145	7319
164	164	7328
172	172	7337
181	181	7346
213	213	7354
222	222	7363
244	244	7372
249	249	7380
267	267	7389
272	272	7397
278	278	7406
293	293	7414
297	297	7422
310	310	7431
314	314	7439
318	318	7447
328	328	7456
332	332	7464
335	335	7473
342	342	7481
345	345	7489
352	352	7497
353	353	7506
358	358	7514
358	358	7523
362	362	7532
363	363	7541
364	364	7549
367	367	7557
369	369	7565
371	371	7573
372	372	7581
373	373	7590
375	375	7598
377	377	7606
380	380	7614
381	381	7623
382	382	7631
385	385	7640
388	388	7649
389	389	7658
394	394	7667
398	398	7675
400	400	7684
401	401	7692
405	405	7701
406	406	7709
407	407	7718
407	407	7727
407	407	7735
407	407	7744
407	407	7753
407	407	7762
407	407	7771
407	407	7779
407	407	7787
407	407	7795
407	407	7804
407	407	7812
407	407	7821
407	407	7830
407	407	7839
399	399	7847
396	396	7856
391	391	7864
381	381	7873
376	376	7881
366	366	7890
356	356	7899
337	337	7907
329	329	7916
320	320	7924
300	300	7933
276	276	7942
268	268	7951
247	247	7959
239	239	7968
231	231	7977
215	215	7986
208	208	7995
190	190	8004
185	185	8013
176	176	8021
171	171	8030
168	168	8039
159	159	8047
155	155	8056
152	152	8065
142	142	8074
142	142	8082
134	134	8091
131	131	8099
126	126	8107
125	125	8115
122	122	8124
119	119	8133
112	112	8141
108	108	8149
105	105	8158
99	99	8166
97	97	8175
94	94	8184
86	86	8192
83	83	8200
76	76	8209
73	73	8218
69	69	8226
59	59	8235
53	53	8243
50	50	8251
48	48	8259
40	40	8268
38	38	8277
36	36	8286
33	33	8294
32	32	8302
29	29	8310
28	28	8319
28	28	8328
27	27	8337
26	26	8345
26	26	8353
25	25	8361
25	25	8370
25	25	8378
25	25	8386
25	25	8395
140	140	8403
147	147	8412
156	156	8420
175	175	8428
211	211	8437
221	221	8445
247	247	8454
258	258	8462
282	282	8471
290	290	8480
297	297	8489
318	318	8497
325	325	8505
329	329	8514
339	339	8522
342	342	8531
347	347	8540
349	349	8549
350	350	8558
350	350	8566
350	350	8574
350	350	8583
350	350	8592
350	350	8600
350	350	8609
350	350	8617
350	350	8625
350	350	8634
350	350	8643
349	349	8652
349	349	8661
348	348	8670
348	348	8680
348	348	8689
348	348	8697
348	348	8705
348	348	8714
348	348	8722
348	348	8730
348	348	8738
348	348	8747
348	348	8755
348	348	8763
348	348	8771
348	348	8779
347	347	8788
347	347	8796
359	359	8805
363	363	8813
371	371	8822
374	374	8831
376	376	8839
383	383	8847
386	386	8856
396	396	8865
400	400	8873
406	406	8882
418	418	8890
422	422	8898
427	427	8906
438	438	8914
445	445	8923
465	465	8932
470	470	8940
470	470	8949
496	496	8957
500	500	8966
514	514	8974
518	518	8982
531	531	8991
538	538	9000
543	543	9008
561	561	9017
569	569	9026
590	590	9035
594	594	9044
599	599	9053
615	615	9062
619	619	9070
629	629	9079
639	639	9087
642	642	9095
651	651	9104
654	654	9112
656	656	9121
662	662	9130
665	665	9138
667	667	9147
673	673	9155
676	676	9163
678	678	9171
684	684	9179
687	687	9188
692	692	9196
693	693	9204
697	697	9212
698	698	9220
701	701	9229
704	704	9237
709	709	9246
712	712	9254
713	713	9262
717	717	9271
719	719	9279
720	720	9288
720	720	9296
721	721	9305
721	721	9313
721	721	9321
721	721	9329
721	721	9338
721	721	9346
723	723	9354
723	723	9362
724	724	9370
726	726	9379
726	726	9388
727	727	9397
729	729	9405
730	730	9413
731	731	9421
732	732	9429
734	734	9437
735	735	9447
738	738	9455
740	740	9463
741	741	9471
744	744	9480
746	746	9488
747	747	9496
750	750	9505
751	751	9513
752	752	9522
752	752	9531
753	753	9539
754	754	9548
754	754	9557
754	754	9565
754	754	9574
754	754	9583
754	754	9592
754	754	9600
754	754	9609
754	754	9617
754	754	9626
753	753	9634
752	752	9642
747	747	9651
744	744	9660
740	740	9669
722	722	9677
717	717	9687
702	702	9695
694	694	9703
688	688	9711
669	669	9720
661	661	9729
653	653	9738
635	635	9747
628	628	9755
599	599	9764
591	591	9772
573	573	9781
567	567	9789
552	552	9798
547	547	9806
540	540	9814
525	525	9823
520	520	9832
514	514	9841
500	500	9850
494	494	9860
480	480	9868
468	468	9876
468	468	9885
445	445	9894
438	438	9902
420	420	9910
413	413	9918
391	391	9926
383	383	9934
375	375	9942
352	352	9950
344	344	9959
318	318	9967
308	308	9976
298	298	9984
272	272	9992
261	261	10000
252	252	10009
225	225	10018
216	216	10026
191	191	10035
182	182	10044
148	148	10053
139	139	10061
130	130	10069
108	108	10078
100	100	10086
81	81	10095
75	75	10103
69	69	10111
59	59	10119
56	56	10128
47	47	10136
43	43	10145
41	41	10154
34	34	10163
32	32	10171
29	29	10179
26	26	10188
25	25	10197
20	20	10205
15	15	10213
14	14	10222
13	13	10231
12	12	10240
11	11	10249
10	10	10257
10	10	10265
10	10	10273
10	10	10281
10	10	10289
10	10	10297
10	10	10305
10	10	10314
10	10	10323
10	10	10332
10	10	10340
10	10	10349
10	10	10357
10	10	10365
10	10	10373
11	11	10382
13	13	10391
16	16	10400
21	21	10408
22	22	10416
26	26	10424
26	26	10433
29	29	10442
31	31	10451
33	33	10459
35	35	10467
37	37	10476
45	45	10484
56	56	10493
60	60	10501
64	64	10509
74	74	10517
77	77	10525
83	83	10534
86	86	10542
88	88	10550
95	95	10558
98	98	10566
101	101	10574
112	112	10582
117	117	10590
124	124	10598
142	142	10606
152	152	10615
176	176	10623
185	185	10631
194	194	10639
221	221	10648
230	230	10657
252	252	10666
261	261	10675
269	269	10684
292	292	10692
300	300	10701
330	330	10709
338	338	10717
353	353	10725
358	358	10734
363	363	10742
375	375	10750
379	379	10758
384	384	10766
396	396	10774
400	400	10783
411	411	10792
415	415	10801
419	419	10810
430	430	10818
434	434	10827
444	444	10835
447	447	10843
450	450	10852
457	457	10861
463	463	10870
472	472	10878
475	475	10886
486	486	10895
490	490	10904
496	496	10912
509	509	10920
513	513	10928
524	524	10936
527	527	10944
530	530	10952
536	536	10960
538	538	10968
541	541	10976
545	545	10984
547	547	10992
548	548	11000
549	549	11008
552	552	11016
554	554	11024
555	555	11033
558	558	11042
559	559	11051
561	561	11059
564	564	11067
565	565	11076
570	570	11084
572	572	11093
576	576	11102
578	578	11111
581	581	11120
583	583	11129
584	584	11138
586	586	11146
587	587	11154
588	588	11163
590	590	11172
592	592	11180
592	592	11188
592	592	11196
592	592	11204
593	593	11212
593	593	11220
593	593	11228
593	593	11236
593	593	11244
593	593	11252
593	593	11260
593	593	11268
593	593	11276
593	593	11284
593	593	11292
593	593	11301
593	593	11310
593	593	11319
593	593	11328
593	593	11337
593	593	11345
593	593	11353
592	592	11361
592	592	11369
591	591	11377
590	590	11385
589	589	11393
587	587	11402
586	586	11411
583	583	11420
582	582	11429
579	579	11438
578	578	11447
577	577	11455
577	577	11464
576	576	11472
574	574	11480
574	574	11489
574	574	11498
572	572	11506
570	570	11514
568	568	11522
567	567	11530
566	566	11539
564	564	11548
564	564	11556
562	562	11564
562	562	11573
559	559	11582
559	559	11591
558	558	11599
557	557	11608
556	556	11617
554	554	11626
554	554	11635
553	553	11644
551	551	11653
550	550	11662
548	548	11670
547	547	11679
545	545	11687
544	544	11695
540	540	11703
539	539	11711
538	538	11720
536	536	11728
534	534	11736
532	532	11744
530	530	11752
529	529	11760
527	527	11769
525	525	11777
525	525	11785
523	523	11793
523	523	11801
522	522	11809
521	521	11817
520	520	11825
520	520	11834
519	519	11842
518	518	11851
516	516	11859
515	515	11867
513	513	11875
510	510	11883
509	509	11892
504	504	11901
503	503	11909
500	500	11918
498	498	11926
494	494	11935
491	491	11943
488	488	11952
482	482	11961
476	476	11970
472	472	11978
459	459	11987
453	453	11995
444	444	12004
426	426	12013
421	421	12021
404	404	12030
396	396	12038
388	388	12047
368	368	12055
359	359	12063
335	335	12071
326	326	12080
315	315	12088
289	289	12096
280	280	12104
270	270	12112
248	248	12120
240	240	12128
218	218	12136
209	209	12144
201	201	12152
180	180	12161
172	172	12170
166	166	12179
151	151	12187
144	144	12196
129	129	12205
120	120	12213
108	108	12221
103	103	12230
94	94	12238
90	90	12246
86	86	12255
76	76	12263
72	72	12271
68	68	12280
58	58	12288
54	54	12296
46	46	12305
42	42	12313
39	39	12322
30	30	12330
27	27	12338
18	18	12347
16	16	12356
10	10	12364
10	10	12372
6	6	12380
6	6	12389
2	2	12397
0	0	12405
0	0	12413
0	0	12422
0	0	12430
0	0	12438
0	0	12446
0	0	12455
0	0	12463
0	0	12471
0	0	12479
0	0	12487
0	0	12495
0	0	12503
0	0	12511
0	0	12519
0	0	12529
0	0	12538
0	0	12547
0	0	12556
0	0	12565
0	0	12574
0	0	12583
0	0	12592
0	0	12601
0	0	12609
1	1	12618
2	2	12627
4	4	12636
4	4	12645
5	5	12653
5	5	12662
6	6	12671
6	6	12679
7	7	12687
7	7	12695
8	8	12704
9	9	12712
10	10	12721
12	12	12729
13	13	12738
15	15	12747
17	17	12755
20	20	12763
21	21	12772
22	22	12780
24	24	12788
26	26	12797
26	26	12806
27	27	12815
28	28	12823
28	28	12831
28	28	12839
29	29	12849
30	30	12857
30	30	12866
30	30	12874
31	31	12883
31	31	12892
34	34	12901
35	35	12910
36	36	12918
39	39	12927
40	40	12935
42	42	12943
45	45	12952
45	45	12961
47	47	12969
49	49	12978
50	50	12986
53	53	12994
54	54	13002
56	56	13010
61	61	13019
63	63	13028
69	69	13037
76	76	13045
86	86	13053
90	90	13061
99	99	13069
102	102	13077
110	110	13085
115	115	13093
125	125	13101
129	129	13109
132	132	13118
142	142	13127
146	146	13135
158	158	13143
162	162	13151
167	167	13159
178	178	13167
182	182	13175
186	186	13183
198	198	13191
203	203	13199
206	206	13207
215	215	13215
218	218	13223
225	225	13231
227	227	13239
229	229	13247
235	235	13255
237	237	13263
242	242	13271
244	244	13279
246	246	13287
251	251	13295
253	253	13303
256	256	13311
263	263	13320
266	266	13328
273	273	13337
275	275	13345
277	277	13353
283	283	13361
285	285	13369
290	290	13377
293	293	13385
295	295	13394
300	300	13403
301	301	13411
303	303	13420
309	309	13428
309	309	13436
315	315	13444
318	318	13452
319	319	13460
319	319	13468
324	324	13476
324	324	13484
329	329	13493
331	331	13501
333	333	13510
338	338	13518
341	341	13526
343	343	13534
350	350	13543
354	354	13552
362	362	13560
365	365	13568
368	368	13576
376	376	13584
379	379	13592
387	387	13600
390	390	13608
392	392	13617
396	396	13625
396	396	13633
397	397	13641
397	397	13650
397	397	13658
397	397	13667
397	397	13676
397	397	13684
397	397	13692
397	397	13700
397	397	13709
397	397	13717
397	397	13725
397	397	13733
396	396	13742
393	393	13750
392	392	13758
388	388	13766
387	387	13775
385	385	13784
381	381	13793
380	380	13802
378	378	13811
374	374	13820
370	370	13829
368	368	13838
366	366	13846
363	363	13854
362	362	13862
361	361	13871
357	357	13879
355	355	13888
352	352	13896
351	351	13904
350	350	13912
347	347	13920
346	346	13928
343	343	13937
342	342	13946
342	342	13955
338	338	13963
337	337	13972
334	334	13980
334	334	13989
329	329	13998
328	328	14006
327	327	14015
325	325	14023
323	323	14031
320	320	14040
320	320	14048
319	319	14056
318	318	14064
317	317	14073
317	317	14081
315	315	14090
314	314	14098
314	314	14107
313	313	14116
313	313	14125
310	310	14133
310	310	14142
308	308	14151
307	307	14159
306	306	14169
306	306	14177
306	306	14185
304	304	14193
304	304	14201
304	304	14209
304	304	14217
303	303	14225
303	303	14233
303	303	14242
303	303	14251
303	303	14260
303	303	14269
303	303	14278
303	303	14287
302	302	14296
302	302	14305
299	299	14314
298	298	14323
295	295	14332
285	285	14340
280	280	14348
274	274	14356
256	256	14365
237	237	14373
230	230	14382
214	214	14390
206	206	14399
186	186	14407
178	178	14415
170	170	14423
149	149	14432
141	141	14440
132	132	14448
115	115	14456
107	107	14465
89	89	14473
83	83	14482
76	76	14490
63	63	14498
57	57	14506
45	45	14515
41	41	14523
36	36	14532
26	26	14541
20	20	14549
13	13	14557
11	11	14565
6	6	14574
4	4	14582
3	3	14590
0	0	14598
0	0	14606
0	0	14614
0	0	14622
0	0	14630
0	0	14638
0	0	14647
0	0	14656
0	0	14664
0	0	14672
0	0	14680
0	0	14688
0	0	14696
0	0	14704
0	0	14713
0	0	14722
0	0	14730
0	0	14738
0	0	14746
0	0	14755
0	0	14763
0	0	14772
0	0	14780
0	0	14788
0	0	14797
0	0	14806
0	0	14815
1	1	14823
1	1	14831
2	2	14839
4	4	14847
4	4	14855
6	6	14864
8	8	14872
9	9	14880
13	13	14888
15	15	14896
18	18	14905
25	25	14913
28	28	14922
36	36	14931
40	40	14939
44	44	14948
60	60	14956
72	72	14964
76	76	14973
87	87	14981
91	91	14989
103	103	14997
107	107	15005
112	112	15014
123	123	15023
126	126	15032
135	135	15040
138	138	15048
141	141	15057
151	151	15065
156	156	15073
163	163	15081
177	177	15089
184	184	15097
200	200	15105
207	207	15113
212	212	15121
224	224	15129
230	230	15138
235	235	15147
247	247	15156
251	251	15165
267	267	15174
272	272	15183
282	282	15192
286	286	15200
298	298	15209
302	302	15218
308	308	15226
321	321	15234
327	327	15242
333	333	15251
347	347	15260
352	352	15268
371	371	15277
377	377	15285
391	391	15294
397	397	15302
402	402	15311
415	415	15319
420	420	15327
431	431	15335
436	436	15343
441	441	15351
452	452	15359
455	455	15367
463	463	15376
467	467	15384
470	470	15393
481	481	15402
485	485	15411
489	489	15420
499	499	15429
511	511	15437
515	515	15445
520	520	15453
529	529	15462
534	534	15471
538	538	15480
549	549	15489
552	552	15497
560	560	15506
564	564	15515
567	567	15523
574	574	15531
577	577	15539
582	582	15547
585	585	15555
587	587	15563
594	594	15571
597	597	15580
599	599	15589
608	608	15597
616	616	15605
618	618	15613
621	621	15621
628	628	15629
631	631	15637
636	636	15645
638	638	15654
640	640	15663
646	646	15672
648	648	15680
651	651	15689
658	658	15698
661	661	15706
668	668	15714
670	670	15722
673	673	15730
677	677	15738
679	679	15747
680	680	15756
684	684	15764
684	684	15773
693	693	15781
698	698	15789
699	699	15797
703	703	15806
704	704	15814
705	705	15822
707	707	15830
708	708	15838
708	708	15846
709	709	15854
709	709	15863
709	709	15871
710	710	15880
710	710	15888
710	710	15897
711	711	15906
711	711	15914
711	711	15922
711	711	15930
711	711	15938
711	711	15947
711	711	15955
710	710	15963
709	709	15972
709	709	15980
706	706	15988
705	705	15996
705	705	16004
703	703	16012
703	703	16021
699	699	16029
698	698	16037
695	695	16045
694	694	16053
691	691	16061
691	691	16069
690	690	16077
688	688	16085
688	688	16094
687	687	16103
687	687	16111
686	686	16120
685	685	16128
684	684	16136
684	684	16144
683	683	16152
682	682	16160
680	680	16169
680	680	16178
679	679	16186
678	678	16194
678	678	16202
676	676	16210
675	675	16218
674	674	16226
673	673	16234
672	672	16242
671	671	16250
669	669	16258
668	668	16266
667	667	16274
666	666	16283
666	666	16292
663	663	16300
663	663	16309
662	662	16317
661	661	16326
658	658	16334
657	657	16342
656	656	16351
652	652	16360
650	650	16368
646	646	16376
644	644	16384
642	642	16392
637	637	16400
635	635	16409
632	632	16417
625	625	16425
622	622	16433
612	612	16441
606	606	16450
595	595	16458
589	589	16466
573	573	16474
565	565	16482
557	557	16490
534	534	16498
525	525	16506
501	501	16514
491	491	16522
482	482	16530
458	458	16538
447	447	16546
413	413	16554
398	398	16562
382	382	16571
322	322	16580
303	303	16588
286	286	16596
235	235	16604
208	208	16613
178	178	16621
167	167	16630
139	139	16638
129	129	16646
119	119	16654
93	93	16662
84	84	16670
62	62	16679
54	54	16687
48	48	16696
35	35	16704
31	31	16712
21	21	16720
18	18	16728
16	16	16736
10	10	16744
8	8	16752
5	5	16760
0	0	16768
0	0	16776
0	0	16785
0	0	16794
0	0	16802
0	0	16810
0	0	16818
0	0	16827
0	0	16836
0	0	16845
0	0	16854
0	0	16862
0	0	16870
0	0	16879
0	0	16887
0	0	16896
0	0	16904
0	0	16913
0	0	16921
0	0	16929
0	0	16937
0	0	16946
0	0	16955
0	0	16964
0	0	16973
3	3	16981
4	4	16989
6	6	16997
6	6	17005
9	9	17013
11	11	17021
13	13	17029
19	19	17037
21	21	17045
27	27	17054
28	28	17063
30	30	17071
34	34	17079
35	35	17087
36	36	17095
38	38	17104
39	39	17113
41	41	17121
41	41	17129
42	42	17138
43	43	17146
43	43	17154
44	44	17162
44	44	17170
45	45	17178
46	46	17186
47	47	17194
48	48	17202
49	49	17210
49	49	17219
50	50	17227
50	50	17235
51	51	17244
52	52	17253
53	53	17261
56	56	17269
58	58	17277
64	64	17285
67	67	17293
70	70	17301
80	80	17309
86	86	17317
96	96	17325
101	101	17333
114	114	17342
121	121	17350
137	137	17358
145	145	17366
153	153	17374
174	174	17382
183	183	17390
205	205	17398
214	214	17406
223	223	17414
241	241	17422
248	248	17430
255	255	17438
268	268	17447
273	273	17456
278	278	17465
288	288	17474
293	293	17483
301	301	17491
304	304	17499
306	306	17507
312	312	17515
314	314	17523
320	320	17532
321	321	17540
328	328	17548
328	328	17557
337	337	17565
340	340	17573
343	343	17581
351	351	17589
353	353	17597
357	357	17605
366	366	17613
368	368	17622
375	375	17631
378	378	17640
381	381	17648
393	393	17657
400	400	17666
413	413	17675
418	418	17683
422	422	17691
432	432	17700
436	436	17709
449	449	17718
453	453	17726
461	461	17734
464	464	17742
467	467	17750
474	474	17758
478	478	17766
480	480	17775
484	484	17783
486	486	17791
487	487	17799
487	487	17807
488	488	17816
488	488	17824
488	488	17832
488	488	17841
488	488	17849
488	488	17857
488	488	17865
488	488	17873
488	488	17881
488	488	17889
488	488	17897
488	488	17905
488	488	17913
488	488	17921
488	488	17929
488	488	17937
487	487	17945
486	486	17953
485	485	17962
482	482	17971
480	480	17980
475	475	17988
475	475	17996
470	470	18005
469	469	18013
466	466	18022
464	464	18030
463	463	18038
460	460	18046
459	459	18054
458	458	18063
455	455	18072
454	454	18080
452	452	18088
451	451	18097
449	449	18106
446	446	18115
444	444	18123
443	443	18132
439	439	18141
437	437	18150
436	436	18159
435	435	18168
434	434	18177
434	434	18185
432	432	18193
432	432	18202
431	431	18210
429	429	18218
429	429	18226
428	428	18235
426	426	18243
426	426	18251
424	424	18260
424	424	18269
422	422	18278
421	421	18287
420	420	18296
420	420	18304
420	420	18312
419	419	18320
419	419	18328
418	418	18336
418	418	18345
417	417	18353
416	416	18362
416	416	18370
415	415	18379
414	414	18387
414	414	18396
414	414	18404
413	413	18412
413	413	18421
413	413	18430
413	413	18439
413	413	18447
413	413	18455
413	413	18464
413	413	18473
413	413	18482
412	412	18491
411	411	18499
410	410	18508
407	407	18516
393	393	18524
386	386	18532
386	386	18541
366	366	18549
364	364	18558
354	354	18567
349	349	18576
333	333	18584
326	326	18592
318	318	18600
296	296	18608
287	287	18616
260	260	18624
251	251	18632
240	240	18641
218	218	18650
207	207	18659
181	181	18667
173	173	18676
164	164	18685
132	132	18694
114	114	18703
108	108	18711
103	103	18719
89	89	18727
83	83	18736
77	77	18745
65	65	18754
61	61	18762
52	52	18770
49	49	18779
46	46	18787
40	40	18795
38	38	18803
36	36	18812
30	30	18820
28	28	18828
25	25	18836
22	22	18844
22	22	18852
20	20	18860
19	19	18869
18	18	18877
18	18	18886
18	18	18895
18	18	18903
18	18	18912
18	18	18921
151	151	18929
150	150	18937
150	150	18945
150	150	18953
149	149	18962
148	148	18970
148	148	18979
146	146	18987
146	146	18995
145	145	19004
145	145	19012
145	145	19020
145	145	19029
144	144	19037
144	144	19046
143	143	19055
143	143	19063
143	143	19071
143	143	19080
143	143	19089
143	143	19097
143	143	19105
143	143	19113
143	143	19121
143	143	19129
143	143	19137
142	142	19146
142	142	19155
142	142	19164
142	142	19172
142	142	19181
141	141	19189
141	141	19197
141	141	19205
139	139	19214
139	139	19223
139	139	19231
136	136	19240
136	136	19249
134	134	19257
132	132	19265
131	131	19273
130	130	19282
129	129	19291
127	127	19300
127	127	19309
127	127	19318
126	126	19326
126	126	19334
126	126	19342
126	126	19350
126	126	19359
126	126	19367
126	126	19375
126	126	19383
126	126	19391
126	126	19399
128	128	19407
129	129	19415
132	132	19424
134	134	19432
140	140	19441
142	142	19450
145	145	19458
153	153	19466
157	157	19474
159	159	19482
168	168	19491
170	170	19499
173	173	19507
174	174	19515
175	175	19523
175	175	19531
175	175	19539
175	175	19547
175	175	19555
175	175	19563
175	175	19571
175	175	19579
175	175	19587
165	165	19595
161	161	19603
147	147	19612
142	142	19620
137	137	19628
122	122	19637
115	115	19646
100	100	19655
93	93	19663
81	81	19671
76	76	19679
65	65	19687
58	58	19695
58	58	19704
50	50	19713
49	49	19721
48	48	19730
46	46	19738
46	46	19746
45	45	19754
44	44	19762
43	43	19770
43	43	19778
42	42	19786
41	41	19795
41	41	19803
40	40	19812
40	40	19820
40	40	19829
40	40	19838
40	40	19846
40	40	19854
39	39	19862
39	39	19870
39	39	19878
39	39	19887
38	38	19895
38	38	19903
38	38	19912
38	38	19921
38	38	19929
38	38	19938
38	38	19946
38	38	19954
38	38	19962
38	38	19971
38	38	19979
38	38	19987
38	38	19996
38	38	20004
38	38	20012
38	38	20020
38	38	20028
38	38	20036
38	38	20045
38	38	20053
38	38	20061
39	39	20070
41	41	20079
46	46	20088
57	57	20096
59	59	20104
62	62	20112
71	71	20120
78	78	20129
95	95	20138
101	101	20147
106	106	20155
118	118	20164
134	134	20173
141	141	20181
149	149	20190
171	171	20199
179	179	20208
211	211	20217
219	219	20226
234	234	20235
241	241	20244
246	246	20253
258	258	20261
263	263	20270
273	273	20278
277	277	20286
280	280	20294
289	289	20302
295	295	20310
300	300	20318
319	319	20326
326	326	20334
348	348	20342
357	357	20350
365	365	20359
397	397	20368
424	424	20377
434	434	20385
443	443	20394
476	476	20402
489	489	20410
503	503	20418
545	545	20426
565	565	20434
621	621	20443
638	638	20451
654	654	20460
704	704	20468
718	718	20477
731	731	20485
764	764	20493
774	774	20501
802	802	20509
812	812	20517
821	821	20525
845	845	20534
853	853	20542
876	876	20551
893	893	20559
893	893	20567
923	923	20575
923	923	20583
951	951	20592
957	957	20600
971	971	20608
977	977	20616
981	981	20625
992	992	20633
995	995	20642
997	997	20651
1003	1003	20659
1006	1006	20668
1009	1009	20677
1010	1010	20686
1011	1011	20694
1011	1011	20702
1011	1011	20710
1011	1011	20719
1011	1011	20727
1011	1011	20735
1011	1011	20743
1011	1011	20751
1010	1010	20759
1010	1010	20767
1002	1002	20776
998	998	20785
986	986	20793
982	982	20801
977	977	20809
968	968	20817
959	959	20825
956	956	20833
953	953	20841
944	944	20849
941	941	20858
933	933	20867
929	929	20876
925	925	20885
913	913	20893
908	908	20901
896	896	20909
892	892	20917
887	887	20925
878	878	20933
875	875	20942
872	872	20951
864	864	20960
859	859	20969
856	856	20977
853	853	20985
851	851	20993
850	850	21002
847	847	21010
846	846	21018
844	844	21026
840	840	21034
838	838	21042
833	833	21050
831	831	21058
829	829	21067
825	825	21075
824	824	21083
821	821	21092
819	819	21100
818	818	21109
814	814	21117
813	813	21125
812	812	21133
809	809	21141
808	808	21149
804	804	21158
802	802	21166
800	800	21174
794	794	21183
793	793	21191
785	785	21200
783	783	21209
779	779	21217
777	777	21225
773	773	21234
772	772	21243
770	770	21252
766	766	21261
765	765	21270
763	763	21278
760	760	21287
758	758	21295
758	758	21303
754	754	21312
751	751	21320
749	749	21329
749	749	21338
747	747	21346
747	747	21355
746	746	21363
746	746	21371
744	744	21380
743	743	21388
743	743	21396
742	742	21404
740	740	21412
740	740	21421
739	739	21429
738	738	21437
738	738	21445
737	737	21453
736	736	21461
734	734	21469
730	730	21477
726	726	21485
713	713	21494
707	707	21502
697	697	21511
674	674	21521
666	666	21529
658	658	21537
635	635	21546
626	626	21555
600	600	21563
589	589	21571
577	577	21579
548	548	21587
538	538	21595
511	511	21603
502	502	21611
490	490	21619
462	462	21627
451	451	21635
441	441	21644
412	412	21652
403	403	21661
379	379	21670
369	369	21678
361	361	21687
336	336	21696
328	328	21704
308	308	21712
301	301	21721
287	287	21730
280	280	21738
273	273	21747
255	255	21755
248	248	21763
228	228	21771
221	221	21779
213	213	21787
197	197	21795
191	191	21803
185	185	21811
171	171	21819
163	163	21827
148	148	21835
141	141	21843
136	136	21851
124	124	21859
120	120	21867
116	116	21875
106	106	21883
102	102	21891
94	94	21899
91	91	21907
89	89	21915
83	83	21924
80	80	21932
75	75	21940
73	73	21949
71	71	21957
68	68	21965
67	67	21973
63	63	21981
62	62	21989
60	60	21998
56	56	22006
54	54	22015
48	48	22024
46	46	22033
40	40	22041
38	38	22049
35	35	22057
34	34	22065
32	32	22074
30	30	22082
29	29	22090
29	29	22098
27	27	22107
27	27	22115
27	27	22123
27	27	22131
27	27	22139
27	27	22148
27	27	22156
27	27	22164
27	27	22173
27	27	22181
27	27	22190
27	27	22198
28	28	22207
29	29	22215
32	32	22224
34	34	22232
36	36	22240
39	39	22249
41	41	22257
43	43	22266
48	48	22274
51	51	22283
59	59	22291
62	62	22299
66	66	22307
74	74	22315
83	83	22323
86	86	22331
89	89	22339
98	98	22348
103	103	22357
108	108	22365
119	119	22374
125	125	22383
140	140	22392
144	144	22400
155	155	22408
158	158	22417
165	165	22425
168	168	22434
172	172	22443
180	180	22451
184	184	22459
192	192	22468
195	195	22477
199	199	22486
207	207	22494
210	210	22502
214	214	22510
222	222	22518
227	227	22527
236	236	22535
236	236	22543
246	246	22552
249	249	22561
253	253	22570
262	262	22578
265	265	22586
273	273	22594
279	279	22603
283	283	22611
297	297	22619
303	303	22627
316	316	22635
323	323	22644
330	330	22653
346	346	22662
353	353	22671
360	360	22679
378	378	22687
386	386	22695
406	406	22703
424	424	22712
440	440	22721
446	446	22730
454	454	22739
473	473	22748
481	481	22757
498	498	22765
504	504	22773
510	510	22782
523	523	22790
529	529	22798
542	542	22807
549	549	22815
570	570	22824
576	576	22833
583	583	22842
596	596	22851
601	601	22859
611	611	22868
614	614	22876
616	616	22885
622	622	22893
625	625	22901
629	629	22909
631	631	22918
632	632	22926
634	634	22935
635	635	22943
637	637	22951
637	637	22960
637	637	22968
637	637	22977
637	637	22986
637	637	22995
637	637	23003
637	637	23011
637	637	23020
636	636	23029
635	635	23037
633	633	23045
630	630	23053
628	628	23061
625	625	23069
619	619	23077
616	616	23086
608	608	23095
606	606	23104
598	598	23113
597	597	23121
595	595	23129
591	591	23138
589	589	23146
586	586	23155
585	585	23164
583	583	23172
580	580	23180
579	579	23189
577	577	23197
573	573	23205
572	572	23213
569	569	23221
568	568	23229
567	567	23237
565	565	23245
563	563	23253
560	560	23261
560	560	23269
559	559	23277
556	556	23285
553	553	23293
552	552	23301
549	549	23310
548	548	23319
545	545	23328
541	541	23337
540	540	23345
539	539	23353
537	537	23361
536	536	23369
536	536	23377
534	534	23386
531	531	23395
531	531	23403
529	529	23411
528	528	23420
526	526	23429
525	525	23438
525	525	23447
523	523	23455
523	523	23463
522	522	23472
518	518	23480
515	515	23489
514	514	23498
512	512	23506
509	509	23515
507	507	23524
503	503	23532
501	501	23540
499	499	23548
494	494	23557
491	491	23566
489	489	23574
481	481	23582
479	479	23590
470	470	23599
468	468	23607
461	461	23615
447	447	23624
444	444	23633
440	440	23642
427	427	23651
420	420	23660
402	402	23669
395	395	23678
387	387	23686
369	369	23694
361	361	23702
351	351	23710
327	327	23719
318	318	23727
284	284	23735
275	275	23743
275	275	23752
242	242	23760
234	234	23769
212	212	23778
203	203	23787
180	180	23795
171	171	23803
163	163	23812
143	143	23821
136	136	23829
121	121	23837
116	116	23845
112	112	23854
101	101	23863
98	98	23872
88	88	23880
86	86	23889
80	80	23897
77	77	23905
75	75	23913
69	69	23921
67	67	23930
62	62	23938
61	61	23946
58	58	23954
56	56	23962
55	55	23970
51	51	23978
49	49	23986
44	44	23994
42	42	24003
40	40	24011
35	35	24019
34	34	24028
32	32	24036
29	29	24045
28	28	24053
27	27	24061
26	26	24069
25	25	24077
23	23	24085
23	23	24093
23	23	24101
22	22	24110
22	22	24118
21	21	24126
20	20	24134
20	20	24142
20	20	24150
20	20	24159
20	20	24167
20	20	24175
20	20	24183
20	20	24192
20	20	24200
21	21	24208
22	22	24217
22	22	24225
26	26	24234
27	27	24242
31	31	24251
33	33	24260
35	35	24269
40	40	24277
43	43	24285
48	48	24293
51	51	24301
54	54	24309
62	62	24317
66	66	24326
71	71	24335
87	87	24344
100	100	24352
105	105	24360
110	110	24369
118	118	24378
126	126	24387
129	129	24396
132	132	24405
139	139	24413
142	142	24421
148	148	24429
151	151	24438
154	154	24447
161	161	24456
167	167	24465
175	175	24473
178	178	24481
184	184	24489
187	187	24497
189	189	24506
195	195	24514
198	198	24523
203	203	24532
206	206	24540
208	208	24549
215	215	24558
220	220	24567
233	233	24576
237	237	24585
247	247	24594
251	251	24602
256	256	24610
267	267	24618
272	272	24627
283	283	24636
287	287	24644
291	291	24652
302	302	24660
305	305	24668
308	308	24676
314	314	24685
317	317	24693
322	322	24702
325	325	24710
327	327	24718
333	333	24726
336	336	24734
338	338	24742
346	346	24750
349	349	24759
359	359	24768
367	367	24777
376	376	24787
379	379	24795
387	387	24803
390	390	24811
392	392	24820
396	396	24829
396	396	24837
397	397	24845
397	397	24853
397	397	24861
397	397	24869
397	397	24878
397	397	24887
397	397	24896
388	388	24905
384	384	24913
375	375	24921
372	372	24929
367	367	24938
357	357	24947
354	354	24955
348	348	24963
345	345	24972
342	342	24981
335	335	24990
332	332	24999
329	329	25008
320	320	25016
317	317	25025
311	311	25034
309	309	25043
303	303	25052
301	301	25061
300	300	25070
297	297	25078
296	296	25086
292	292	25095
291	291	25104
289	289	25112
289	289	25121
288	288	25129
288	288	25137
288	288	25146
288	288	25154
288	288	25163
288	288	25172
288	288	25181
288	288	25189
288	288	25197
288	288	25205
288	288	25213
288	288	25222
288	288	25230
288	288	25239
287	287	25248
283	283	25257
281	281	25266
278	278	25274
269	269	25282
265	265	25290
261	261	25298
248	248	25306
238	238	25314
234	234	25323
220	220	25331
213	213	25340
206	206	25348
186	186	25356
179	179	25364
171	171	25372
156	156	25381
150	150	25390
135	135	25399
122	122	25408
104	104	25417
95	95	25425
89	89	25433
72	72	25442
65	65	25450
52	52	25459
47	47	25467
41	41	25475
29	29	25484
24	24	25493
13	13	25502
9	9	25511
6	6	25519
0	0	25527
0	0	25535
0	0	25543
0	0	25551
0	0	25559
0	0	25567
0	0	25575
0	0	25583
0	0	25591
0	0	25599
0	0	25608
0	0	25617
0	0	25625
0	0	25633
0	0	25642
0	0	25650
0	0	25659
0	0	25667
0	0	25675
0	0	25683
0	0	25692
0	0	25700
0	0	25709
1	1	25717
2	2	25726
9	9	25734
12	12	25742
19	19	25751
27	27	25760
34	34	25769
47	47	25777
54	54	25786
61	61	25794
83	83	25802
91	91	25810
115	115	25819
125	125	25828
133	133	25837
159	159	25845
170	170	25854
180	180	25863
224	224	25872
258	258	25880
272	272	25888
284	284	25896
314	314	25905
325	325	25913
353	353	25922
364	364	25931
375	375	25940
401	401	25949
410	410	25957
420	420	25965
446	446	25973
455	455	25982
478	478	25991
488	488	26000
518	518	26008
526	526	26017
542	542	26026
550	550	26034
556	556	26043
574	574	26052
579	579	26061
585	585	26069
597	597	26077
601	601	26085
612	612	26093
616	616	26101
620	620	26109
632	632	26117
636	636	26126
642	642	26134
652	652	26143
657	657	26151
665	665	26159
668	668	26167
678	678	26176
681	681	26184
687	687	26192
690	690	26200
691	691	26209
694	694	26218
696	696	26227
700	700	26236
701	701	26245
702	702	26253
703	703	26261
704	704	26270
706	706	26279
706	706	26287
707	707	26295
707	707	26303
707	707	26311
707	707	26319
707	707	26328
707	707	26337
707	707	26345
707	707	26354
706	706	26363
701	701	26371
694	694	26380
693	693	26388
691	691	26396
688	688	26405
687	687	26413
686	686	26421
685	685	26430
685	685	26438
683	683	26447
682	682	26455
682	682	26463
676	676	26471
676	676	26479
669	669	26487
669	669	26495
668	668	26504
664	664	26514
664	664	26523
663	663	26532
662	662	26541
661	661	26549
660	660	26558
660	660	26566
658	658	26574
657	657	26582
656	656	26590
656	656	26598
655	655	26606
654	654	26614
654	654	26622
654	654	26630
654	654	26638
654	654	26646
654	654	26655
654	654	26664
654	654	26673
654	654	26682
654	654	26691
654	654	26699
654	654	26707
654	654	26715
650	650	26724
648	648	26732
638	638	26740
635	635	26749
626	626	26757
622	622	26765
608	608	26773
601	601	26781
581	581	26789
571	571	26798
559	559	26807
523	523	26816
486	486	26825
418	418	26833
393	393	26841
311	311	26849
281	281	26858
248	248	26867
161	161	26876
133	133	26885
60	60	26893
35	35	26901
13	13	26909
0	0	26917
0	0	26925
0	0	26933
0	0	26941
0	0	26949
0	0	26957
0	0	26965
0	0	26974
0	0	26983
0	0	26992
0	0	27001
0	0	27009
0	0	27017
0	0	27025
0	0	27033
0	0	27042
0	0	27050
0	0	27058
0	0	27067
0	0	27076
0	0	27085
0	0	27093
0	0	27101
0	0	27109
0	0	27117
0	0	27125
0	0	27134
3	3	27142
4	4	27150
6	6	27159
10	10	27167
13	13	27175
13	13	27184
17	17	27193
20	20	27202
23	23	27210
24	24	27219
27	27	27227
29	29	27236
32	32	27244
34	34	27253
35	35	27261
36	36	27270
37	37	27279
38	38	27287
38	38	27295
38	38	27303
38	38	27312
38	38	27321
38	38	27329
38	38	27338
38	38	27347
38	38	27356
38	38	27365
38	38	27373
38	38	27381
38	38	27389
38	38	27397
38	38	27405
38	38	27413
38	38	27422
38	38	27431
38	38	27440
38	38	27448
38	38	27456
38	38	27464
38	38	27474
38	38	27483
38	38	27492
39	39	27500
41	41	27508
43	43	27516
45	45	27525
54	54	27533
61	61	27542
80	80	27551
90	90	27559
101	101	27567
131	131	27575
143	143	27583
194	194	27592
210	210	27600
269	269	27608
289	289	27617
308	308	27626
366	366	27634
385	385	27643
444	444	27652
461	461	27661
477	477	27669
534	534	27677
547	547	27685
560	560	27693
595	595	27701
605	605	27710
633	633	27718
643	643	27727
652	652	27736
674	674	27745
685	685	27754
690	690	27762
693	693	27770
700	700	27778
703	703	27786
706	706	27794
713	713	27802
714	714	27810
719	719	27819
721	721	27827
723	723	27836
729	729	27844
731	731	27852
735	735	27860
737	737	27869
738	738	27878
742	742	27886
744	744	27895
749	749	27904
750	750	27913
750	750	27922
750	750	27931
750	750	27940
750	750	27948
750	750	27957
750	750	27965
743	743	27974
738	738	27982
727	727	27990
722	722	27999
716	716	28007
706	706	28016
704	704	28025
698	698	28034
695	695	28042
692	692	28050
686	686	28058
684	684	28066
679	679	28074
677	677	28082
675	675	28091
674	674	28100
672	672	28109
669	669	28117
668	668	28126
665	665	28134
663	663	28143
662	662	28151
658	658	28159
658	658	28167
657	657	28175
657	657	28184
657	657	28192
657	657	28201
657	657	28210
657	657	28219
657	657	28228
657	657	28236
657	657	28244
657	657	28253
657	657	28263
657	657	28272
657	657	28281
657	657	28290
657	657	28299
657	657	28307
657	657	28315
657	657	28324
657	657	28332
657	657	28340
657	657	28348
657	657	28357
657	657	28365
657	657	28373
657	657	28382
657	657	28391
657	657	28400
653	653	28409
652	652	28418
652	652	28427
646	646	28436
643	643	28445
630	630	28454
623	623	28462
617	617	28471
604	604	28479
576	576	28488
567	567	28497
541	541	28506
528	528	28514
490	490	28523
475	475	28531
459	459	28539
407	407	28547
388	388	28555
371	371	28563
312	312	28571
295	295	28579
240	240	28588
223	223	28597
208	208	28606
166	166	28615
117	117	28624
104	104	28632
93	93	28640
65	65	28649
57	57	28658
49	49	28667
36	36	28675
32	32	28683
29	29	28691
26	26	28699
24	24	28707
24	24	28715
23	23	28723
22	22	28731
22	22	28740
22	22	28748
20	20	28756
20	20	28764
20	20	28773
19	19	28781
19	19	28790
19	19	28798
19	19	28806
19	19	28814
19	19	28823
19	19	28831
19	19	28839
19	19	28847
19	19	28856
19	19	28865
19	19	28873
19	19	28881
19	19	28890
19	19	28899
19	19	28908
19	19	28917
19	19	28925
23	23	28933
27	27	28941
30	30	28949
31	31	28957
37	37	28965
42	42	28974
45	45	28982
53	53	28991
67	67	29000
76	76	29009
80	80	29017
83	83	29026
94	94	29035
98	98	29043
103	103	29052
115	115	29061
118	118	29069
128	128	29077
133	133	29085
138	138	29094
149	149	29102
154	154	29110
169	169	29118
176	176	29126
182	182	29134
201	201	29143
218	218	29151
218	218	29159
251	251	29168
271	271	29176
279	279	29185
289	289	29193
311	311	29202
319	319	29211
328	328	29220
348	348	29229
356	356	29238
375	375	29247
387	387	29255
387	387	29263
404	404	29271
404	404	29279
416	416	29287
416	416	29295
419	419	29303
431	431	29312
434	434	29321
440	440	29329
443	443	29337
450	450	29345
452	452	29353
455	455	29362
461	461	29371
464	464	29379
467	467	29387
473	473	29396
475	475	29404
480	480	29412
483	483	29420
485	485	29429
492	492	29437
494	494	29445
497	497	29454
498	498	29463
499	499	29472
500	500	29480
500	500	29489
500	500	29497
500	500	29506
500	500	29514
500	500	29523
499	499	29532
497	497	29540
495	495	29549
486	486	29557
483	483	29566
476	476	29574
474	474	29582
471	471	29590
464	464	29599
461	461	29607
450	450	29615
449	449	29624
443	443	29632
442	442	29641
440	440	29650
437	437	29658
436	436	29666
435	435	29674
433	433	29682
433	433	29690
432	432	29699
432	432	29708
432	432	29716
432	432	29724
432	432	29732
432	432	29740
432	432	29749
432	432	29757
432	432	29765
432	432	29773
432	432	29781
430	430	29790
427	427	29799
422	422	29807
419	419	29815
407	407	29823
407	407	29831
405	405	29840
392	392	29848
390	390	29856
384	384	29865
382	382	29874
378	378	29883
377	377	29892
376	376	29901
374	374	29910
373	373	29918
373	373	29927
372	372	29935
372	372	29943
372	372	29951
372	372	29959
372	372	29967
372	372	29975
372	372	29983
372	372	29991
372	372	29999
372	372	30007
372	372	30015
372	372	30023
372	372	30031
372	372	30039
372	372	30047
372	372	30055
372	372	30063
372	372	30071
372	372	30079
372	372	30088
372	372	30096
372	372	30105
372	372	30114
372	372	30122
372	372	30130
372	372	30138
372	372	30146
372	372	30154
372	372	30162
372	372	30170
372	372	30178
373	373	30186
374	374	30195
375	375	30204
377	377	30213
378	378	30221
381	381	30229
382	382	30237
386	386	30246
388	388	30255
389	389	30263
395	395	30271
395	395	30280
399	399	30289
400	400	30298
404	404	30307
405	405	30315
408	408	30324
409	409	30332
410	410	30340
411	411	30348
412	412	30356
413	413	30364
413	413	30372
413	413	30380
414	414	30388
414	414	30397
414	414	30406
414	414	30414
414	414	30423
414	414	30432
414	414	30441
414	414	30449
414	414	30457
414	414	30465
414	414	30474
414	414	30483
414	414	30491
414	414	30499
411	411	30508
409	409	30517
406	406	30525
395	395	30533
389	389	30541
383	383	30549
367	367	30557
360	360	30566
353	353	30574
338	338	30582
332	332	30591
319	319	30599
313	313	30607
300	300	30616
295	295	30624
284	284	30632
279	279	30640
273	273	30648
256	256	30656
249	249	30664
229	229	30672
221	221	30680
212	212	30688
196	196	30696
188	188	30704
180	180	30712
153	153	30720
144	144	30729
115	115	30738
104	104	30746
92	92	30755
62	62	30764
50	50	30772
18	18	30780
7	7	30788
0	0	30797
0	0	30806
0	0	30815
0	0	30823
0	0	30831
0	0	30839
0	0	30847
0	0	30856
0	0	30864
0	0	30872
0	0	30880
0	0	30888
0	0	30896
0	0	30905
2	2	30913
6	6	30922
10	10	30931
12	12	30939
17	17	30947
19	19	30956
24	24	30964
26	26	30972
28	28	30981
33	33	30989
35	35	30997
38	38	31005
45	45	31013
48	48	31021
57	57	31029
59	59	31038
62	62	31046
69	69	31054
72	72	31063
74	74	31071
82	82	31080
87	87	31088
87	87	31096
88	88	31105
90	90	31114
91	91	31123
91	91	31132
92	92	31140
92	92	31148
92	92	31156
92	92	31165
92	92	31174
92	92	31182
92	92	31191
92	92	31199
92	92	31207
92	92	31215
91	91	31224
89	89	31232
88	88	31240
87	87	31249
83	83	31257
80	80	31265
77	77	31273
72	72	31281
71	71	31290
66	66	31299
64	64	31308
62	62	31317
59	59	31325
59	59	31333
58	58	31342
57	57	31350
57	57	31359
56	56	31368
56	56	31376
56	56	31385
56	56	31394
56	56	31403
56	56	31411
56	56	31420
56	56	31429
56	56	31438
56	56	31447
56	56	31456
56	56	31465
56	56	31473
56	56	31481
56	56	31489
55	55	31498
55	55	31507
54	54	31515
53	53	31524
52	52	31533
50	50	31542
49	49	31551
46	46	31560
40	40	31568
38	38	31577
