0.199884928928
-0.115765368764
-0.136129904099
-0.166676707101
-0.187041242436
-0.227770313106
-0.268499383776
-0.299046186778
-0.309228454446
-0.329592989781
-0.360139792783
-0.380504328118
-0.400868863453
-0.421233398788
-0.441597934123
-0.472144737125
-0.502691540128
-0.53323834313
-0.563785146133
-0.594331949135
-0.635061019805
-0.675790090475
-0.69615462581
-0.726701428812
-0.747065964147
-0.787795034817
-0.808159570152
-0.838706373155
-0.869253176157
-0.889617711492
-0.920164514494
-0.930346782162
-0.950711317497
-0.971075852832
-0.971075852832
-0.991440388167
-1.0118049235
-1.02198719117
-1.03216945884
-1.0423517265
-1.05253399417
-1.07289852951
-1.08308079717
-1.08308079717
-1.08308079717
-1.08308079717
-1.09326306484
-1.10344533251
-1.10344533251
-1.11362760018
-1.12380986784
-1.12380986784
-1.13399213551
-1.13399213551
-1.14417440318
-1.14417440318
-1.14417440318
-1.15435667085
-1.16453893851
-1.16453893851
-1.16453893851
-1.16453893851
-1.16453893851
-1.16453893851
-1.16453893851
-1.16453893851
-1.16453893851
-1.16453893851
-1.16453893851
-1.16453893851
-1.16453893851
-1.16453893851
-1.16453893851
-1.16453893851
-1.16453893851
-1.16453893851
-1.16453893851
-1.16453893851
-1.16453893851
-1.16453893851
-1.16453893851
-1.16453893851
-1.16453893851
-1.16453893851
-1.16453893851
-1.16453893851
-1.16453893851
-1.16453893851
-1.16453893851
-1.16453893851
-1.16453893851
-1.16453893851
-1.16453893851
-1.16453893851
-1.16453893851
-1.16453893851
-1.16453893851
-1.15435667085
-1.16453893851
-1.15435667085
-1.15435667085
-1.15435667085
-1.15435667085
-1.15435667085
-1.15435667085
-1.15435667085
-1.15435667085
-1.15435667085
-1.15435667085
-1.15435667085
-1.15435667085
-1.15435667085
-1.15435667085
-1.15435667085
-1.15435667085
-1.15435667085
-1.15435667085
-1.15435667085
-1.15435667085
-1.15435667085
-1.15435667085
-1.15435667085
-1.15435667085
-1.15435667085
-1.15435667085
-1.15435667085
-1.15435667085
-1.15435667085
-1.14417440318
-1.15435667085
-1.15435667085
-1.14417440318
-1.14417440318
-1.15435667085
-1.14417440318
-1.14417440318
-1.14417440318
-1.14417440318
-1.15435667085
-1.15435667085
-1.14417440318
-1.15435667085
-1.14417440318
-1.15435667085
-1.15435667085
-1.14417440318
-1.15435667085
-1.14417440318
-1.14417440318
-1.14417440318
-1.14417440318
-1.14417440318
-1.14417440318
-1.14417440318
-1.14417440318
-1.14417440318
-1.14417440318
-1.14417440318
-1.14417440318
-1.14417440318
-1.14417440318
-1.14417440318
-1.14417440318
-1.14417440318
-1.14417440318
-1.14417440318
-1.14417440318
-1.14417440318
-1.14417440318
-1.14417440318
-1.14417440318
-1.14417440318
-1.14417440318
-1.14417440318
-1.14417440318
-1.14417440318
-1.14417440318
-1.14417440318
-1.13399213551
-1.13399213551
-1.14417440318
-1.13399213551
-1.14417440318
-1.14417440318
-1.13399213551
-1.14417440318
-1.14417440318
-1.13399213551
-1.13399213551
-1.14417440318
-1.14417440318
-1.14417440318
-1.14417440318
-1.14417440318
-1.14417440318
-1.13399213551
-1.14417440318
-1.13399213551
-1.13399213551
-1.13399213551
-1.13399213551
-1.13399213551
-1.14417440318
-1.13399213551
-1.13399213551
-1.13399213551
-1.13399213551
-1.14417440318
-1.13399213551
-1.13399213551
-1.13399213551
-1.13399213551
-1.13399213551
-1.13399213551
-1.13399213551
-1.13399213551
-1.13399213551
-1.13399213551
-1.13399213551
-1.13399213551
-1.13399213551
-1.13399213551
-1.13399213551
-1.13399213551
-1.13399213551
-1.13399213551
-1.13399213551
-1.13399213551
-1.13399213551
-1.13399213551
-1.13399213551
-1.13399213551
-1.13399213551
-1.13399213551
-1.13399213551
-1.13399213551
-1.13399213551
-1.13399213551
-1.13399213551
-1.13399213551
-1.13399213551
-1.12380986784
-1.12380986784
-1.12380986784
-1.11362760018
-1.11362760018
-1.11362760018
-1.10344533251
-1.09326306484
-1.08308079717
-1.08308079717
-1.06271626184
-1.06271626184
-1.05253399417
-1.05253399417
-1.05253399417
-1.0423517265
-1.0423517265
-1.03216945884
-1.03216945884
-1.02198719117
-1.0118049235
-1.00162265583
-0.991440388167
-0.991440388167
-0.991440388167
-0.991440388167
-0.991440388167
-0.981258120499
-0.971075852832
-0.971075852832
-0.960893585164
-0.960893585164
-0.960893585164
-0.960893585164
-0.960893585164
-0.960893585164
-0.960893585164
-0.960893585164
-0.960893585164
-0.960893585164
-0.950711317497
-0.960893585164
-0.960893585164
-0.960893585164
-0.960893585164
-0.960893585164
-0.960893585164
-0.960893585164
-0.960893585164
-0.950711317497
-0.960893585164
-0.960893585164
-0.960893585164
-0.960893585164
-0.960893585164
-0.950711317497
-0.960893585164
-0.950711317497
-0.950711317497
-0.960893585164
-0.960893585164
-0.950711317497
-0.950711317497
-0.960893585164
-0.960893585164
-0.950711317497
-0.950711317497
-0.950711317497
-0.950711317497
-0.950711317497
-0.950711317497
-0.950711317497
-0.950711317497
-0.960893585164
-0.950711317497
-0.950711317497
-0.950711317497
-0.960893585164
-0.950711317497
-0.960893585164
-0.950711317497
-0.950711317497
-0.950711317497
-0.960893585164
-0.960893585164
-0.950711317497
-0.960893585164
-0.950711317497
-0.960893585164
-0.960893585164
-0.960893585164
-0.950711317497
-0.960893585164
-0.950711317497
-0.950711317497
-0.960893585164
-0.950711317497
-0.960893585164
-0.950711317497
-0.960893585164
-0.960893585164
-0.950711317497
-0.950711317497
-0.950711317497
-0.950711317497
-0.950711317497
-0.950711317497
-0.960893585164
-0.950711317497
-0.950711317497
-0.950711317497
-0.960893585164
-0.950711317497
-0.960893585164
-0.950711317497
-0.950711317497
-0.960893585164
-0.950711317497
-0.960893585164
-0.950711317497
-0.960893585164
-0.950711317497
-0.960893585164
-0.950711317497
-0.950711317497
-0.960893585164
-0.950711317497
-0.950711317497
-0.960893585164
-0.950711317497
-0.950711317497
-0.950711317497
-0.950711317497
-0.950711317497
-0.950711317497
-0.940529049829
-0.940529049829
-0.920164514494
-0.899799979159
-0.879435443824
-0.848888640822
-0.81834183782
-0.787795034817
-0.757248231815
-0.726701428812
-0.706336893477
-0.685972358142
-0.665607822807
-0.65542555514
-0.635061019805
-0.624878752138
-0.594331949135
-0.584149681468
-0.563785146133
-0.553602878465
-0.512873807795
-0.49250927246
-0.461962469458
-0.431415666455
-0.400868863453
-0.370322060451
-0.339775257448
-0.319410722113
-0.299046186778
-0.278681651443
-0.268499383776
-0.258317116108
-0.237952580773
-0.237952580773
-0.227770313106
-0.217588045438
-0.217588045438
-0.207405777771
-0.207405777771
-0.197223510103
-0.197223510103
-0.176858974768
-0.166676707101
-0.146312171766
-0.136129904099
-0.115765368764
-0.0954008334287
-0.0750362980937
-0.0648540304262
-0.0546717627587
-0.0343072274238
-0.0139426920888
0.00642184324613
0.0267863785811
0.0573331815835
0.067515449251
0.087879984586
0.108244519921
0.128609055256
0.148973590591
0.159155858258
0.159155858258
0.159155858258
0.159155858258
0.159155858258
0.159155858258
0.159155858258
0.169338125926
0.169338125926
0.169338125926
0.169338125926
0.169338125926
0.159155858258
0.169338125926
0.169338125926
0.169338125926
0.169338125926
0.159155858258
0.169338125926
0.169338125926
0.169338125926
0.169338125926
0.169338125926
0.169338125926
0.159155858258
0.169338125926
0.169338125926
0.169338125926
0.169338125926
0.169338125926
0.169338125926
0.169338125926
0.169338125926
0.169338125926
0.169338125926
0.169338125926
0.169338125926
0.169338125926
0.169338125926
0.169338125926
0.169338125926
0.169338125926
0.169338125926
0.169338125926
0.169338125926
0.169338125926
0.169338125926
0.169338125926
0.169338125926
0.169338125926
0.169338125926
0.169338125926
0.169338125926
0.169338125926
0.169338125926
0.169338125926
0.169338125926
0.169338125926
0.169338125926
0.169338125926
0.169338125926
0.169338125926
0.169338125926
0.169338125926
0.169338125926
0.169338125926
0.169338125926
0.169338125926
0.169338125926
0.169338125926
0.169338125926
0.169338125926
0.169338125926
0.169338125926
0.169338125926
0.169338125926
0.169338125926
0.169338125926
0.169338125926
0.169338125926
0.169338125926
0.169338125926
0.169338125926
0.169338125926
0.169338125926
0.169338125926
0.169338125926
0.169338125926
0.169338125926
0.169338125926
0.169338125926
0.169338125926
0.169338125926
0.159155858258
0.159155858258
0.159155858258
0.159155858258
0.159155858258
0.159155858258
0.169338125926
0.169338125926
0.169338125926
0.169338125926
0.169338125926
0.169338125926
0.169338125926
0.169338125926
0.169338125926
0.169338125926
0.169338125926
0.169338125926
0.169338125926
0.169338125926
0.169338125926
0.169338125926
0.169338125926
0.169338125926
0.169338125926
0.169338125926
0.169338125926
0.169338125926
0.169338125926
0.169338125926
0.169338125926
0.169338125926
0.169338125926
0.169338125926
0.169338125926
0.169338125926
0.169338125926
0.169338125926
0.169338125926
0.169338125926
0.169338125926
0.169338125926
0.169338125926
0.169338125926
0.169338125926
0.169338125926
0.169338125926
0.169338125926
0.169338125926
0.169338125926
0.169338125926
0.169338125926
0.169338125926
0.169338125926
0.169338125926
0.169338125926
0.169338125926
0.169338125926
0.169338125926
0.169338125926
0.169338125926
0.169338125926
0.169338125926
0.169338125926
0.169338125926
0.169338125926
0.169338125926
0.169338125926
0.169338125926
0.169338125926
0.169338125926
0.169338125926
0.169338125926
0.169338125926
0.169338125926
0.169338125926
0.169338125926
0.169338125926
0.169338125926
0.169338125926
0.169338125926
0.169338125926
0.169338125926
0.169338125926
0.169338125926
0.169338125926
0.169338125926
0.169338125926
0.169338125926
0.169338125926
0.169338125926
0.169338125926
0.169338125926
0.169338125926
0.169338125926
0.169338125926
0.169338125926
0.169338125926
0.169338125926
0.169338125926
0.169338125926
0.169338125926
0.169338125926
0.169338125926
0.169338125926
0.169338125926
0.169338125926
0.169338125926
0.169338125926
0.169338125926
0.169338125926
