Digital_Input	Screen_Position_Y_axis(px)	time(ms)
468	468	8
468	468	17
468	468	25
468	468	33
468	468	42
468	468	50
468	468	58
468	468	67
468	468	75
468	468	83
468	468	91
468	468	99
468	468	107
468	468	115
468	468	123
468	468	131
468	468	139
468	468	147
468	468	155
468	468	164
468	468	172
468	468	180
468	468	188
468	468	197
468	468	206
468	468	215
468	468	224
468	468	232
468	468	240
468	468	248
468	468	256
468	468	264
468	468	272
468	468	280
468	468	288
468	468	297
468	468	306
468	468	314
468	468	322
468	468	331
468	468	340
468	468	348
468	468	357
468	468	366
468	468	374
468	468	383
468	468	392
468	468	401
468	468	409
468	468	417
468	468	426
468	468	434
468	468	442
468	468	451
468	468	459
468	468	467
468	468	476
468	468	484
468	468	493
468	468	501
468	468	509
468	468	517
468	468	526
468	468	534
468	468	542
468	468	550
468	468	559
468	468	567
468	468	575
468	468	583
468	468	591
468	468	600
468	468	609
468	468	618
468	468	627
468	468	636
468	468	644
468	468	652
468	468	661
468	468	670
468	468	679
468	468	687
468	468	696
468	468	704
468	468	713
468	468	721
468	468	730
468	468	739
468	468	748
468	468	756
468	468	764
468	468	772
468	468	780
468	468	788
468	468	796
468	468	804
468	468	812
468	468	820
468	468	829
468	468	838
468	468	847
468	468	855
468	468	864
468	468	873
468	468	882
468	468	891
468	468	899
468	468	908
468	468	916
468	468	925
468	468	933
468	468	941
468	468	949
468	468	957
468	468	965
468	468	973
468	468	981
468	468	990
468	468	998
468	468	1007
468	468	1015
468	468	1023
468	468	1031
468	468	1039
468	468	1047
468	468	1056
468	468	1064
468	468	1072
468	468	1080
468	468	1088
468	468	1096
468	468	1105
468	468	1114
468	468	1122
468	468	1130
468	468	1138
468	468	1146
468	468	1154
469	469	1163
475	475	1171
481	481	1180
484	484	1188
502	502	1197
512	512	1205
538	538	1214
549	549	1222
583	583	1231
597	597	1239
609	609	1248
643	643	1256
655	655	1265
665	665	1273
690	690	1281
699	699	1289
720	720	1297
727	727	1305
732	732	1313
744	744	1321
747	747	1329
757	757	1338
760	760	1347
763	763	1356
771	771	1365
776	776	1374
783	783	1382
786	786	1391
791	791	1400
792	792	1409
794	794	1417
796	796	1425
797	797	1433
801	801	1442
802	802	1451
805	805	1460
811	811	1469
822	822	1478
825	825	1486
828	828	1494
835	835	1502
838	838	1511
844	844	1519
845	845	1527
847	847	1535
850	850	1543
851	851	1551
853	853	1559
856	856	1568
856	856	1576
858	858	1584
859	859	1592
859	859	1600
860	860	1608
860	860	1616
860	860	1625
860	860	1634
861	861	1642
861	861	1650
861	861	1658
861	861	1666
861	861	1674
861	861	1682
862	862	1691
862	862	1699
862	862	1707
862	862	1715
862	862	1723
862	862	1731
862	862	1739
862	862	1747
862	862	1755
862	862	1763
862	862	1771
862	862	1779
862	862	1787
862	862	1796
862	862	1805
862	862	1813
862	862	1822
862	862	1831
862	862	1839
862	862	1847
862	862	1855
862	862	1863
862	862	1871
861	861	1879
859	859	1887
851	851	1895
844	844	1903
838	838	1911
825	825	1920
803	803	1929
793	793	1937
783	783	1946
747	747	1955
728	728	1964
680	680	1973
651	651	1982
606	606	1990
591	591	1998
574	574	2006
514	514	2015
494	494	2023
431	431	2032
412	412	2041
395	395	2049
340	340	2057
326	326	2066
313	313	2074
282	282	2082
270	270	2090
243	243	2098
233	233	2107
224	224	2116
197	197	2125
159	159	2133
148	148	2141
139	139	2149
113	113	2157
103	103	2166
83	83	2174
78	78	2183
71	71	2192
58	58	2201
52	52	2210
47	47	2218
31	31	2226
24	24	2234
17	17	2242
3	3	2251
0	0	2260
0	0	2269
0	0	2278
0	0	2286
0	0	2295
0	0	2303
0	0	2311
0	0	2319
0	0	2327
0	0	2335
0	0	2343
0	0	2351
0	0	2360
0	0	2368
0	0	2377
0	0	2385
0	0	2393
0	0	2401
2	2	2409
3	3	2417
7	7	2425
9	9	2433
11	11	2442
15	15	2451
16	16	2459
20	20	2468
23	23	2477
24	24	2485
26	26	2494
26	26	2503
27	27	2512
28	28	2521
29	29	2530
29	29	2539
29	29	2547
29	29	2556
29	29	2564
29	29	2573
29	29	2582
29	29	2590
29	29	2599
29	29	2607
29	29	2615
29	29	2624
29	29	2632
29	29	2640
29	29	2648
29	29	2657
29	29	2665
29	29	2674
29	29	2682
29	29	2691
29	29	2700
29	29	2708
29	29	2716
30	30	2725
34	34	2733
36	36	2741
39	39	2749
48	48	2758
52	52	2767
57	57	2775
71	71	2783
87	87	2791
95	95	2799
115	115	2808
127	127	2817
139	139	2826
174	174	2835
188	188	2843
203	203	2851
241	241	2859
255	255	2867
270	270	2876
306	306	2884
353	353	2892
353	353	2900
376	376	2908
376	376	2917
415	415	2926
440	440	2934
448	448	2943
454	454	2951
466	466	2959
472	472	2967
481	481	2976
483	483	2984
486	486	2992
494	494	3001
497	497	3009
499	499	3018
504	504	3026
506	506	3034
509	509	3043
510	510	3051
512	512	3059
514	514	3067
515	515	3076
516	516	3084
517	517	3092
518	518	3100
518	518	3108
518	518	3117
518	518	3125
518	518	3133
518	518	3141
518	518	3149
518	518	3158
518	518	3166
518	518	3174
518	518	3182
518	518	3190
518	518	3198
516	516	3207
516	516	3215
514	514	3223
514	514	3231
513	513	3239
511	511	3247
509	509	3256
505	505	3265
504	504	3273
503	503	3281
502	502	3290
502	502	3298
502	502	3307
502	502	3315
502	502	3324
502	502	3332
502	502	3340
502	502	3348
502	502	3357
502	502	3365
499	499	3373
496	496	3381
490	490	3390
473	473	3399
464	464	3407
452	452	3415
410	410	3423
392	392	3432
338	338	3441
317	317	3449
299	299	3458
246	246	3466
233	233	3474
219	219	3482
185	185	3491
174	174	3499
145	145	3508
130	130	3516
117	117	3524
114	114	3533
111	111	3541
110	110	3549
110	110	3557
109	109	3565
109	109	3573
109	109	3581
109	109	3589
109	109	3597
108	108	3605
107	107	3614
105	105	3622
105	105	3630
104	104	3639
104	104	3647
103	103	3655
103	103	3663
103	103	3671
103	103	3680
103	103	3689
103	103	3697
101	101	3705
97	97	3713
95	95	3721
88	88	3729
85	85	3737
82	82	3745
75	75	3753
74	74	3761
70	70	3769
69	69	3778
67	67	3787
63	63	3795
61	61	3803
58	58	3811
49	49	3820
41	41	3828
41	41	3836
33	33	3844
33	33	3852
32	32	3861
31	31	3869
31	31	3877
31	31	3886
31	31	3894
31	31	3902
31	31	3911
31	31	3919
31	31	3928
31	31	3936
31	31	3944
31	31	3952
31	31	3960
31	31	3969
31	31	3978
31	31	3986
31	31	3995
31	31	4004
31	31	4012
31	31	4020
32	32	4028
33	33	4036
41	41	4045
45	45	4053
56	56	4062
61	61	4070
72	72	4078
77	77	4086
93	93	4094
101	101	4103
109	109	4111
137	137	4119
149	149	4127
186	186	4136
200	200	4145
217	217	4153
271	271	4161
288	288	4169
302	302	4177
344	344	4185
358	358	4193
398	398	4202
412	412	4210
424	424	4218
458	458	4227
470	470	4236
500	500	4244
511	511	4252
551	551	4261
561	561	4269
571	571	4278
598	598	4286
607	607	4294
631	631	4302
640	640	4311
651	651	4320
677	677	4329
688	688	4338
699	699	4347
727	727	4355
739	739	4363
767	767	4372
788	788	4381
812	812	4389
820	820	4397
839	839	4405
844	844	4413
848	848	4422
855	855	4431
855	855	4439
855	855	4447
856	856	4456
856	856	4465
857	857	4474
857	857	4482
858	858	4490
859	859	4499
859	859	4508
861	861	4516
861	861	4525
861	861	4534
861	861	4542
861	861	4551
861	861	4559
861	861	4568
856	856	4576
852	852	4584
841	841	4593
830	830	4602
825	825	4611
819	819	4621
790	790	4629
782	782	4638
755	755	4647
744	744	4655
720	720	4663
711	711	4672
701	701	4681
679	679	4689
672	672	4698
665	665	4707
652	652	4716
638	638	4725
635	635	4734
632	632	4742
625	625	4751
620	620	4759
608	608	4768
601	601	4777
594	594	4785
581	581	4793
577	577	4801
572	572	4809
567	567	4817
566	566	4825
566	566	4833
566	566	4842
566	566	4851
565	565	4860
563	563	4868
561	561	4876
553	553	4885
551	551	4893
545	545	4901
542	542	4910
536	536	4918
533	533	4927
532	532	4936
530	530	4944
529	529	4953
528	528	4962
528	528	4971
528	528	4980
528	528	4988
528	528	4997
528	528	5005
528	528	5013
528	528	5021
529	529	5030
532	532	5039
536	536	5048
538	538	5056
541	541	5064
548	548	5072
552	552	5080
556	556	5088
568	568	5096
574	574	5105
586	586	5113
591	591	5122
597	597	5130
608	608	5138
612	612	5146
616	616	5155
626	626	5163
638	638	5171
638	638	5179
641	641	5187
643	643	5196
651	651	5205
653	653	5214
655	655	5223
658	658	5232
658	658	5240
659	659	5248
660	660	5257
661	661	5266
661	661	5274
662	662	5282
663	663	5290
665	665	5299
665	665	5307
666	666	5316
668	668	5324
668	668	5332
668	668	5340
669	669	5349
669	669	5357
669	669	5365
669	669	5373
669	669	5381
669	669	5389
669	669	5398
669	669	5406
669	669	5414
671	671	5422
671	671	5431
672	672	5439
673	673	5448
674	674	5457
676	676	5466
676	676	5474
677	677	5482
679	679	5490
680	680	5499
682	682	5507
682	682	5515
683	683	5524
683	683	5532
683	683	5541
684	684	5549
684	684	5557
684	684	5565
684	684	5573
684	684	5581
684	684	5589
684	684	5597
684	684	5605
684	684	5614
684	684	5622
684	684	5630
684	684	5638
684	684	5646
684	684	5654
684	684	5662
684	684	5670
684	684	5678
684	684	5686
680	680	5694
677	677	5702
673	673	5711
663	663	5719
661	661	5728
653	653	5737
649	649	5745
637	637	5753
629	629	5762
590	590	5771
569	569	5779
539	539	5788
405	405	5796
307	307	5805
269	269	5814
231	231	5822
142	142	5830
112	112	5838
42	42	5846
25	25	5855
9	9	5864
0	0	5872
0	0	5880
0	0	5888
0	0	5896
0	0	5905
0	0	5914
0	0	5923
0	0	5932
0	0	5940
0	0	5948
0	0	5957
0	0	5965
0	0	5974
0	0	5983
0	0	5991
0	0	6000
0	0	6009
0	0	6017
0	0	6025
0	0	6034
0	0	6043
0	0	6052
4	4	6061
8	8	6069
16	16	6077
20	20	6085
31	31	6093
34	34	6101
37	37	6110
42	42	6119
42	42	6128
43	43	6137
44	44	6146
45	45	6154
45	45	6162
45	45	6170
45	45	6178
45	45	6186
45	45	6194
45	45	6202
45	45	6211
45	45	6219
45	45	6228
45	45	6236
45	45	6245
45	45	6254
45	45	6263
45	45	6271
45	45	6280
45	45	6289
45	45	6298
45	45	6306
45	45	6314
45	45	6322
45	45	6331
45	45	6339
45	45	6347
45	45	6356
45	45	6365
49	49	6373
52	52	6382
63	63	6391
71	71	6399
82	82	6408
90	90	6417
120	120	6425
137	137	6434
199	199	6443
259	259	6451
259	259	6460
375	375	6469
448	448	6478
473	473	6486
506	506	6494
593	593	6503
624	624	6512
703	703	6521
731	731	6529
754	754	6538
814	814	6547
828	828	6555
842	842	6563
874	874	6571
882	882	6579
904	904	6588
904	904	6596
919	919	6605
922	922	6613
925	925	6621
929	929	6629
930	930	6638
934	934	6647
936	936	6656
939	939	6665
939	939	6673
940	940	6681
941	941	6690
941	941	6699
941	941	6707
941	941	6715
941	941	6723
941	941	6732
941	941	6740
941	941	6749
941	941	6757
941	941	6765
941	941	6773
941	941	6782
941	941	6791
941	941	6799
941	941	6808
941	941	6817
941	941	6826
941	941	6835
941	941	6844
941	941	6853
941	941	6861
941	941	6870
942	942	6878
943	943	6886
945	945	6895
947	947	6903
949	949	6911
955	955	6920
959	959	6928
970	970	6937
976	976	6946
978	978	6955
984	984	6964
987	987	6972
987	987	6980
987	987	6988
987	987	6996
987	987	7005
987	987	7014
987	987	7022
987	987	7031
987	987	7039
987	987	7048
987	987	7056
987	987	7064
987	987	7072
987	987	7080
986	986	7088
985	985	7097
983	983	7106
981	981	7115
963	963	7124
958	958	7132
943	943	7140
935	935	7148
912	912	7156
912	912	7164
876	876	7173
863	863	7181
850	850	7190
805	805	7198
780	780	7206
702	702	7214
672	672	7222
639	639	7230
550	550	7238
517	517	7246
484	484	7255
394	394	7263
362	362	7271
280	280	7279
256	256	7287
231	231	7296
165	165	7305
148	148	7313
93	93	7322
76	76	7330
63	63	7339
33	33	7348
14	14	7357
0	0	7365
0	0	7373
0	0	7381
0	0	7390
0	0	7399
0	0	7408
0	0	7416
0	0	7425
0	0	7434
0	0	7442
0	0	7451
0	0	7460
0	0	7469
0	0	7477
0	0	7485
0	0	7493
0	0	7502
0	0	7510
0	0	7519
0	0	7528
0	0	7537
0	0	7546
0	0	7554
0	0	7563
1	1	7571
1	1	7579
1	1	7588
2	2	7596
3	3	7604
5	5	7613
7	7	7621
10	10	7630
12	12	7639
13	13	7648
17	17	7657
18	18	7666
19	19	7674
20	20	7683
20	20	7692
21	21	7700
23	23	7709
24	24	7717
25	25	7726
26	26	7735
28	28	7743
30	30	7751
34	34	7759
36	36	7768
40	40	7777
42	42	7786
42	42	7794
43	43	7802
43	43	7811
43	43	7820
43	43	7829
43	43	7838
43	43	7847
43	43	7856
43	43	7864
44	44	7873
44	44	7882
46	46	7891
46	46	7900
49	49	7909
50	50	7917
54	54	7925
57	57	7933
66	66	7941
70	70	7951
73	73	7959
89	89	7968
96	96	7977
104	104	7987
125	125	7995
141	141	8004
148	148	8013
176	176	8021
185	185	8029
207	207	8037
217	217	8045
225	225	8054
245	245	8063
252	252	8071
266	266	8079
272	272	8088
277	277	8096
288	288	8104
292	292	8112
301	301	8121
304	304	8130
307	307	8138
314	314	8146
317	317	8154
320	320	8163
325	325	8172
332	332	8181
332	332	8189
335	335	8198
336	336	8207
341	341	8216
343	343	8225
348	348	8233
351	351	8241
353	353	8250
359	359	8258
360	360	8267
365	365	8275
365	365	8283
369	369	8292
371	371	8300
381	381	8309
383	383	8317
386	386	8327
391	391	8335
393	393	8343
396	396	8351
397	397	8360
398	398	8368
400	400	8377
400	400	8385
401	401	8393
402	402	8401
403	403	8410
405	405	8418
406	406	8426
408	408	8435
410	410	8443
411	411	8451
414	414	8459
415	415	8467
417	417	8476
417	417	8485
418	418	8493
419	419	8502
419	419	8510
420	420	8519
420	420	8528
420	420	8537
422	422	8546
422	422	8555
424	424	8563
425	425	8571
427	427	8580
432	432	8589
435	435	8597
437	437	8605
437	437	8614
438	438	8622
438	438	8630
438	438	8638
438	438	8647
438	438	8656
438	438	8664
438	438	8673
438	438	8681
433	433	8690
423	423	8699
401	401	8708
395	395	8717
376	376	8725
368	368	8733
349	349	8742
341	341	8751
318	318	8760
309	309	8768
287	287	8776
277	277	8785
268	268	8793
246	246	8801
236	236	8810
228	228	8818
210	210	8826
203	203	8834
197	197	8842
182	182	8850
175	175	8859
164	164	8868
154	154	8876
145	145	8885
142	142	8893
134	134	8901
131	131	8909
128	128	8917
122	122	8926
119	119	8935
116	116	8943
109	109	8951
106	106	8959
98	98	8967
95	95	8975
92	92	8984
88	88	8993
87	87	9002
85	85	9010
84	84	9019
80	80	9027
78	78	9035
77	77	9043
71	71	9051
71	71	9060
66	66	9069
60	60	9077
54	54	9085
51	51	9094
49	49	9103
43	43	9111
42	42	9119
38	38	9128
36	36	9136
35	35	9144
31	31	9153
29	29	9161
28	28	9170
26	26	9179
25	25	9187
25	25	9195
25	25	9203
25	25	9211
24	24	9219
24	24	9228
22	22	9236
22	22	9244
574	574	9252
572	572	9260
563	563	9269
557	557	9277
553	553	9286
541	541	9295
537	537	9303
535	535	9312
530	530	9320
526	526	9328
521	521	9337
519	519	9346
517	517	9354
512	512	9363
509	509	9371
503	503	9379
501	501	9388
497	497	9397
490	490	9405
483	483	9414
483	483	9422
474	474	9430
465	465	9439
461	461	9447
458	458	9456
449	449	9465
446	446	9473
443	443	9481
434	434	9490
432	432	9498
424	424	9507
421	421	9515
418	418	9524
411	411	9533
408	408	9541
397	397	9550
387	387	9558
374	374	9567
367	367	9576
359	359	9584
340	340	9593
332	332	9601
310	310	9609
300	300	9618
291	291	9627
266	266	9636
256	256	9644
231	231	9653
221	221	9661
196	196	9670
191	191	9678
180	180	9687
177	177	9695
175	175	9703
173	173	9711
171	171	9719
170	170	9728
169	169	9737
169	169	9746
167	167	9755
166	166	9764
162	162	9772
159	159	9780
157	157	9789
151	151	9798
140	140	9807
138	138	9816
131	131	9824
128	128	9833
122	122	9842
113	113	9851
109	109	9860
99	99	9869
96	96	9877
93	93	9886
89	89	9895
84	84	9903
83	83	9911
78	78	9920
76	76	9928
75	75	9937
73	73	9946
72	72	9954
71	71	9963
70	70	9972
69	69	9981
68	68	9989
68	68	9998
66	66	10007
65	65	10015
64	64	10023
64	64	10031
63	63	10041
63	63	10049
63	63	10058
63	63	10067
63	63	10075
63	63	10084
63	63	10092
63	63	10100
64	64	10109
74	74	10117
81	81	10126
104	104	10134
104	104	10143
124	124	10151
157	157	10159
169	169	10168
182	182	10177
222	222	10186
239	239	10195
255	255	10204
315	315	10213
334	334	10222
414	414	10231
431	431	10240
480	480	10249
494	494	10257
528	528	10265
538	538	10273
549	549	10281
567	567	10290
571	571	10298
575	575	10306
576	576	10314
578	578	10323
578	578	10331
580	580	10340
584	584	10348
587	587	10357
591	591	10366
608	608	10375
623	623	10383
628	628	10391
633	633	10399
642	642	10408
645	645	10416
652	652	10425
655	655	10434
658	658	10442
670	670	10450
674	674	10458
678	678	10466
686	686	10474
690	690	10483
697	697	10492
701	701	10500
705	705	10508
715	715	10517
720	720	10525
724	724	10533
736	736	10541
741	741	10549
752	752	10557
758	758	10565
763	763	10574
781	781	10583
794	794	10591
800	800	10599
811	811	10607
816	816	10615
826	826	10624
828	828	10633
832	832	10642
834	834	10650
835	835	10658
839	839	10666
840	840	10675
843	843	10684
845	845	10692
846	846	10700
847	847	10709
848	848	10717
849	849	10725
849	849	10733
849	849	10741
849	849	10750
849	849	10758
850	850	10767
851	851	10776
851	851	10785
852	852	10794
852	852	10803
852	852	10811
853	853	10819
853	853	10827
853	853	10836
853	853	10844
853	853	10853
853	853	10861
853	853	10870
853	853	10878
853	853	10887
853	853	10896
853	853	10905
853	853	10913
853	853	10921
853	853	10930
853	853	10939
853	853	10947
853	853	10956
853	853	10964
853	853	10973
853	853	10981
853	853	10990
853	853	10999
853	853	11007
852	852	11016
844	844	11025
836	836	11033
828	828	11042
783	783	11051
754	754	11060
717	717	11069
622	622	11077
580	580	11085
445	445	11093
445	445	11101
409	409	11110
297	297	11118
297	297	11127
205	205	11136
183	183	11145
120	120	11154
103	103	11163
88	88	11172
56	56	11180
45	45	11189
37	37	11197
19	19	11206
14	14	11214
0	0	11223
0	0	11232
0	0	11240
0	0	11249
0	0	11257
0	0	11265
0	0	11273
0	0	11282
0	0	11290
0	0	11298
0	0	11307
0	0	11315
0	0	11323
0	0	11332
0	0	11340
0	0	11349
0	0	11358
0	0	11366
0	0	11375
0	0	11384
0	0	11393
0	0	11402
0	0	11410
0	0	11419
0	0	11427
0	0	11436
0	0	11444
0	0	11452
0	0	11460
3	3	11469
4	4	11477
8	8	11485
10	10	11494
12	12	11502
18	18	11511
19	19	11519
23	23	11527
24	24	11536
25	25	11545
26	26	11554
26	26	11562
28	28	11570
28	28	11578
29	29	11586
30	30	11595
31	31	11604
32	32	11613
32	32	11621
33	33	11629
34	34	11639
34	34	11648
34	34	11657
34	34	11666
34	34	11675
34	34	11684
34	34	11693
34	34	11701
34	34	11710
34	34	11719
34	34	11728
34	34	11736
34	34	11745
34	34	11753
34	34	11761
34	34	11769
34	34	11777
34	34	11785
34	34	11794
34	34	11803
34	34	11811
34	34	11819
34	34	11828
34	34	11836
34	34	11845
34	34	11853
34	34	11861
34	34	11869
34	34	11878
34	34	11886
41	41	11895
47	47	11903
58	58	11911
63	63	11919
70	70	11928
89	89	11936
99	99	11944
126	126	11953
138	138	11961
150	150	11970
190	190	11979
203	203	11988
244	244	11997
262	262	12005
280	280	12014
335	335	12022
405	405	12030
419	419	12038
436	436	12046
491	491	12054
510	510	12063
530	530	12072
587	587	12081
601	601	12090
617	617	12098
672	672	12106
689	689	12115
735	735	12123
748	748	12131
763	763	12140
799	799	12149
810	810	12158
838	838	12166
847	847	12175
878	878	12184
885	885	12193
900	900	12202
904	904	12210
908	908	12218
912	912	12227
913	913	12235
915	915	12243
915	915	12252
915	915	12261
915	915	12269
915	915	12278
915	915	12286
915	915	12295
913	913	12304
909	909	12313
903	903	12322
899	899	12331
892	892	12340
867	867	12349
856	856	12357
843	843	12365
816	816	12373
780	780	12381
735	735	12389
735	735	12397
723	723	12406
681	681	12415
670	670	12423
660	660	12432
639	639	12441
632	632	12449
618	618	12457
611	611	12465
606	606	12473
594	594	12481
589	589	12489
586	586	12497
577	577	12505
574	574	12513
567	567	12522
565	565	12530
564	564	12539
559	559	12548
558	558	12557
552	552	12565
550	550	12573
548	548	12582
540	540	12590
537	537	12598
532	532	12607
530	530	12616
528	528	12625
528	528	12634
528	528	12643
528	528	12652
528	528	12660
528	528	12669
528	528	12678
528	528	12686
528	528	12695
528	528	12703
527	527	12711
527	527	12720
525	525	12728
525	525	12736
524	524	12744
524	524	12752
524	524	12760
524	524	12768
524	524	12777
524	524	12785
524	524	12793
524	524	12801
524	524	12810
524	524	12818
523	523	12827
522	522	12835
522	522	12843
520	520	12852
520	520	12861
520	520	12870
520	520	12878
520	520	12887
520	520	12896
519	519	12905
519	519	12914
519	519	12923
518	518	12932
516	516	12941
516	516	12949
514	514	12958
501	501	12967
495	495	12976
465	465	12984
453	453	12992
422	422	13000
386	386	13009
375	375	13017
363	363	13026
330	330	13034
320	320	13043
308	308	13051
278	278	13060
267	267	13069
239	239	13079
220	220	13087
198	198	13095
190	190	13104
176	176	13113
170	170	13121
166	166	13130
157	157	13139
155	155	13148
152	152	13157
148	148	13165
147	147	13173
142	142	13181
142	142	13189
141	141	13197
139	139	13205
137	137	13214
132	132	13223
131	131	13231
126	126	13239
124	124	13247
118	118	13256
116	116	13265
113	113	13274
107	107	13283
104	104	13291
98	98	13300
95	95	13309
92	92	13318
84	84	13327
81	81	13336
75	75	13345
73	73	13353
66	66	13362
62	62	13370
61	61	13379
56	56	13387
54	54	13395
53	53	13403
50	50	13411
48	48	13419
46	46	13428
45	45	13437
40	40	13445
40	40	13454
34	34	13463
32	32	13471
31	31	13479
28	28	13487
26	26	13495
26	26	13503
24	24	13511
23	23	13519
23	23	13527
22	22	13536
21	21	13545
19	19	13553
19	19	13561
17	17	13570
16	16	13579
16	16	13588
15	15	13596
15	15	13604
14	14	13613
14	14	13621
14	14	13630
13	13	13639
13	13	13647
13	13	13656
13	13	13665
13	13	13673
12	12	13681
12	12	13689
11	11	13697
11	11	13706
11	11	13714
11	11	13723
11	11	13731
11	11	13739
11	11	13747
11	11	13756
11	11	13764
11	11	13772
11	11	13781
11	11	13790
11	11	13799
11	11	13807
11	11	13816
11	11	13825
11	11	13833
11	11	13842
14	14	13851
17	17	13859
24	24	13868
28	28	13877
39	39	13886
45	45	13895
53	53	13903
58	58	13911
61	61	13920
73	73	13928
80	80	13937
94	94	13946
98	98	13954
112	112	13962
120	120	13971
145	145	13979
156	156	13988
166	166	13996
195	195	14004
206	206	14013
216	216	14021
243	243	14030
280	280	14038
291	291	14046
302	302	14054
326	326	14063
337	337	14072
359	359	14081
367	367	14089
377	377	14097
395	395	14106
404	404	14115
412	412	14123
437	437	14131
447	447	14139
472	472	14147
481	481	14155
491	491	14164
511	511	14173
519	519	14181
536	536	14189
542	542	14197
551	551	14205
575	575	14214
575	575	14223
599	599	14232
603	603	14241
616	616	14250
622	622	14259
626	626	14268
637	637	14277
640	640	14285
643	643	14294
651	651	14303
663	663	14311
666	666	14319
670	670	14327
679	679	14336
682	682	14344
692	692	14353
697	697	14362
703	703	14371
716	716	14380
725	725	14389
731	731	14397
753	753	14406
773	773	14415
779	779	14423
784	784	14431
795	795	14439
798	798	14447
800	800	14455
800	800	14463
800	800	14472
800	800	14480
800	800	14488
800	800	14497
793	793	14506
786	786	14514
782	782	14523
769	769	14531
762	762	14539
744	744	14547
736	736	14557
729	729	14566
706	706	14575
689	689	14583
681	681	14591
673	673	14600
655	655	14608
648	648	14616
642	642	14624
630	630	14633
627	627	14642
624	624	14650
621	621	14658
621	621	14667
620	620	14676
620	620	14685
620	620	14694
620	620	14702
620	620	14711
620	620	14720
620	620	14729
620	620	14737
620	620	14745
623	623	14753
625	625	14761
630	630	14770
633	633	14778
636	636	14787
646	646	14795
649	649	14804
655	655	14812
663	663	14821
666	666	14830
675	675	14838
677	677	14847
684	684	14855
687	687	14864
690	690	14872
691	691	14881
692	692	14890
693	693	14899
693	693	14908
693	693	14916
693	693	14924
693	693	14933
693	693	14941
693	693	14950
693	693	14959
693	693	14968
693	693	14976
693	693	14984
693	693	14992
693	693	15001
693	693	15010
693	693	15018
693	693	15026
693	693	15035
693	693	15044
693	693	15053
693	693	15061
693	693	15069
693	693	15078
693	693	15086
693	693	15094
693	693	15102
693	693	15110
693	693	15118
693	693	15126
693	693	15135
693	693	15143
693	693	15151
689	689	15160
684	684	15168
665	665	15176
654	654	15185
641	641	15193
598	598	15201
573	573	15209
496	496	15218
472	472	15226
443	443	15234
344	344	15243
298	298	15252
253	253	15260
146	146	15269
104	104	15278
0	0	15286
0	0	15294
0	0	15303
0	0	15311
0	0	15320
0	0	15329
0	0	15337
0	0	15345
0	0	15354
0	0	15363
0	0	15372
0	0	15381
0	0	15389
0	0	15398
0	0	15406
0	0	15414
0	0	15422
0	0	15431
0	0	15439
0	0	15447
0	0	15456
0	0	15464
0	0	15472
0	0	15481
0	0	15489
0	0	15497
0	0	15505
0	0	15514
0	0	15523
3	3	15531
4	4	15540
6	6	15549
10	10	15557
11	11	15566
15	15	15574
15	15	15583
15	15	15592
16	16	15601
16	16	15610
18	18	15618
19	19	15626
23	23	15634
26	26	15642
28	28	15650
39	39	15658
45	45	15666
61	61	15675
67	67	15683
72	72	15692
79	79	15700
80	80	15709
81	81	15718
81	81	15727
82	82	15735
82	82	15743
82	82	15752
82	82	15761
82	82	15770
82	82	15779
82	82	15787
82	82	15795
83	83	15803
83	83	15811
83	83	15819
83	83	15827
83	83	15836
83	83	15845
83	83	15854
83	83	15863
83	83	15872
83	83	15881
83	83	15890
83	83	15898
83	83	15907
83	83	15916
83	83	15925
83	83	15933
83	83	15942
83	83	15951
82	82	15960
75	75	15969
71	71	15977
66	66	15986
56	56	15994
55	55	16003
51	51	16012
49	49	16021
47	47	16029
45	45	16038
44	44	16047
42	42	16055
39	39	16065
36	36	16073
35	35	16081
33	33	16090
30	30	16099
29	29	16108
26	26	16117
25	25	16126
21	21	16134
20	20	16142
19	19	16151
18	18	16160
17	17	16169
16	16	16178
16	16	16186
15	15	16196
14	14	16204
14	14	16212
13	13	16220
13	13	16229
13	13	16238
12	12	16247
12	12	16256
12	12	16264
12	12	16272
12	12	16282
12	12	16291
12	12	16300
12	12	16309
12	12	16317
12	12	16325
12	12	16333
12	12	16342
12	12	16350
12	12	16359
12	12	16367
12	12	16377
19	19	16385
23	23	16394
30	30	16402
53	53	16410
62	62	16418
68	68	16427
86	86	16436
118	118	16444
130	130	16453
175	175	16463
222	222	16472
296	296	16480
327	327	16490
358	358	16499
445	445	16508
478	478	16517
594	594	16525
594	594	16534
619	619	16542
691	691	16551
734	734	16559
788	788	16567
802	802	16575
836	836	16584
847	847	16593
856	856	16602
881	881	16611
888	888	16619
900	900	16628
903	903	16636
907	907	16644
908	908	16653
910	910	16661
912	912	16669
912	912	16678
917	917	16686
918	918	16694
920	920	16702
923	923	16711
924	924	16720
925	925	16728
927	927	16736
928	928	16744
931	931	16752
933	933	16761
936	936	16769
943	943	16777
947	947	16785
960	960	16793
964	964	16801
970	970	16809
981	981	16818
984	984	16826
991	991	16834
993	993	16843
994	994	16851
996	996	16859
996	996	16867
996	996	16876
996	996	16885
996	996	16894
996	996	16902
996	996	16911
996	996	16919
996	996	16928
996	996	16936
996	996	16944
996	996	16953
996	996	16961
996	996	16970
996	996	16979
996	996	16987
996	996	16995
996	996	17004
996	996	17013
996	996	17021
996	996	17029
996	996	17038
996	996	17047
996	996	17056
996	996	17064
996	996	17072
996	996	17080
996	996	17089
996	996	17098
990	990	17107
986	986	17115
980	980	17123
968	968	17132
950	950	17140
940	940	17149
927	927	17157
892	892	17165
879	879	17174
797	797	17183
772	772	17193
691	691	17202
654	654	17210
562	562	17219
526	526	17228
482	482	17237
380	380	17245
339	339	17253
300	300	17261
216	216	17269
185	185	17278
87	87	17286
65	65	17295
13	13	17304
0	0	17312
0	0	17321
0	0	17330
0	0	17339
0	0	17348
0	0	17356
0	0	17364
0	0	17373
0	0	17381
0	0	17389
0	0	17397
0	0	17406
0	0	17414
0	0	17423
0	0	17431
0	0	17439
0	0	17448
0	0	17457
0	0	17466
0	0	17474
0	0	17482
0	0	17490
0	0	17499
0	0	17507
0	0	17516
0	0	17524
0	0	17533
1	1	17541
1	1	17550
6	6	17558
6	6	17566
8	8	17574
9	9	17582
10	10	17590
10	10	17598
12	12	17607
15	15	17615
16	16	17624
18	18	17632
22	22	17640
23	23	17649
25	25	17658
26	26	17667
26	26	17675
27	27	17683
27	27	17691
27	27	17700
29	29	17709
29	29	17717
30	30	17726
30	30	17735
31	31	17744
31	31	17752
31	31	17760
31	31	17769
31	31	17778
31	31	17786
31	31	17795
31	31	17804
31	31	17813
31	31	17821
31	31	17830
31	31	17838
31	31	17847
31	31	17855
31	31	17864
31	31	17873
31	31	17881
31	31	17890
31	31	17898
31	31	17906
31	31	17915
33	33	17924
37	37	17933
44	44	17942
62	62	17950
62	62	17958
69	69	17967
92	92	17976
112	112	17985
120	120	17994
129	129	18003
154	154	18013
162	162	18021
186	186	18029
195	195	18039
228	228	18048
237	237	18056
261	261	18064
272	272	18073
281	281	18082
305	305	18091
315	315	18099
323	323	18108
337	337	18116
343	343	18125
354	354	18134
360	360	18142
366	366	18151
367	367	18159
370	370	18168
372	372	18177
373	373	18185
375	375	18194
377	377	18202
380	380	18210
382	382	18219
383	383	18228
388	388	18237
390	390	18246
399	399	18254
402	402	18263
404	404	18272
409	409	18281
411	411	18290
416	416	18299
417	417	18308
419	419	18316
424	424	18324
426	426	18332
430	430	18341
432	432	18349
433	433	18357
436	436	18365
437	437	18374
439	439	18382
439	439	18391
439	439	18400
439	439	18409
439	439	18417
439	439	18426
439	439	18434
439	439	18443
439	439	18452
439	439	18460
439	439	18469
439	439	18478
439	439	18486
438	438	18494
437	437	18502
436	436	18510
435	435	18519
433	433	18527
433	433	18536
431	431	18544
427	427	18553
424	424	18561
420	420	18570
419	419	18579
416	416	18587
408	408	18595
404	404	18603
389	389	18612
383	383	18620
365	365	18628
353	353	18638
318	318	18646
292	292	18655
262	262	18664
251	251	18673
225	225	18682
215	215	18690
206	206	18698
183	183	18706
177	177	18715
168	168	18724
150	150	18732
142	142	18740
121	121	18749
113	113	18757
106	106	18765
86	86	18773
86	86	18782
69	69	18791
64	64	18800
53	53	18809
48	48	18818
34	34	18827
30	30	18835
25	25	18843
15	15	18851
10	10	18860
6	6	18868
0	0	18877
0	0	18886
0	0	18894
0	0	18903
0	0	18911
0	0	18920
0	0	18929
0	0	18938
0	0	18946
0	0	18955
0	0	18964
0	0	18973
0	0	18981
0	0	18989
0	0	18998
0	0	19007
0	0	19015
0	0	19024
0	0	19032
0	0	19041
0	0	19050
4	4	19059
5	5	19067
10	10	19076
12	12	19084
13	13	19093
17	17	19101
18	18	19109
21	21	19117
22	22	19126
27	27	19135
27	27	19144
28	28	19153
29	29	19161
95	95	19169
95	95	19177
95	95	19185
95	95	19193
95	95	19202
95	95	19210
95	95	19218
95	95	19226
95	95	19234
95	95	19242
95	95	19251
95	95	19259
95	95	19268
95	95	19277
95	95	19286
95	95	19295
95	95	19303
95	95	19312
95	95	19321
95	95	19330
95	95	19338
95	95	19346
95	95	19354
95	95	19362
95	95	19370
95	95	19378
95	95	19387
95	95	19395
95	95	19404
95	95	19412
95	95	19421
95	95	19431
95	95	19440
95	95	19448
92	92	19457
91	91	19466
87	87	19475
85	85	19483
81	81	19491
79	79	19500
78	78	19509
76	76	19518
75	75	19527
74	74	19536
73	73	19545
73	73	19554
73	73	19562
73	73	19571
73	73	19580
73	73	19588
73	73	19597
73	73	19606
73	73	19614
73	73	19622
73	73	19630
73	73	19638
73	73	19646
73	73	19654
73	73	19662
73	73	19670
73	73	19678
73	73	19687
73	73	19695
73	73	19703
73	73	19711
73	73	19720
73	73	19728
73	73	19737
73	73	19745
73	73	19754
73	73	19763
70	70	19771
62	62	19780
51	51	19788
46	46	19797
42	42	19805
34	34	19814
32	32	19823
29	29	19831
22	22	19839
20	20	19847
17	17	19855
15	15	19864
15	15	19872
14	14	19881
14	14	19889
14	14	19897
14	14	19906
14	14	19914
14	14	19922
14	14	19931
14	14	19940
14	14	19949
14	14	19958
14	14	19967
14	14	19976
14	14	19985
14	14	19994
14	14	20003
14	14	20012
14	14	20020
14	14	20029
14	14	20038
14	14	20047
14	14	20055
14	14	20063
14	14	20072
14	14	20080
14	14	20088
14	14	20097
14	14	20105
14	14	20114
14	14	20122
15	15	20130
15	15	20138
17	17	20146
17	17	20155
20	20	20163
20	20	20172
22	22	20180
24	24	20188
25	25	20196
26	26	20206
29	29	20215
31	31	20223
34	34	20231
41	41	20239
44	44	20249
54	54	20258
58	58	20267
74	74	20275
84	84	20283
84	84	20291
94	94	20299
111	111	20308
119	119	20316
139	139	20324
147	147	20332
158	158	20340
185	185	20348
195	195	20356
205	205	20366
234	234	20374
246	246	20383
278	278	20391
290	290	20399
302	302	20407
332	332	20415
340	340	20424
350	350	20432
367	367	20440
374	374	20449
392	392	20457
398	398	20465
406	406	20473
419	419	20482
425	425	20490
438	438	20498
442	442	20506
448	448	20515
461	461	20524
472	472	20533
486	486	20541
490	490	20550
503	503	20559
508	508	20567
513	513	20575
525	525	20583
531	531	20591
542	542	20600
548	548	20609
553	553	20617
567	567	20625
571	571	20634
581	581	20643
587	587	20651
589	589	20660
589	589	20669
591	591	20677
591	591	20685
592	592	20694
594	594	20702
594	594	20711
595	595	20720
596	596	20728
598	598	20737
602	602	20746
603	603	20754
606	606	20763
619	619	20771
619	619	20780
625	625	20788
633	633	20796
636	636	20804
648	648	20814
654	654	20822
660	660	20831
673	673	20840
679	679	20848
693	693	20857
700	700	20866
706	706	20874
720	720	20882
720	720	20891
734	734	20900
737	737	20908
741	741	20917
742	742	20925
745	745	20934
747	747	20943
749	749	20951
752	752	20959
753	753	20967
758	758	20975
758	758	20984
760	760	20993
763	763	21002
765	765	21010
771	771	21018
773	773	21026
775	775	21034
782	782	21042
785	785	21051
795	795	21060
798	798	21068
806	806	21077
809	809	21086
812	812	21094
818	818	21102
819	819	21110
822	822	21118
827	827	21127
828	828	21135
831	831	21144
832	832	21152
834	834	21160
836	836	21168
837	837	21176
839	839	21185
841	841	21193
841	841	21201
842	842	21210
844	844	21219
844	844	21227
845	845	21236
847	847	21244
847	847	21253
848	848	21261
849	849	21270
850	850	21278
850	850	21286
851	851	21294
851	851	21302
851	851	21311
853	853	21320
853	853	21328
854	854	21337
854	854	21345
855	855	21353
856	856	21362
856	856	21370
857	857	21378
857	857	21387
858	858	21395
859	859	21403
860	860	21411
860	860	21419
860	860	21428
861	861	21437
861	861	21446
861	861	21455
861	861	21464
861	861	21474
861	861	21482
861	861	21490
861	861	21498
861	861	21506
861	861	21516
861	861	21525
861	861	21533
861	861	21541
861	861	21549
860	860	21557
855	855	21565
852	852	21574
838	838	21583
828	828	21592
821	821	21600
805	805	21609
773	773	21617
764	764	21626
754	754	21635
706	706	21644
668	668	21653
652	652	21662
639	639	21670
598	598	21678
582	582	21687
538	538	21695
524	524	21704
511	511	21713
479	479	21722
458	458	21731
438	438	21739
429	429	21747
408	408	21755
400	400	21764
392	392	21772
376	376	21781
371	371	21790
356	356	21799
352	352	21807
348	348	21816
336	336	21824
330	330	21832
323	323	21840
304	304	21848
296	296	21857
275	275	21866
267	267	21874
259	259	21883
243	243	21892
232	232	21900
221	221	21908
218	218	21917
212	212	21926
209	209	21934
207	207	21942
203	203	21951
201	201	21960
196	196	21968
194	194	21977
191	191	21985
183	183	21994
180	180	22003
168	168	22012
165	165	22020
158	158	22029
155	155	22037
152	152	22046
144	144	22055
141	141	22064
138	138	22073
131	131	22081
127	127	22090
118	118	22098
115	115	22107
106	106	22116
103	103	22125
98	98	22134
96	96	22142
93	93	22151
88	88	22159
85	85	22167
78	78	22175
76	76	22183
73	73	22191
67	67	22200
65	65	22209
63	63	22217
61	61	22225
60	60	22234
56	56	22243
55	55	22251
55	55	22260
51	51	22268
47	47	22277
44	44	22285
42	42	22293
38	38	22301
37	37	22310
35	35	22319
34	34	22328
34	34	22337
32	32	22346
32	32	22355
32	32	22364
31	31	22373
29	29	22382
28	28	22390
27	27	22398
24	24	22406
23	23	22414
22	22	22422
21	21	22430
21	21	22438
21	21	22446
21	21	22454
21	21	22463
21	21	22471
21	21	22480
21	21	22489
21	21	22498
21	21	22506
21	21	22515
21	21	22524
21	21	22532
21	21	22540
21	21	22549
21	21	22558
21	21	22567
21	21	22576
22	22	22584
25	25	22592
26	26	22601
28	28	22610
32	32	22619
33	33	22628
38	38	22637
41	41	22645
48	48	22653
52	52	22661
54	54	22670
65	65	22679
74	74	22687
78	78	22695
89	89	22703
93	93	22712
97	97	22721
111	111	22730
117	117	22738
141	141	22746
149	149	22756
164	164	22764
169	169	22772
175	175	22780
188	188	22789
195	195	22798
208	208	22806
215	215	22815
222	222	22824
238	238	22832
246	246	22840
254	254	22849
276	276	22857
286	286	22865
295	295	22874
321	321	22882
331	331	22891
366	366	22899
366	366	22907
394	394	22915
400	400	22924
415	415	22932
419	419	22940
423	423	22948
432	432	22957
434	434	22966
441	441	22974
443	443	22983
445	445	22991
449	449	23000
450	450	23008
453	453	23017
455	455	23025
457	457	23033
459	459	23041
462	462	23049
462	462	23058
464	464	23067
465	465	23076
470	470	23085
471	471	23094
474	474	23102
476	476	23110
478	478	23118
484	484	23126
487	487	23135
494	494	23144
497	497	23152
504	504	23160
507	507	23169
514	514	23178
518	518	23187
523	523	23195
534	534	23203
534	534	23211
546	546	23219
551	551	23228
560	560	23237
565	565	23245
573	573	23254
576	576	23262
579	579	23271
585	585	23280
587	587	23288
590	590	23296
592	592	23305
593	593	23314
597	597	23322
598	598	23331
601	601	23340
603	603	23349
605	605	23357
607	607	23366
608	608	23374
611	611	23382
613	613	23390
617	617	23399
618	618	23407
620	620	23416
624	624	23425
626	626	23434
630	630	23443
633	633	23452
638	638	23460
641	641	23468
643	643	23476
648	648	23484
651	651	23493
658	658	23502
660	660	23511
662	662	23520
666	666	23528
669	669	23537
672	672	23545
673	673	23554
674	674	23562
676	676	23570
676	676	23578
677	677	23587
679	679	23596
682	682	23605
683	683	23614
685	685	23622
688	688	23631
689	689	23640
689	689	23649
691	691	23658
691	691	23666
691	691	23675
691	691	23684
694	694	23693
694	694	23701
696	696	23710
698	698	23719
699	699	23727
700	700	23735
701	701	23744
701	701	23752
701	701	23761
701	701	23769
701	701	23778
701	701	23786
701	701	23795
701	701	23804
701	701	23812
701	701	23820
701	701	23828
701	701	23837
701	701	23846
701	701	23855
701	701	23864
701	701	23872
701	701	23881
701	701	23890
701	701	23898
701	701	23907
701	701	23915
701	701	23923
699	699	23931
698	698	23940
698	698	23949
697	697	23957
694	694	23966
694	694	23975
690	690	23985
689	689	23993
688	688	24001
681	681	24010
678	678	24018
676	676	24026
671	671	24034
671	671	24042
666	666	24051
666	666	24060
662	662	24068
660	660	24077
656	656	24086
654	654	24095
651	651	24103
645	645	24111
641	641	24120
634	634	24129
622	622	24138
608	608	24147
602	602	24156
576	576	24164
567	567	24172
546	546	24181
537	537	24189
529	529	24198
505	505	24207
496	496	24216
472	472	24224
462	462	24232
453	453	24241
427	427	24250
417	417	24258
384	384	24266
384	384	24275
352	352	24284
343	343	24293
333	333	24301
311	311	24309
303	303	24318
294	294	24327
276	276	24336
270	270	24345
253	253	24354
247	247	24363
241	241	24371
228	228	24380
212	212	24389
208	208	24398
205	205	24407
198	198	24415
195	195	24423
187	187	24432
183	183	24440
179	179	24448
167	167	24456
163	163	24465
159	159	24473
147	147	24481
141	141	24489
136	136	24498
124	124	24506
119	119	24515
108	108	24523
92	92	24532
88	88	24541
85	85	24550
76	76	24559
74	74	24567
71	71	24576
66	66	24584
65	65	24593
62	62	24601
61	61	24610
58	58	24619
56	56	24628
52	52	24637
51	51	24646
49	49	24654
46	46	24663
44	44	24671
41	41	24679
38	38	24688
37	37	24696
34	34	24704
33	33	24713
32	32	24721
29	29	24730
29	29	24739
27	27	24748
26	26	24757
24	24	24766
24	24	24775
22	22	24784
22	22	24792
21	21	24801
21	21	24810
21	21	24819
21	21	24828
21	21	24836
21	21	24844
21	21	24852
21	21	24861
21	21	24870
21	21	24879
21	21	24888
21	21	24897
21	21	24906
21	21	24914
21	21	24923
21	21	24932
21	21	24941
21	21	24950
21	21	24959
21	21	24967
21	21	24975
21	21	24984
21	21	24993
21	21	25001
22	22	25010
26	26	25019
31	31	25028
38	38	25036
42	42	25045
53	53	25054
60	60	25063
67	67	25071
77	77	25080
80	80	25088
86	86	25097
89	89	25105
91	91	25114
96	96	25122
101	101	25131
105	105	25139
108	108	25147
116	116	25155
119	119	25164
123	123	25172
133	133	25180
138	138	25188
144	144	25197
158	158	25205
162	162	25213
180	180	25222
187	187	25230
195	195	25239
220	220	25247
242	242	25255
250	250	25263
258	258	25272
280	280	25281
289	289	25290
325	325	25298
325	325	25306
335	335	25314
357	357	25322
377	377	25330
377	377	25338
411	411	25346
411	411	25354
434	434	25362
443	443	25371
451	451	25380
478	478	25388
494	494	25396
500	500	25405
505	505	25414
516	516	25423
520	520	25432
529	529	25440
534	534	25449
538	538	25458
551	551	25467
554	554	25475
561	561	25484
564	564	25492
566	566	25500
573	573	25508
575	575	25516
582	582	25525
585	585	25534
588	588	25543
594	594	25552
597	597	25561
604	604	25571
609	609	25579
615	615	25587
617	617	25596
621	621	25605
622	622	25613
625	625	25622
627	627	25630
630	630	25640
634	634	25649
635	635	25658
636	636	25666
640	640	25674
645	645	25682
645	645	25691
648	648	25700
651	651	25708
652	652	25717
653	653	25726
655	655	25734
656	656	25742
657	657	25751
657	657	25759
659	659	25767
662	662	25776
663	663	25785
667	667	25794
669	669	25802
671	671	25810
677	677	25818
681	681	25826
681	681	25834
685	685	25843
690	690	25852
691	691	25861
694	694	25869
697	697	25878
698	698	25886
700	700	25894
702	702	25902
704	704	25910
704	704	25918
707	707	25926
709	709	25935
713	713	25944
715	715	25952
717	717	25960
721	721	25969
722	722	25978
726	726	25986
727	727	25994
729	729	26002
733	733	26010
734	734	26018
736	736	26026
739	739	26035
741	741	26044
746	746	26053
748	748	26062
751	751	26070
753	753	26079
754	754	26087
756	756	26095
758	758	26104
761	761	26112
763	763	26121
764	764	26129
768	768	26137
772	772	26145
772	772	26153
774	774	26162
775	775	26170
780	780	26178
780	780	26186
785	785	26195
786	786	26204
790	790	26212
791	791	26220
793	793	26229
797	797	26238
798	798	26246
801	801	26254
803	803	26262
804	804	26270
806	806	26278
807	807	26286
807	807	26295
808	808	26303
809	809	26311
810	810	26320
811	811	26328
812	812	26337
813	813	26345
814	814	26353
814	814	26361
816	816	26370
817	817	26378
817	817	26387
818	818	26396
819	819	26404
819	819	26413
820	820	26421
820	820	26429
820	820	26437
821	821	26445
821	821	26454
821	821	26463
821	821	26472
821	821	26480
821	821	26488
821	821	26497
821	821	26506
821	821	26515
816	816	26524
813	813	26532
802	802	26540
797	797	26548
779	779	26557
771	771	26566
762	762	26574
740	740	26582
732	732	26590
707	707	26598
699	699	26606
690	690	26615
663	663	26623
653	653	26631
643	643	26640
621	621	26649
614	614	26657
593	593	26666
586	586	26674
578	578	26682
559	559	26691
543	543	26700
522	522	26708
513	513	26716
490	490	26725
481	481	26734
473	473	26742
448	448	26750
439	439	26759
410	410	26767
400	400	26776
391	391	26785
367	367	26794
358	358	26803
326	326	26812
316	316	26820
294	294	26828
285	285	26837
276	276	26845
256	256	26854
247	247	26862
228	228	26870
223	223	26878
216	216	26887
200	200	26895
194	194	26904
189	189	26913
180	180	26922
176	176	26930
168	168	26939
161	161	26947
161	161	26955
150	150	26964
147	147	26973
139	139	26982
136	136	26990
129	129	26999
127	127	27007
124	124	27015
119	119	27023
118	118	27031
113	113	27040
111	111	27048
109	109	27056
104	104	27064
102	102	27072
99	99	27080
93	93	27088
91	91	27097
84	84	27106
81	81	27114
78	78	27122
73	73	27131
72	72	27139
68	68	27147
68	68	27156
64	64	27164
62	62	27173
59	59	27181
58	58	27190
57	57	27198
53	53	27206
53	53	27214
51	51	27222
50	50	27231
50	50	27239
49	49	27248
49	49	27257
49	49	27265
48	48	27273
48	48	27281
47	47	27289
47	47	27298
45	45	27306
45	45	27314
44	44	27322
43	43	27330
43	43	27339
42	42	27347
42	42	27355
42	42	27363
40	40	27371
40	40	27379
39	39	27388
39	39	27397
38	38	27405
37	37	27413
37	37	27421
37	37	27430
36	36	27438
36	36	27446
36	36	27455
36	36	27463
36	36	27472
35	35	27481
35	35	27489
35	35	27497
35	35	27506
35	35	27515
35	35	27524
35	35	27533
35	35	27542
35	35	27551
35	35	27560
35	35	27569
35	35	27577
35	35	27585
35	35	27594
35	35	27602
35	35	27610
35	35	27618
35	35	27626
35	35	27635
35	35	27643
35	35	27651
35	35	27659
35	35	27668
35	35	27677
35	35	27686
37	37	27694
43	43	27702
44	44	27711
47	47	27720
53	53	27730
57	57	27738
65	65	27747
68	68	27756
77	77	27765
82	82	27774
86	86	27782
97	97	27790
101	101	27799
105	105	27808
121	121	27817
125	125	27827
138	138	27836
147	147	27844
158	158	27853
163	163	27862
174	174	27871
180	180	27880
184	184	27889
195	195	27897
208	208	27906
214	214	27915
219	219	27923
241	241	27931
241	241	27940
263	263	27949
269	269	27957
282	282	27966
289	289	27974
296	296	27983
313	313	27992
320	320	28000
337	337	28009
344	344	28018
351	351	28027
382	382	28035
403	403	28043
411	411	28051
421	421	28060
441	441	28070
449	449	28079
456	456	28088
473	473	28096
477	477	28104
489	489	28113
493	493	28122
496	496	28130
506	506	28139
511	511	28147
518	518	28155
521	521	28164
529	529	28172
532	532	28180
535	535	28188
541	541	28196
544	544	28205
550	550	28213
553	553	28222
556	556	28231
563	563	28240
566	566	28249
569	569	28257
577	577	28266
580	580	28274
591	591	28282
591	591	28290
595	595	28298
604	604	28306
607	607	28315
615	615	28323
620	620	28331
620	620	28339
629	629	28347
632	632	28356
637	637	28364
639	639	28373
641	641	28382
643	643	28391
646	646	28399
648	648	28408
649	649	28417
651	651	28425
652	652	28434
654	654	28442
658	658	28450
658	658	28459
661	661	28468
662	662	28477
665	665	28485
666	666	28494
669	669	28503
670	670	28512
671	671	28520
674	674	28529
675	675	28537
677	677	28545
679	679	28554
681	681	28562
683	683	28570
683	683	28579
684	684	28587
686	686	28596
688	688	28605
688	688	28614
688	688	28623
690	690	28632
690	690	28640
690	690	28649
691	691	28658
691	691	28667
691	691	28675
691	691	28683
691	691	28691
691	691	28700
691	691	28708
691	691	28717
691	691	28725
691	691	28734
691	691	28742
691	691	28751
691	691	28760
691	691	28769
691	691	28778
691	691	28787
691	691	28796
691	691	28804
691	691	28813
691	691	28822
691	691	28831
691	691	28839
691	691	28848
691	691	28857
691	691	28865
691	691	28874
691	691	28882
691	691	28890
690	690	28898
690	690	28907
679	679	28916
675	675	28925
669	669	28934
654	654	28942
650	650	28950
638	638	28958
632	632	28967
617	617	28975
609	609	28983
601	601	28991
582	582	29000
576	576	29009
557	557	29017
551	551	29027
533	533	29036
528	528	29044
522	522	29053
509	509	29062
503	503	29071
484	484	29079
476	476	29088
469	469	29097
449	449	29106
439	439	29115
418	418	29123
403	403	29132
384	384	29140
378	378	29150
365	365	29158
360	360	29167
354	354	29175
342	342	29184
336	336	29192
332	332	29201
321	321	29210
317	317	29218
302	302	29227
298	298	29235
287	287	29244
283	283	29252
279	279	29261
267	267	29269
262	262	29278
248	248	29287
244	244	29296
239	239	29304
227	227	29312
222	222	29320
212	212	29329
209	209	29338
205	205	29346
195	195	29354
191	191	29363
179	179	29371
176	176	29380
174	174	29388
167	167	29396
163	163	29405
155	155	29413
152	152	29421
149	149	29429
144	144	29437
141	141	29445
137	137	29453
136	136	29461
135	135	29469
133	133	29478
130	130	29486
124	124	29494
122	122	29503
118	118	29512
116	116	29521
114	114	29529
110	110	29538
107	107	29547
103	103	29556
100	100	29564
94	94	29572
92	92	29580
90	90	29589
85	85	29598
82	82	29606
79	79	29615
77	77	29624
75	75	29632
70	70	29640
68	68	29648
66	66	29657
59	59	29666
57	57	29675
52	52	29684
51	51	29693
48	48	29701
48	48	29709
46	46	29717
44	44	29725
43	43	29734
42	42	29742
41	41	29751
41	41	29760
39	39	29769
39	39	29777
37	37	29786
36	36	29795
36	36	29804
34	34	29812
33	33	29822
33	33	29831
32	32	29839
31	31	29847
31	31	29855
31	31	29863
30	30	29872
29	29	29880
28	28	29888
27	27	29896
27	27	29904
27	27	29912
27	27	29920
26	26	29928
26	26	29936
26	26	29945
25	25	29953
25	25	29961
25	25	29970
25	25	29979
25	25	29988
25	25	29996
25	25	30004
25	25	30012
25	25	30020
25	25	30028
25	25	30036
25	25	30044
25	25	30052
25	25	30061
25	25	30069
25	25	30077
25	25	30085
25	25	30093
25	25	30102
25	25	30110
25	25	30118
25	25	30126
27	27	30135
31	31	30143
41	41	30151
46	46	30160
53	53	30168
74	74	30177
82	82	30186
106	106	30194
115	115	30202
126	126	30211
163	163	30220
174	174	30228
205	205	30236
218	218	30244
257	257	30253
270	270	30261
282	282	30269
316	316	30278
330	330	30287
364	364	30296
376	376	30305
389	389	30314
419	419	30322
431	431	30331
468	468	30339
477	477	30348
504	504	30357
513	513	30365
522	522	30374
547	547	30382
555	555	30390
564	564	30398
587	587	30407
596	596	30415
619	619	30424
627	627	30432
635	635	30441
655	655	30450
663	663	30458
683	683	30466
691	691	30476
719	719	30485
726	726	30493
734	734	30502
751	751	30510
759	759	30519
778	778	30528
784	784	30536
792	792	30544
806	806	30552
812	812	30561
824	824	30570
828	828	30579
833	833	30588
847	847	30597
851	851	30605
859	859	30614
862	862	30623
868	868	30632
870	870	30641
873	873	30649
878	878	30657
881	881	30666
883	883	30674
890	890	30682
892	892	30691
900	900	30699
900	900	30707
907	907	30716
909	909	30725
914	914	30734
916	916	30743
918	918	30751
923	923	30760
925	925	30769
928	928	30777
934	934	30785
936	936	30793
941	941	30802
945	945	30810
947	947	30818
948	948	30827
951	951	30835
952	952	30843
955	955	30851
956	956	30859
957	957	30867
957	957	30875
963	963	30884
966	966	30892
968	968	30900
969	969	30909
971	971	30917
971	971	30925
971	971	30933
973	973	30941
973	973	30950
973	973	30958
974	974	30967
974	974	30976
975	975	30985
976	976	30994
976	976	31002
976	976	31010
976	976	31018
976	976	31027
976	976	31035
976	976	31044
976	976	31052
976	976	31061
976	976	31070
976	976	31079
976	976	31088
976	976	31097
976	976	31106
976	976	31114
976	976	31123
976	976	31131
976	976	31139
976	976	31148
976	976	31156
976	976	31164
976	976	31172
976	976	31180
976	976	31188
976	976	31197
976	976	31206
976	976	31215
976	976	31223
976	976	31232
973	973	31241
971	971	31250
966	966	31258
962	962	31267
941	941	31276
931	931	31284
925	925	31292
919	919	31300
900	900	31308
892	892	31316
870	870	31324
861	861	31332
852	852	31341
829	829	31350
820	820	31358
796	796	31366
787	787	31374
777	777	31383
753	753	31392
743	743	31401
734	734	31410
712	712	31418
682	682	31427
682	682	31435
666	666	31444
644	644	31452
635	635	31461
612	612	31470
603	603	31478
595	595	31487
573	573	31495
563	563	31503
557	557	31511
536	536	31520
528	528	31529
505	505	31538
497	497	31546
489	489	31555
462	462	31564
454	454	31572
431	431	31580
423	423	31589
405	405	31598
399	399	31606
394	394	31615
380	380	31624
376	376	31633
364	364	31642
359	359	31651
340	340	31660
335	335	31668
330	330	31677
319	319	31686
315	315	31694
304	304	31702
300	300	31711
296	296	31720
285	285	31728
280	280	31736
268	268	31745
264	264	31753
258	258	31762
246	246	31770
241	241	31779
237	237	31788
221	221	31797
210	210	31806
204	204	31815
199	199	31823
187	187	31832
183	183	31841
177	177	31849
168	168	31857
165	165	31866
158	158	31875
156	156	31884
151	151	31892
150	150	31900
146	146	31909
145	145	31918
141	141	31926
138	138	31934
136	136	31942
133	133	31950
131	131	31958
129	129	31967
126	126	31976
123	123	31985
119	119	31994
118	118	32002
115	115	32010
112	112	32018
110	110	32027
106	106	32036
103	103	32044
99	99	32052
98	98	32060
95	95	32068
94	94	32077
92	92	32086
89	89	32095
89	89	32104
87	87	32113
84	84	32122
82	82	32130
79	79	32139
78	78	32147
73	73	32156
71	71	32165
70	70	32174
66	66	32182
65	65	32190
59	59	32198
57	57	32206
55	55	32215
51	51	32224
49	49	32232
48	48	32241
45	45	32250
44	44	32259
42	42	32267
41	41	32275
39	39	32284
39	39	32292
37	37	32300
35	35	32310
34	34	32319
33	33	32328
33	33	32336
32	32	32345
31	31	32353
31	31	32361
30	30	32370
30	30	32379
30	30	32388
30	30	32397
29	29	32406
29	29	32415
28	28	32424
27	27	32433
26	26	32442
26	26	32450
25	25	32458
25	25	32467
25	25	32476
25	25	32484
25	25	32492
25	25	32500
25	25	32509
25	25	32518
25	25	32526
25	25	32535
25	25	32544
25	25	32553
27	27	32562
28	28	32571
32	32	32579
34	34	32588
41	41	32597
43	43	32606
53	53	32614
57	57	32623
62	62	32632
72	72	32641
75	75	32650
80	80	32659
93	93	32667
97	97	32675
106	106	32683
106	106	32692
120	120	32701
124	124	32709
126	126	32717
134	134	32726
136	136	32735
143	143	32743
146	146	32752
150	150	32760
156	156	32769
159	159	32777
160	160	32785
165	165	32793
167	167	32801
169	169	32810
174	174	32818
174	174	32827
180	180	32835
183	183	32843
190	190	32852
193	193	32860
202	202	32868
205	205	32877
208	208	32885
215	215	32894
218	218	32903
220	220	32911
227	227	32919
232	232	32928
239	239	32937
243	243	32945
247	247	32954
264	264	32962
264	264	32970
276	276	32978
280	280	32986
285	285	32994
293	293	33002
296	296	33011
301	301	33021
311	311	33029
314	314	33037
321	321	33046
324	324	33054
332	332	33062
336	336	33071
339	339	33080
346	346	33089
351	351	33097
357	357	33105
360	360	33113
366	366	33121
367	367	33130
370	370	33139
375	375	33147
376	376	33155
378	378	33164
384	384	33172
385	385	33180
389	389	33189
390	390	33197
393	393	33206
397	397	33214
398	398	33222
399	399	33231
403	403	33241
406	406	33250
411	411	33258
411	411	33267
414	414	33276
417	417	33285
418	418	33294
420	420	33303
421	421	33311
423	423	33319
426	426	33327
426	426	33335
427	427	33343
428	428	33351
428	428	33360
429	429	33368
430	430	33376
430	430	33385
431	431	33393
431	431	33402
431	431	33410
431	431	33418
431	431	33426
431	431	33434
431	431	33442
431	431	33450
431	431	33458
431	431	33467
431	431	33475
431	431	33484
431	431	33492
431	431	33501
431	431	33510
431	431	33518
431	431	33527
431	431	33536
431	431	33545
431	431	33554
431	431	33563
431	431	33572
431	431	33580
431	431	33588
431	431	33597
431	431	33605
431	431	33614
431	431	33622
429	429	33630
424	424	33639
423	423	33647
421	421	33655
415	415	33664
412	412	33672
402	402	33680
398	398	33688
393	393	33696
382	382	33704
370	370	33713
365	365	33721
362	362	33730
352	352	33738
348	348	33747
336	336	33755
332	332	33764
323	323	33772
318	318	33780
309	309	33789
306	306	33797
303	303	33805
295	295	33814
292	292	33823
287	287	33831
279	279	33839
276	276	33847
268	268	33856
265	265	33865
262	262	33873
254	254	33882
251	251	33890
244	244	33898
241	241	33907
230	230	33916
227	227	33924
224	224	33933
216	216	33942
213	213	33950
205	205	33958
201	201	33967
198	198	33976
189	189	33985
186	186	33993
182	182	34001
174	174	34009
171	171	34017
164	164	34025
161	161	34033
159	159	34041
152	152	34050
149	149	34059
144	144	34067
139	139	34076
134	134	34084
132	132	34093
127	127	34102
125	125	34110
123	123	34118
118	118	34126
115	115	34134
113	113	34143
109	109	34151
108	108	34159
106	106	34168
101	101	34178
99	99	34187
90	90	34196
88	88	34204
83	83	34212
82	82	34221
80	80	34230
79	79	34238
76	76	34247
75	75	34255
75	75	34264
73	73	34272
72	72	34280
71	71	34288
70	70	34297
70	70	34306
68	68	34314
68	68	34323
64	64	34331
62	62	34339
58	58	34348
57	57	34358
56	56	34367
50	50	34375
49	49	34383
45	45	34391
45	45	34399
42	42	34407
41	41	34416
39	39	34425
39	39	34434
38	38	34442
38	38	34450
37	37	34458
37	37	34466
37	37	34475
37	37	34484
36	36	34492
35	35	34500
34	34	34508
34	34	34516
33	33	34524
