Digital_Input	Screen_Position_Y_axis(px)	time(ms)
1.8030098521328952	1440.0	9
1.8030098521328952	1440.0	28
1.8030098521328952	1440.0	40
1.8030098521328952	1440.0	56
1.8030098521328952	1440.0	68
1.8030098521328952	1440.0	82
1.8030098521328952	1440.0	95
1.8030098521328952	1440.0	109
1.8131869170139048	1440.0	124
1.8131869170139048	1440.0	141
1.8030098521328952	1440.0	158
1.8030098521328952	1440.0	175
1.8030098521328952	1440.0	191
1.8030098521328952	1440.0	207
1.8030098521328952	1440.0	225
1.8030098521328952	1440.0	241
1.8131869170139048	1440.0	258
1.8030098521328952	1440.0	275
1.8030098521328952	1440.0	291
1.8131869170139048	1440.0	308
1.8131869170139048	1440.0	324
1.8131869170139048	1440.0	341
1.8335410467759203	1421.772151898735	358
1.8538951765379394	1403.544303797467	375
1.8946034360619706	1367.0886075949372	391
1.9454887604670148	1321.5189873417703	408
1.9963740848720555	1275.9493670886063	425
2.0574364741581057	1221.2658227848085	441
2.1083217985631464	1175.6962025316448	458
2.159207122968187	1130.1265822784808	475
2.189738317611212	1102.784810126582	491
2.2202695122542373	1075.443037974683	508
2.230446577135247	1066.329113924049	525
2.240623642016253	1057.215189873418	541
2.230446577135247	1066.329113924049	558
2.230446577135247	1066.329113924049	575
2.230446577135247	1066.329113924049	591
2.230446577135247	1066.329113924049	608
2.230446577135247	1066.329113924049	625
2.230446577135247	1066.329113924049	642
2.240623642016253	1057.215189873418	658
2.2508007068972624	1048.101265822784	675
2.2609777717782684	1038.9873417721533	692
2.271154836659278	1029.873417721519	708
2.2813319015402875	1020.759493670885	725
2.301686031302303	1002.5316455696202	741
2.3118630961833126	993.4177215189861	758
2.332217225945328	975.1898734177212	775
2.3525713557073438	956.9620253164563	792
2.3627484205883533	947.8481012658224	808
2.383102550350369	929.6202531645574	825
2.4034566801123844	911.3924050632926	842
2.4238108098744036	893.1645569620244	858
2.4339878747554096	884.0506329113937	875
2.444164939636419	874.9367088607595	892
2.4543420045174287	865.8227848101255	908
2.4645190693984347	856.7088607594947	925
2.4645190693984347	856.7088607594947	942
2.4746961342794442	847.5949367088606	958
2.484873199160454	838.4810126582266	975
2.49505026404146	829.3670886075957	992
2.5052273289224694	820.2531645569617	1008
2.525581458684485	802.0253164556968	1025
2.5459355884465005	783.7974683544319	1041
2.5662897182085196	765.5696202531639	1058
2.586643847970535	747.3417721518989	1075
2.5968209128515447	738.2278481012648	1092
2.5968209128515447	738.2278481012648	1108
2.6069979777325507	729.1139240506341	1125
2.5968209128515447	738.2278481012648	1142
2.586643847970535	747.3417721518989	1158
2.5662897182085196	765.5696202531639	1175
2.5459355884465005	783.7974683544319	1192
2.515404393803479	811.1392405063276	1209
2.484873199160454	838.4810126582266	1225
2.4645190693984347	856.7088607594947	1242
2.4339878747554096	884.0506329113937	1259
2.413633744993394	902.2784810126584	1275
2.383102550350369	929.6202531645574	1292
2.3423942908263378	966.0759493670872	1309
2.301686031302303	1002.5316455696202	1325
2.240623642016253	1057.215189873418	1342
2.1693841878491966	1121.0126582278467	1359
2.1083217985631464	1175.6962025316448	1376
2.047259409277096	1230.3797468354426	1392
1.986197019991046	1285.0632911392404	1409
1.9353116955860052	1330.6329113924044	1425
1.8640722414189455	1394.4303797468363	1442
1.8233639818949143	1430.886075949366	1459
1.8335410467759203	1421.772151898735	1475
1.8538951765379394	1403.544303797467	1492
1.8640722414189455	1394.4303797468363	1509
1.8640722414189455	1394.4303797468363	1525
1.84371811165693	1412.658227848101	1542
1.8233639818949143	1430.886075949366	1559
1.8233639818949143	1430.886075949366	1575
1.8233639818949143	1430.886075949366	1592
1.8131869170139048	1440.0	1609
1.8131869170139048	1440.0	1625
1.8131869170139048	1440.0	1642
1.8131869170139048	1440.0	1658
1.8131869170139048	1440.0	1676
1.8131869170139048	1440.0	1692
1.8335410467759203	1421.772151898735	1709
1.874249306299955	1385.3164556962022	1726
1.9149575658239897	1348.860759493669	1742
1.9760199551100364	1294.1772151898745	1759
2.0370823443960866	1239.4936708860766	1776
2.1083217985631464	1175.6962025316448	1793
2.1693841878491966	1121.0126582278467	1809
2.230446577135247	1066.329113924049	1826
2.271154836659278	1029.873417721519	1842
2.2915089664212935	1011.6455696202542	1859
2.301686031302303	1002.5316455696202	1876
2.2915089664212935	1011.6455696202542	1892
2.271154836659278	1029.873417721519	1909
2.2508007068972624	1048.101265822784	1926
2.230446577135247	1066.329113924049	1943
2.2202695122542373	1075.443037974683	1959
2.2100924473732277	1084.556962025317	1976
2.1999153824922217	1093.670886075948	1993
2.1999153824922217	1093.670886075948	2009
2.2100924473732277	1084.556962025317	2026
2.2100924473732277	1084.556962025317	2043
2.2100924473732277	1084.556962025317	2059
2.2100924473732277	1084.556962025317	2076
2.2100924473732277	1084.556962025317	2093
2.2100924473732277	1084.556962025317	2109
2.2100924473732277	1084.556962025317	2126
2.2100924473732277	1084.556962025317	2143
2.1999153824922217	1093.670886075948	2159
2.189738317611212	1102.784810126582	2176
2.1795612527302026	1111.8987341772158	2193
2.159207122968187	1130.1265822784808	2210
2.1388529932061715	1148.3544303797457	2226
2.1184988634441524	1166.5822784810139	2243
2.098144733682137	1184.8101265822788	2260
2.0777906039201213	1203.0379746835436	2276
2.0676135390391117	1212.1518987341776	2292
2.0676135390391117	1212.1518987341776	2310
2.0676135390391117	1212.1518987341776	2326
2.0676135390391117	1212.1518987341776	2343
2.0676135390391117	1212.1518987341776	2360
2.098144733682137	1184.8101265822788	2376
2.1388529932061715	1148.3544303797457	2393
2.2202695122542373	1075.443037974683	2409
2.3118630961833126	993.4177215189861	2426
2.4339878747554096	884.0506329113937	2443
2.5662897182085196	765.5696202531639	2460
2.7087686265426356	637.9746835443032	2476
2.8308934051147325	528.6075949367105	2493
2.922486989043808	446.58227848101376	2510
3.0140805729728832	364.5569620253168	2526
3.0751429622589335	309.873417721519	2543
3.126028286663974	264.30379746835524	2560
3.166736546188009	227.84810126582238	2576
3.1870906759500244	209.62025316455743	2593
3.20744480571204	191.39240506329247	2610
3.227798935474059	173.16455696202456	2626
3.237976000355065	164.05063291139368	2643
3.258330130117084	145.82278481012554	2660
3.2786842598790997	127.59493670886059	2676
3.2888613247601057	118.4810126582297	2693
3.2990383896411153	109.36708860759563	2710
3.2990383896411153	109.36708860759563	2727
3.309215454522125	100.25316455696156	2743
3.319392519403131	91.13924050633068	2760
3.319392519403131	91.13924050633068	2776
3.3295695842841404	82.02531645569684	2793
3.3295695842841404	82.02531645569684	2810
3.3295695842841404	82.02531645569684	2827
3.33974664916515	72.91139240506277	2843
3.33974664916515	72.91139240506277	2860
3.33974664916515	72.91139240506277	2877
3.349923714046156	63.797468354431885	2893
3.349923714046156	63.797468354431885	2910
3.349923714046156	63.797468354431885	2927
3.349923714046156	63.797468354431885	2943
3.349923714046156	63.797468354431885	2960
3.349923714046156	63.797468354431885	2977
3.33974664916515	72.91139240506277	2993
3.309215454522125	100.25316455696156	3010
3.258330130117084	145.82278481012554	3027
3.176913611069015	218.7341772151915	3043
3.064965897377924	318.98734177215306	3060
2.9326640539248174	437.4683544303797	3076
2.780008080709692	574.1772151898745	3093
2.62735210749457	710.8860759493659	3111
2.49505026404146	829.3670886075957	3127
2.3627484205883533	947.8481012658224	3144
2.2508007068972624	1048.101265822784	3161
2.1490300580871775	1139.2405063291149	3177
2.098144733682137	1184.8101265822788	3193
2.0574364741581057	1221.2658227848085	3210
2.047259409277096	1230.3797468354426	3227
2.0676135390391117	1212.1518987341776	3244
2.1083217985631464	1175.6962025316448	3261
2.1388529932061715	1148.3544303797457	3277
2.1693841878491966	1121.0126582278467	3294
2.1795612527302026	1111.8987341772158	3311
2.1693841878491966	1121.0126582278467	3327
2.1388529932061715	1148.3544303797457	3344
2.098144733682137	1184.8101265822788	3361
2.0370823443960866	1239.4936708860766	3377
1.986197019991046	1285.0632911392404	3394
1.9353116955860052	1330.6329113924044	3411
1.8844263711809646	1376.2025316455681	3427
1.84371811165693	1412.658227848101	3444
1.8233639818949143	1430.886075949366	3461
1.8335410467759203	1421.772151898735	3477
1.8538951765379394	1403.544303797467	3494
1.8640722414189455	1394.4303797468363	3511
1.874249306299955	1385.3164556962022	3527
1.8844263711809646	1376.2025316455681	3544
1.8946034360619706	1367.0886075949372	3561
1.8946034360619706	1367.0886075949372	3577
1.8946034360619706	1367.0886075949372	3594
1.874249306299955	1385.3164556962022	3611
1.8538951765379394	1403.544303797467	3627
1.8131869170139048	1440.0	3644
1.8131869170139048	1440.0	3661
1.8233639818949143	1430.886075949366	3677
1.8131869170139048	1440.0	3694
1.8131869170139048	1440.0	3711
1.8233639818949143	1430.886075949366	3727
1.84371811165693	1412.658227848101	3744
1.8844263711809646	1376.2025316455681	3761
1.9454887604670148	1321.5189873417703	3777
2.0269052795150806	1248.6075949367073	3794
2.1184988634441524	1166.5822784810139	3811
2.2202695122542373	1075.443037974683	3827
2.332217225945328	975.1898734177212	3844
2.4238108098744036	893.1645569620244	3861
2.5052273289224694	820.2531645569617	3877
2.55611265332751	774.6835443037978	3894
2.586643847970535	747.3417721518989	3911
2.6069979777325507	729.1139240506341	3927
2.62735210749457	710.8860759493659	3944
2.637529172375576	701.772151898735	3961
2.657883302137595	683.544303797467	3977
2.668060367018601	674.4303797468361	3994
2.6884144967806165	656.2025316455712	4011
2.7087686265426356	637.9746835443032	4028
2.729122756304651	619.7468354430381	4044
2.7494768860666667	601.5189873417734	4061
2.7901851455907014	565.0632911392403	4077
2.810539275352717	546.8354430379754	4094
2.8308934051147325	528.6075949367105	4111
2.8512475348767516	510.37974683544246	4127
2.8614245997577576	501.2658227848116	4144
2.871601664638767	492.1518987341775	4161
2.871601664638767	492.1518987341775	4177
2.871601664638767	492.1518987341775	4194
2.871601664638767	492.1518987341775	4211
2.871601664638767	492.1518987341775	4228
2.871601664638767	492.1518987341775	4244
2.871601664638767	492.1518987341775	4261
2.871601664638767	492.1518987341775	4278
2.871601664638767	492.1518987341775	4294
2.871601664638767	492.1518987341775	4311
2.8614245997577576	501.2658227848116	4328
2.8512475348767516	510.37974683544246	4344
2.8308934051147325	528.6075949367105	4361
2.810539275352717	546.8354430379754	4378
2.769831015828686	583.2911392405053	4395
2.7087686265426356	637.9746835443032	4411
2.637529172375576	701.772151898735	4428
2.5459355884465005	783.7974683544319	4445
2.4543420045174287	865.8227848101255	4461
2.3525713557073438	956.9620253164563	4478
2.2609777717782684	1038.9873417721533	4495
2.1693841878491966	1121.0126582278467	4511
2.0777906039201213	1203.0379746835436	4528
1.986197019991046	1285.0632911392404	4545
1.9047805009429801	1357.9746835443032	4561
1.84371811165693	1412.658227848101	4578
1.8335410467759203	1421.772151898735	4595
1.84371811165693	1412.658227848101	4612
1.8640722414189455	1394.4303797468363	4628
1.874249306299955	1385.3164556962022	4645
1.8844263711809646	1376.2025316455681	4661
1.874249306299955	1385.3164556962022	4678
1.8335410467759203	1421.772151898735	4695
1.8233639818949143	1430.886075949366	4711
1.8233639818949143	1430.886075949366	4728
1.8131869170139048	1440.0	4745
1.8131869170139048	1440.0	4761
1.8131869170139048	1440.0	4778
1.8131869170139048	1440.0	4795
1.8131869170139048	1440.0	4812
1.8131869170139048	1440.0	4828
1.8131869170139048	1440.0	4845
1.8131869170139048	1440.0	4862
1.8131869170139048	1440.0	4878
1.8131869170139048	1440.0	4895
1.8131869170139048	1440.0	4911
1.8233639818949143	1430.886075949366	4928
1.84371811165693	1412.658227848101	4945
1.8640722414189455	1394.4303797468363	4962
1.9047805009429801	1357.9746835443032	4978
1.9251346307049957	1339.7468354430382	4995
1.9556658253480208	1312.4050632911394	5012
1.986197019991046	1285.0632911392404	5028
2.0065511497530615	1266.8354430379754	5045
2.0269052795150806	1248.6075949367073	5062
2.0370823443960866	1239.4936708860766	5079
2.0370823443960866	1239.4936708860766	5095
2.0370823443960866	1239.4936708860766	5112
2.0269052795150806	1248.6075949367073	5129
2.016728214634071	1257.7215189873414	5145
2.0065511497530615	1266.8354430379754	5162
1.9963740848720555	1275.9493670886063	5178
1.9963740848720555	1275.9493670886063	5195
1.9963740848720555	1275.9493670886063	5212
1.9963740848720555	1275.9493670886063	5228
2.016728214634071	1257.7215189873414	5245
2.0370823443960866	1239.4936708860766	5262
2.0676135390391117	1212.1518987341776	5279
2.087967668801131	1193.9240506329095	5296
2.1184988634441524	1166.5822784810139	5312
2.128675928325162	1157.4683544303798	5329
2.1388529932061715	1148.3544303797457	5345
2.1490300580871775	1139.2405063291149	5362
2.1490300580871775	1139.2405063291149	5379
2.159207122968187	1130.1265822784808	5395
2.159207122968187	1130.1265822784808	5412
2.1693841878491966	1121.0126582278467	5429
2.1795612527302026	1111.8987341772158	5445
2.1999153824922217	1093.670886075948	5462
2.230446577135247	1066.329113924049	5479
2.2508007068972624	1048.101265822784	5496
2.271154836659278	1029.873417721519	5512
2.2915089664212935	1011.6455696202542	5529
2.301686031302303	1002.5316455696202	5546
2.301686031302303	1002.5316455696202	5562
2.301686031302303	1002.5316455696202	5579
2.301686031302303	1002.5316455696202	5596
2.301686031302303	1002.5316455696202	5612
2.2813319015402875	1020.759493670885	5628
2.271154836659278	1029.873417721519	5645
2.271154836659278	1029.873417721519	5662
2.271154836659278	1029.873417721519	5678
2.271154836659278	1029.873417721519	5695
2.271154836659278	1029.873417721519	5712
2.271154836659278	1029.873417721519	5729
2.271154836659278	1029.873417721519	5746
2.271154836659278	1029.873417721519	5762
2.271154836659278	1029.873417721519	5779
2.2609777717782684	1038.9873417721533	5796
2.2508007068972624	1048.101265822784	5813
2.230446577135247	1066.329113924049	5829
2.1999153824922217	1093.670886075948	5846
2.159207122968187	1130.1265822784808	5862
2.1083217985631464	1175.6962025316448	5879
2.0574364741581057	1221.2658227848085	5896
2.016728214634071	1257.7215189873414	5913
1.986197019991046	1285.0632911392404	5929
1.9760199551100364	1294.1772151898745	5946
1.9454887604670148	1321.5189873417703	5963
1.9353116955860052	1330.6329113924044	5979
1.8946034360619706	1367.0886075949372	5996
1.8538951765379394	1403.544303797467	6013
1.8233639818949143	1430.886075949366	6029
1.8335410467759203	1421.772151898735	6046
1.84371811165693	1412.658227848101	6063
1.8335410467759203	1421.772151898735	6079
1.8131869170139048	1440.0	6096
1.8131869170139048	1440.0	6112
1.8131869170139048	1440.0	6130
1.8131869170139048	1440.0	6146
1.8131869170139048	1440.0	6163
1.8131869170139048	1440.0	6179
1.8233639818949143	1430.886075949366	6196
1.8538951765379394	1403.544303797467	6213
1.9047805009429801	1357.9746835443032	6230
1.9760199551100364	1294.1772151898745	6246
2.087967668801131	1193.9240506329095	6263
2.2202695122542373	1075.443037974683	6280
2.372925485469363	938.7341772151883	6296
2.5459355884465005	783.7974683544319	6313
2.7087686265426356	637.9746835443032	6330
2.8207163402337265	537.7215189873414	6346
2.9021328592817923	464.8101265822786	6363
2.953018183686833	419.24050632911485	6380
2.9937264432108677	382.78481012658176	6396
3.0140805729728832	364.5569620253168	6413
3.034434702734899	346.32911392405185	6430
3.054788832496918	328.10126582278394	6446
3.0751429622589335	309.873417721519	6463
3.095497092020949	291.64556962025404	6480
3.115851221782968	273.4177215189861	6496
3.126028286663974	264.30379746835524	6513
3.1463824164259897	246.0759493670903	6530
3.1565594813069993	236.96202531645622	6546
3.1565594813069993	236.96202531645622	6563
3.1565594813069993	236.96202531645622	6580
3.1565594813069993	236.96202531645622	6596
3.1565594813069993	236.96202531645622	6613
3.1565594813069993	236.96202531645622	6630
3.1463824164259897	246.0759493670903	6646
3.1463824164259897	246.0759493670903	6663
3.1362053515449837	255.18987341772117	6680
3.1362053515449837	255.18987341772117	6697
3.126028286663974	264.30379746835524	6713
3.126028286663974	264.30379746835524	6730
3.115851221782968	273.4177215189861	6746
3.115851221782968	273.4177215189861	6763
3.1056741569019586	282.5316455696202	6780
3.095497092020949	291.64556962025404	6797
3.085320027139943	300.7594936708849	6813
3.064965897377924	318.98734177215306	6830
3.054788832496918	328.10126582278394	6847
3.0446117676159083	337.215189873418	6863
3.034434702734899	346.32911392405185	6880
3.034434702734899	346.32911392405185	6896
3.0140805729728832	364.5569620253168	6913
3.0140805729728832	364.5569620253168	6930
3.0039035080918737	373.6708860759509	6946
3.0039035080918737	373.6708860759509	6963
2.9937264432108677	382.78481012658176	6980
3.0039035080918737	373.6708860759509	6997
3.0039035080918737	373.6708860759509	7013
3.0039035080918737	373.6708860759509	7030
2.9937264432108677	382.78481012658176	7047
3.0039035080918737	373.6708860759509	7064
2.9937264432108677	382.78481012658176	7081
2.9937264432108677	382.78481012658176	7096
2.9937264432108677	382.78481012658176	7113
3.0039035080918737	373.6708860759509	7130
3.0039035080918737	373.6708860759509	7147
3.0039035080918737	373.6708860759509	7164
2.9937264432108677	382.78481012658176	7181
2.9937264432108677	382.78481012658176	7196
2.983549378329858	391.89873417721606	7214
2.9631952485678426	410.12658227848056	7231
2.922486989043808	446.58227848101376	7247
2.871601664638767	492.1518987341775	7263
2.780008080709692	574.1772151898745	7281
2.6782374318996105	665.3164556962021	7297
2.525581458684485	802.0253164556968	7314
2.3627484205883533	947.8481012658224	7331
2.1999153824922217	1093.670886075948	7347
2.016728214634071	1257.7215189873414	7364
1.84371811165693	1412.658227848101	7381
1.8538951765379394	1403.544303797467	7397
1.9047805009429801	1357.9746835443032	7414
1.9760199551100364	1294.1772151898745	7431
2.016728214634071	1257.7215189873414	7447
2.047259409277096	1230.3797468354426	7464
2.0574364741581057	1221.2658227848085	7481
2.0370823443960866	1239.4936708860766	7497
1.9963740848720555	1275.9493670886063	7514
1.9251346307049957	1339.7468354430382	7530
1.8335410467759203	1421.772151898735	7547
1.8335410467759203	1421.772151898735	7564
1.8640722414189455	1394.4303797468363	7581
1.8131869170139048	1440.0	7589
1.8131869170139048	1440.0	7606
1.8131869170139048	1440.0	7619
1.8131869170139048	1440.0	7635
1.8131869170139048	1440.0	7652
1.8131869170139048	1440.0	7669
1.8131869170139048	1440.0	7685
1.8131869170139048	1440.0	7702
1.8131869170139048	1440.0	7719
1.8131869170139048	1440.0	7735
1.8131869170139048	1440.0	7752
1.8131869170139048	1440.0	7769
1.8131869170139048	1440.0	7785
1.8131869170139048	1440.0	7802
1.8131869170139048	1440.0	7819
1.8131869170139048	1440.0	7836
1.8131869170139048	1440.0	7852
1.8131869170139048	1440.0	7869
1.8131869170139048	1440.0	7886
1.8131869170139048	1440.0	7902
1.8131869170139048	1440.0	7919
1.8233639818949143	1430.886075949366	7936
1.8335410467759203	1421.772151898735	7952
1.8538951765379394	1403.544303797467	7969
1.8946034360619706	1367.0886075949372	7986
1.9251346307049957	1339.7468354430382	8002
1.9556658253480208	1312.4050632911394	8019
1.986197019991046	1285.0632911392404	8036
2.016728214634071	1257.7215189873414	8052
2.0370823443960866	1239.4936708860766	8069
2.0574364741581057	1221.2658227848085	8086
2.0676135390391117	1212.1518987341776	8102
2.0676135390391117	1212.1518987341776	8119
2.0777906039201213	1203.0379746835436	8136
2.0676135390391117	1212.1518987341776	8152
2.0777906039201213	1203.0379746835436	8169
2.0777906039201213	1203.0379746835436	8186
2.0777906039201213	1203.0379746835436	8202
2.0777906039201213	1203.0379746835436	8219
2.087967668801131	1193.9240506329095	8236
2.098144733682137	1184.8101265822788	8252
2.1184988634441524	1166.5822784810139	8269
2.1388529932061715	1148.3544303797457	8286
2.1693841878491966	1121.0126582278467	8302
2.1999153824922217	1093.670886075948	8319
2.240623642016253	1057.215189873418	8336
2.271154836659278	1029.873417721519	8353
2.301686031302303	1002.5316455696202	8369
2.3423942908263378	966.0759493670872	8386
2.3627484205883533	947.8481012658224	8403
2.383102550350369	929.6202531645574	8419
2.3932796152313784	920.5063291139234	8436
2.4034566801123844	911.3924050632926	8453
2.413633744993394	902.2784810126584	8469
2.4238108098744036	893.1645569620244	8486
2.4238108098744036	893.1645569620244	8503
2.444164939636419	874.9367088607595	8519
2.4645190693984347	856.7088607594947	8536
2.49505026404146	829.3670886075957	8553
2.525581458684485	802.0253164556968	8570
2.5662897182085196	765.5696202531639	8586
2.5968209128515447	738.2278481012648	8602
2.6171750426135603	719.9999999999999	8619
2.637529172375576	701.772151898735	8636
2.637529172375576	701.772151898735	8653
2.637529172375576	701.772151898735	8670
2.637529172375576	701.772151898735	8686
2.6171750426135603	719.9999999999999	8702
2.5968209128515447	738.2278481012648	8720
2.5662897182085196	765.5696202531639	8736
2.5459355884465005	783.7974683544319	8753
2.515404393803479	811.1392405063276	8770
2.5052273289224694	820.2531645569617	8786
2.4746961342794442	847.5949367088606	8803
2.4645190693984347	856.7088607594947	8820
2.4339878747554096	884.0506329113937	8836
2.4034566801123844	911.3924050632926	8853
2.3525713557073438	956.9620253164563	8870
2.2915089664212935	1011.6455696202542	8886
2.2202695122542373	1075.443037974683	8903
2.1388529932061715	1148.3544303797457	8920
2.0574364741581057	1221.2658227848085	8937
1.9760199551100364	1294.1772151898745	8953
1.8946034360619706	1367.0886075949372	8970
1.8335410467759203	1421.772151898735	8986
1.84371811165693	1412.658227848101	9003
1.8640722414189455	1394.4303797468363	9020
1.8946034360619706	1367.0886075949372	9037
1.9047805009429801	1357.9746835443032	9054
1.9047805009429801	1357.9746835443032	9070
1.8946034360619706	1367.0886075949372	9087
1.874249306299955	1385.3164556962022	9103
1.84371811165693	1412.658227848101	9120
1.8335410467759203	1421.772151898735	9137
1.8335410467759203	1421.772151898735	9153
1.8335410467759203	1421.772151898735	9170
1.8233639818949143	1430.886075949366	9187
1.8233639818949143	1430.886075949366	9203
1.8233639818949143	1430.886075949366	9220
1.8335410467759203	1421.772151898735	9237
1.8538951765379394	1403.544303797467	9253
1.874249306299955	1385.3164556962022	9270
1.9149575658239897	1348.860759493669	9287
1.9556658253480208	1312.4050632911394	9304
1.9963740848720555	1275.9493670886063	9320
2.0574364741581057	1221.2658227848085	9337
2.1184988634441524	1166.5822784810139	9354
2.1999153824922217	1093.670886075948	9370
2.271154836659278	1029.873417721519	9387
2.3525713557073438	956.9620253164563	9403
2.4238108098744036	893.1645569620244	9420
2.4746961342794442	847.5949367088606	9437
2.515404393803479	811.1392405063276	9454
2.55611265332751	774.6835443037978	9470
2.5662897182085196	765.5696202531639	9487
2.586643847970535	747.3417721518989	9504
2.586643847970535	747.3417721518989	9520
2.586643847970535	747.3417721518989	9537
2.6069979777325507	729.1139240506341	9554
2.62735210749457	710.8860759493659	9570
2.6477062372565854	692.658227848101	9587
2.6782374318996105	665.3164556962021	9604
2.7189456914236416	628.8607594936723	9620
2.7494768860666667	601.5189873417734	9637
2.7901851455907014	565.0632911392403	9654
2.810539275352717	546.8354430379754	9670
2.8308934051147325	528.6075949367105	9687
2.8614245997577576	501.2658227848116	9704
2.8919557944007828	473.92405063291267	9720
2.922486989043808	446.58227848101376	9737
2.973372313448852	401.0126582278467	9754
3.024257637853893	355.44303797468274	9770
3.085320027139943	300.7594936708849	9787
3.126028286663974	264.30379746835524	9804
3.1565594813069993	236.96202531645622	9820
3.176913611069015	218.7341772151915	9837
3.197267740831034	200.50632911392336	9854
3.20744480571204	191.39240506329247	9871
3.227798935474059	173.16455696202456	9887
3.237976000355065	164.05063291139368	9904
3.258330130117084	145.82278481012554	9921
3.26850719499809	136.70886075949466	9937
3.2786842598790997	127.59493670886059	9954
3.2786842598790997	127.59493670886059	9970
3.2888613247601057	118.4810126582297	9987
3.2888613247601057	118.4810126582297	10004
3.2990383896411153	109.36708860759563	10021
3.2990383896411153	109.36708860759563	10037
3.2990383896411153	109.36708860759563	10054
3.2990383896411153	109.36708860759563	10071
3.2990383896411153	109.36708860759563	10087
3.2990383896411153	109.36708860759563	10104
3.2990383896411153	109.36708860759563	10121
3.2990383896411153	109.36708860759563	10138
3.2888613247601057	118.4810126582297	10154
3.2888613247601057	118.4810126582297	10171
3.2888613247601057	118.4810126582297	10188
3.2990383896411153	109.36708860759563	10204
3.2888613247601057	118.4810126582297	10221
3.2888613247601057	118.4810126582297	10238
3.2888613247601057	118.4810126582297	10254
3.2786842598790997	127.59493670886059	10271
3.26850719499809	136.70886075949466	10288
3.237976000355065	164.05063291139368	10305
3.166736546188009	227.84810126582238	10321
3.085320027139943	300.7594936708849	10337
2.983549378329858	391.89873417721606	10355
2.8817787295197768	483.03797468354355	10371
2.7901851455907014	565.0632911392403	10388
2.7087686265426356	637.9746835443032	10405
2.6171750426135603	719.9999999999999	10421
2.5459355884465005	783.7974683544319	10438
2.4746961342794442	847.5949367088606	10455
2.4238108098744036	893.1645569620244	10471
2.383102550350369	929.6202531645574	10488
2.3220401610643187	984.3037974683552	10505
2.271154836659278	1029.873417721519	10521
2.2100924473732277	1084.556962025317	10538
2.159207122968187	1130.1265822784808	10555
2.1083217985631464	1175.6962025316448	10571
2.0777906039201213	1203.0379746835436	10588
2.047259409277096	1230.3797468354426	10604
2.0269052795150806	1248.6075949367073	10621
1.9963740848720555	1275.9493670886063	10638
1.9760199551100364	1294.1772151898745	10655
1.9556658253480208	1312.4050632911394	10671
1.9353116955860052	1330.6329113924044	10688
1.9047805009429801	1357.9746835443032	10705
1.874249306299955	1385.3164556962022	10721
1.8538951765379394	1403.544303797467	10738
1.8335410467759203	1421.772151898735	10755
1.8233639818949143	1430.886075949366	10771
1.8233639818949143	1430.886075949366	10788
1.8335410467759203	1421.772151898735	10805
1.8335410467759203	1421.772151898735	10821
1.8335410467759203	1421.772151898735	10838
1.8233639818949143	1430.886075949366	10855
1.8335410467759203	1421.772151898735	10871
1.84371811165693	1412.658227848101	10888
1.8640722414189455	1394.4303797468363	10905
1.9047805009429801	1357.9746835443032	10921
1.9556658253480208	1312.4050632911394	10938
2.016728214634071	1257.7215189873414	10955
2.087967668801131	1193.9240506329095	10971
2.159207122968187	1130.1265822784808	10988
2.240623642016253	1057.215189873418	11005
2.301686031302303	1002.5316455696202	11021
2.3627484205883533	947.8481012658224	11038
2.413633744993394	902.2784810126584	11055
2.4543420045174287	865.8227848101255	11071
2.49505026404146	829.3670886075957	11088
2.525581458684485	802.0253164556968	11105
2.55611265332751	774.6835443037978	11121
2.5764667830895256	756.455696202533	11139
2.586643847970535	747.3417721518989	11155
2.6171750426135603	719.9999999999999	11171
2.637529172375576	701.772151898735	11188
2.668060367018601	674.4303797468361	11205
2.7087686265426356	637.9746835443032	11221
2.7392998211856607	610.6329113924043	11238
2.7901851455907014	565.0632911392403	11255
2.810539275352717	546.8354430379754	11272
2.8308934051147325	528.6075949367105	11288
2.8614245997577576	501.2658227848116	11305
2.871601664638767	492.1518987341775	11321
2.871601664638767	492.1518987341775	11338
2.871601664638767	492.1518987341775	11355
2.871601664638767	492.1518987341775	11372
2.871601664638767	492.1518987341775	11388
2.871601664638767	492.1518987341775	11405
2.8614245997577576	501.2658227848116	11422
2.8512475348767516	510.37974683544246	11439
2.841070469995742	519.4936708860765	11455
2.8308934051147325	528.6075949367105	11472
2.8308934051147325	528.6075949367105	11488
2.8308934051147325	528.6075949367105	11505
2.8207163402337265	537.7215189873414	11522
2.8207163402337265	537.7215189873414	11538
2.810539275352717	546.8354430379754	11555
2.810539275352717	546.8354430379754	11572
2.800362210471711	555.9493670886063	11589
2.7901851455907014	565.0632911392403	11605
2.780008080709692	574.1772151898745	11622
2.7596539509476763	592.4050632911392	11639
2.7494768860666667	601.5189873417734	11655
2.729122756304651	619.7468354430381	11672
2.7189456914236416	628.8607594936723	11689
2.7087686265426356	637.9746835443032	11705
2.698591561661626	647.0886075949372	11722
2.6782374318996105	665.3164556962021	11739
2.657883302137595	683.544303797467	11755
2.62735210749457	710.8860759493659	11772
2.5764667830895256	756.455696202533	11789
2.5052273289224694	820.2531645569617	11806
2.444164939636419	874.9367088607595	11822
2.383102550350369	929.6202531645574	11839
2.3118630961833126	993.4177215189861	11856
2.240623642016253	1057.215189873418	11872
2.1693841878491966	1121.0126582278467	11889
2.098144733682137	1184.8101265822788	11906
2.0269052795150806	1248.6075949367073	11922
1.9556658253480208	1312.4050632911394	11939
1.8946034360619706	1367.0886075949372	11956
1.8335410467759203	1421.772151898735	11972
1.8335410467759203	1421.772151898735	11989
1.8538951765379394	1403.544303797467	12006
1.8640722414189455	1394.4303797468363	12022
1.874249306299955	1385.3164556962022	12039
1.8640722414189455	1394.4303797468363	12055
1.84371811165693	1412.658227848101	12072
1.84371811165693	1412.658227848101	12089
1.8538951765379394	1403.544303797467	12106
1.874249306299955	1385.3164556962022	12123
1.8946034360619706	1367.0886075949372	12139
1.9353116955860052	1330.6329113924044	12156
1.9760199551100364	1294.1772151898745	12172
2.016728214634071	1257.7215189873414	12189
2.0676135390391117	1212.1518987341776	12206
2.1184988634441524	1166.5822784810139	12222
2.1795612527302026	1111.8987341772158	12239
2.2202695122542373	1075.443037974683	12256
2.2609777717782684	1038.9873417721533	12272
2.2813319015402875	1020.759493670885	12289
2.2915089664212935	1011.6455696202542	12306
2.301686031302303	1002.5316455696202	12323
2.301686031302303	1002.5316455696202	12339
2.301686031302303	1002.5316455696202	12356
2.301686031302303	1002.5316455696202	12373
2.301686031302303	1002.5316455696202	12389
2.301686031302303	1002.5316455696202	12406
2.3118630961833126	993.4177215189861	12422
2.3118630961833126	993.4177215189861	12439
2.3118630961833126	993.4177215189861	12456
2.3118630961833126	993.4177215189861	12473
2.3118630961833126	993.4177215189861	12489
2.3118630961833126	993.4177215189861	12506
2.3118630961833126	993.4177215189861	12523
2.3118630961833126	993.4177215189861	12540
2.3118630961833126	993.4177215189861	12556
2.3118630961833126	993.4177215189861	12572
2.301686031302303	1002.5316455696202	12589
2.301686031302303	1002.5316455696202	12606
2.301686031302303	1002.5316455696202	12623
2.2915089664212935	1011.6455696202542	12639
2.2813319015402875	1020.759493670885	12656
2.2609777717782684	1038.9873417721533	12672
2.230446577135247	1066.329113924049	12689
2.1999153824922217	1093.670886075948	12706
2.1693841878491966	1121.0126582278467	12723
2.1388529932061715	1148.3544303797457	12740
2.1083217985631464	1175.6962025316448	12756
2.098144733682137	1184.8101265822788	12773
2.0777906039201213	1203.0379746835436	12790
2.0777906039201213	1203.0379746835436	12806
2.0676135390391117	1212.1518987341776	12823
2.0676135390391117	1212.1518987341776	12840
2.0676135390391117	1212.1518987341776	12856
2.0676135390391117	1212.1518987341776	12873
2.0676135390391117	1212.1518987341776	12890
2.0777906039201213	1203.0379746835436	12907
2.0777906039201213	1203.0379746835436	12923
2.0777906039201213	1203.0379746835436	12940
2.0676135390391117	1212.1518987341776	12956
2.0676135390391117	1212.1518987341776	12973
2.0574364741581057	1221.2658227848085	12990
2.0370823443960866	1239.4936708860766	13007
2.0065511497530615	1266.8354430379754	13023
1.9760199551100364	1294.1772151898745	13040
1.9251346307049957	1339.7468354430382	13056
1.8538951765379394	1403.544303797467	13073
1.8335410467759203	1421.772151898735	13090
1.8538951765379394	1403.544303797467	13107
1.874249306299955	1385.3164556962022	13123
1.874249306299955	1385.3164556962022	13140
1.8640722414189455	1394.4303797468363	13157
1.84371811165693	1412.658227848101	13173
1.8233639818949143	1430.886075949366	13190
1.8233639818949143	1430.886075949366	13207
1.8233639818949143	1430.886075949366	13224
1.8131869170139048	1440.0	13240
1.8131869170139048	1440.0	13257
1.8131869170139048	1440.0	13274
1.8131869170139048	1440.0	13290
1.8233639818949143	1430.886075949366	13307
1.8640722414189455	1394.4303797468363	13323
1.9047805009429801	1357.9746835443032	13340
1.9760199551100364	1294.1772151898745	13357
2.0574364741581057	1221.2658227848085	13374
2.1490300580871775	1139.2405063291149	13390
2.2609777717782684	1038.9873417721533	13407
2.3627484205883533	947.8481012658224	13424
2.4543420045174287	865.8227848101255	13440
2.5459355884465005	783.7974683544319	13457
2.6069979777325507	729.1139240506341	13474
2.668060367018601	674.4303797468361	13490
2.7189456914236416	628.8607594936723	13507
2.780008080709692	574.1772151898745	13524
2.8308934051147325	528.6075949367105	13540
2.8817787295197768	483.03797468354355	13557
2.9326640539248174	437.4683544303797	13574
2.983549378329858	391.89873417721606	13590
3.024257637853893	355.44303797468274	13607
3.064965897377924	318.98734177215306	13624
3.085320027139943	300.7594936708849	13640
3.115851221782968	273.4177215189861	13657
3.1463824164259897	246.0759493670903	13674
3.166736546188009	227.84810126582238	13690
3.197267740831034	200.50632911392336	13707
3.20744480571204	191.39240506329247	13724
3.2176218705930495	182.2784810126584	13740
3.2176218705930495	182.2784810126584	13757
3.227798935474059	173.16455696202456	13774
3.2176218705930495	182.2784810126584	13790
3.20744480571204	191.39240506329247	13807
3.197267740831034	200.50632911392336	13824
3.1870906759500244	209.62025316455743	13841
3.176913611069015	218.7341772151915	13857
3.176913611069015	218.7341772151915	13874
3.176913611069015	218.7341772151915	13891
3.176913611069015	218.7341772151915	13907
3.166736546188009	227.84810126582238	13924
3.166736546188009	227.84810126582238	13941
3.1565594813069993	236.96202531645622	13957
3.1565594813069993	236.96202531645622	13974
3.1463824164259897	246.0759493670903	13990
3.126028286663974	264.30379746835524	14007
3.115851221782968	273.4177215189861	14024
3.1056741569019586	282.5316455696202	14040
3.085320027139943	300.7594936708849	14057
3.0751429622589335	309.873417721519	14074
3.064965897377924	318.98734177215306	14091
3.0446117676159083	337.215189873418	14107
3.024257637853893	355.44303797468274	14124
2.983549378329858	391.89873417721606	14141
2.9326640539248174	437.4683544303797	14157
2.8919557944007828	473.92405063291267	14175
2.841070469995742	519.4936708860765	14191
2.800362210471711	555.9493670886063	14207
2.769831015828686	583.2911392405053	14224
2.729122756304651	619.7468354430381	14241
2.6884144967806165	656.2025316455712	14257
2.637529172375576	701.772151898735	14274
2.5662897182085196	765.5696202531639	14291
2.5052273289224694	820.2531645569617	14308
2.4238108098744036	893.1645569620244	14324
2.3423942908263378	966.0759493670872	14341
2.2508007068972624	1048.101265822784	14358
2.1693841878491966	1121.0126582278467	14375
2.098144733682137	1184.8101265822788	14391
2.016728214634071	1257.7215189873414	14408
1.9454887604670148	1321.5189873417703	14425
1.8946034360619706	1367.0886075949372	14441
1.8538951765379394	1403.544303797467	14458
1.8335410467759203	1421.772151898735	14474
1.8335410467759203	1421.772151898735	14491
1.84371811165693	1412.658227848101	14508
1.8538951765379394	1403.544303797467	14525
1.8538951765379394	1403.544303797467	14541
1.8538951765379394	1403.544303797467	14558
1.8335410467759203	1421.772151898735	14575
1.8131869170139048	1440.0	14591
1.8131869170139048	1440.0	14608
1.8131869170139048	1440.0	14625
1.8131869170139048	1440.0	14641
1.8131869170139048	1440.0	14658
1.8131869170139048	1440.0	14675
1.8131869170139048	1440.0	14691
1.8131869170139048	1440.0	14708
1.8131869170139048	1440.0	14724
1.8131869170139048	1440.0	14741
1.8131869170139048	1440.0	14758
1.8131869170139048	1440.0	14775
1.8131869170139048	1440.0	14791
1.8131869170139048	1440.0	14808
1.8131869170139048	1440.0	14825
1.8131869170139048	1440.0	14841
1.8131869170139048	1440.0	14858
1.8131869170139048	1440.0	14875
1.8131869170139048	1440.0	14891
1.8131869170139048	1440.0	14908
1.8131869170139048	1440.0	14925
1.8131869170139048	1440.0	14941
1.8131869170139048	1440.0	14958
1.8131869170139048	1440.0	14975
1.8131869170139048	1440.0	14991
1.8131869170139048	1440.0	15008
1.8131869170139048	1440.0	15025
1.8131869170139048	1440.0	15041
1.8131869170139048	1440.0	15058
1.8131869170139048	1440.0	15075
1.8131869170139048	1440.0	15091
1.8131869170139048	1440.0	15108
1.8131869170139048	1440.0	15124
1.8131869170139048	1440.0	15141
1.8131869170139048	1440.0	15158
1.8131869170139048	1440.0	15175
