Digital_Input	Screen_Position_Y_axis(px)	time(ms)
573	573	8
573	573	17
573	573	25
573	573	33
573	573	41
573	573	50
573	573	58
573	573	67
573	573	75
573	573	84
573	573	92
573	573	101
573	573	109
573	573	117
573	573	126
573	573	135
573	573	145
573	573	154
573	573	163
573	573	172
573	573	181
573	573	190
573	573	198
573	573	207
573	573	216
573	573	224
573	573	232
573	573	240
573	573	249
573	573	258
573	573	267
573	573	275
573	573	283
573	573	291
573	573	299
573	573	308
573	573	317
573	573	325
573	573	333
573	573	341
573	573	350
573	573	358
573	573	367
573	573	376
573	573	385
573	573	394
573	573	402
573	573	410
573	573	418
573	573	427
573	573	435
573	573	443
573	573	451
573	573	459
573	573	468
573	573	477
572	572	486
572	572	494
571	571	503
570	570	511
569	569	520
568	568	528
567	567	536
563	563	544
561	561	553
556	556	562
555	555	570
553	553	578
548	548	587
545	545	596
535	535	604
532	532	613
525	525	622
523	523	630
521	521	638
517	517	647
515	515	655
511	511	663
509	509	672
507	507	680
501	501	688
499	499	697
497	497	706
494	494	714
493	493	722
493	493	731
492	492	740
491	491	748
491	491	757
491	491	766
491	491	774
491	491	782
491	491	791
491	491	799
491	491	808
491	491	817
491	491	826
491	491	835
491	491	844
498	498	852
501	501	862
504	504	871
513	513	879
517	517	888
527	527	897
531	531	906
537	537	915
553	553	923
562	562	931
562	562	940
568	568	948
575	575	956
578	578	964
581	581	972
588	588	981
590	590	989
598	598	998
601	601	1006
606	606	1015
612	612	1023
616	616	1032
619	619	1041
628	628	1049
632	632	1057
642	642	1066
646	646	1074
667	667	1083
667	667	1091
691	691	1100
698	698	1109
711	711	1117
716	716	1125
728	728	1133
734	734	1141
740	740	1149
757	757	1158
765	765	1167
785	785	1176
794	794	1184
802	802	1194
822	822	1202
829	829	1210
835	835	1218
847	847	1226
851	851	1235
861	861	1243
865	865	1252
867	867	1262
868	868	1270
869	869	1278
869	869	1287
869	869	1296
869	869	1305
869	869	1313
869	869	1321
869	869	1330
869	869	1339
869	869	1348
869	869	1357
869	869	1365
869	869	1373
869	869	1381
869	869	1389
869	869	1398
869	869	1406
869	869	1416
869	869	1425
869	869	1433
869	869	1441
869	869	1450
869	869	1458
869	869	1466
869	869	1475
869	869	1483
869	869	1492
869	869	1501
869	869	1510
869	869	1519
869	869	1527
869	869	1535
869	869	1543
869	869	1551
869	869	1559
869	869	1567
869	869	1576
869	869	1585
869	869	1593
869	869	1602
863	863	1611
853	853	1620
847	847	1629
829	829	1638
818	818	1646
806	806	1654
765	765	1662
747	747	1671
681	681	1680
659	659	1688
637	637	1697
572	572	1705
550	550	1715
468	468	1724
448	448	1732
431	431	1741
384	384	1750
370	370	1758
338	338	1766
326	326	1774
315	315	1782
291	291	1791
282	282	1800
268	268	1809
263	263	1817
257	257	1826
244	244	1835
240	240	1843
226	226	1851
222	222	1859
213	213	1868
210	210	1876
206	206	1884
196	196	1892
193	193	1900
184	184	1908
181	181	1917
176	176	1925
163	163	1934
158	158	1943
144	144	1951
140	140	1959
136	136	1967
124	124	1976
120	120	1985
117	117	1995
110	110	2004
105	105	2012
98	98	2021
96	96	2029
89	89	2038
86	86	2047
83	83	2055
76	76	2063
73	73	2071
67	67	2079
65	65	2088
63	63	2096
57	57	2104
55	55	2112
48	48	2120
45	45	2128
43	43	2136
40	40	2144
40	40	2152
39	39	2160
38	38	2169
38	38	2177
37	37	2185
37	37	2193
37	37	2202
37	37	2210
37	37	2218
37	37	2226
37	37	2235
37	37	2243
37	37	2251
37	37	2259
37	37	2267
37	37	2276
37	37	2285
37	37	2295
37	37	2303
37	37	2311
37	37	2320
37	37	2329
37	37	2337
37	37	2345
37	37	2354
37	37	2363
37	37	2371
37	37	2379
37	37	2387
37	37	2395
37	37	2404
37	37	2413
37	37	2421
37	37	2430
37	37	2438
37	37	2447
37	37	2455
38	38	2464
44	44	2472
47	47	2480
50	50	2488
60	60	2497
69	69	2505
75	75	2513
80	80	2521
95	95	2530
102	102	2539
122	122	2548
138	138	2557
161	161	2566
169	169	2575
194	194	2583
200	200	2592
208	208	2600
229	229	2609
237	237	2617
245	245	2626
263	263	2634
270	270	2643
290	290	2652
303	303	2661
322	322	2670
328	328	2679
336	336	2687
353	353	2696
361	361	2704
379	379	2712
387	387	2720
395	395	2729
415	415	2737
423	423	2746
442	442	2755
457	457	2763
457	457	2771
482	482	2779
487	487	2788
501	501	2796
507	507	2804
520	520	2812
526	526	2820
531	531	2828
543	543	2836
546	546	2845
555	555	2853
558	558	2861
560	560	2869
566	566	2878
568	568	2887
571	571	2895
572	572	2903
575	575	2911
581	581	2920
586	586	2928
593	593	2937
596	596	2946
606	606	2954
610	610	2963
621	621	2972
628	628	2980
640	640	2988
645	645	2996
654	654	3004
657	657	3012
659	659	3020
662	662	3028
664	664	3037
665	665	3046
665	665	3055
665	665	3064
665	665	3073
665	665	3082
665	665	3091
665	665	3099
665	665	3107
665	665	3115
665	665	3124
665	665	3132
665	665	3140
665	665	3148
665	665	3157
665	665	3166
665	665	3174
665	665	3182
665	665	3191
665	665	3200
665	665	3208
665	665	3216
665	665	3224
665	665	3234
665	665	3243
665	665	3251
665	665	3261
665	665	3269
665	665	3277
665	665	3286
659	659	3295
647	647	3303
639	639	3311
630	630	3319
599	599	3327
587	587	3335
557	557	3343
545	545	3351
533	533	3359
499	499	3367
485	485	3375
472	472	3383
441	441	3391
429	429	3400
404	404	3409
396	396	3418
391	391	3426
380	380	3435
375	375	3443
369	369	3452
367	367	3460
363	363	3468
362	362	3478
358	358	3486
356	356	3495
355	355	3504
351	351	3515
349	349	3523
348	348	3532
347	347	3541
346	346	3550
346	346	3558
345	345	3566
342	342	3574
341	341	3583
335	335	3592
332	332	3601
329	329	3609
324	324	3617
323	323	3625
321	321	3633
320	320	3642
319	319	3651
319	319	3660
319	319	3670
319	319	3678
319	319	3687
319	319	3695
319	319	3704
319	319	3713
319	319	3721
319	319	3730
319	319	3738
319	319	3746
319	319	3754
320	320	3763
323	323	3771
326	326	3780
327	327	3789
332	332	3797
333	333	3806
334	334	3815
337	337	3824
337	337	3832
339	339	3840
339	339	3848
340	340	3856
340	340	3864
340	340	3873
340	340	3882
340	340	3891
340	340	3899
340	340	3907
340	340	3915
340	340	3923
339	339	3932
334	334	3940
329	329	3948
325	325	3956
313	313	3964
307	307	3973
302	302	3981
279	279	3990
272	272	3998
263	263	4007
238	238	4015
229	229	4024
212	212	4032
191	191	4040
183	183	4048
175	175	4057
157	157	4066
149	149	4074
140	140	4082
124	124	4090
105	105	4098
105	105	4106
101	101	4116
87	87	4124
84	84	4133
77	77	4142
75	75	4151
73	73	4160
65	65	4168
63	63	4177
57	57	4185
54	54	4193
51	51	4203
46	46	4212
44	44	4220
42	42	4228
40	40	4236
37	37	4244
36	36	4252
33	33	4261
31	31	4269
29	29	4277
26	26	4286
26	26	4294
25	25	4304
25	25	4313
25	25	4321
24	24	4329
24	24	4337
24	24	4346
24	24	4354
24	24	4362
24	24	4371
24	24	4380
24	24	4388
24	24	4396
24	24	4404
24	24	4412
24	24	4420
24	24	4428
24	24	4436
24	24	4445
25	25	4454
27	27	4464
32	32	4473
34	34	4481
38	38	4489
49	49	4497
55	55	4505
60	60	4513
75	75	4522
82	82	4531
101	101	4539
124	124	4547
132	132	4556
157	157	4566
166	166	4574
175	175	4583
198	198	4591
208	208	4600
232	232	4609
241	241	4617
251	251	4626
273	273	4635
282	282	4643
313	313	4651
322	322	4660
345	345	4668
354	354	4676
362	362	4684
385	385	4693
394	394	4701
403	403	4710
427	427	4719
436	436	4728
454	454	4737
461	461	4746
488	488	4754
488	488	4762
495	495	4771
519	519	4780
527	527	4789
544	544	4797
550	550	4805
555	555	4813
566	566	4822
570	570	4830
579	579	4838
584	584	4846
587	587	4855
595	595	4864
598	598	4872
608	608	4880
612	612	4888
617	617	4896
626	626	4905
630	630	4913
642	642	4922
646	646	4930
651	651	4938
662	662	4947
667	667	4956
684	684	4964
687	687	4972
698	698	4980
702	702	4988
706	706	4996
717	717	5005
720	720	5014
728	728	5023
731	731	5032
732	732	5040
735	735	5049
736	736	5057
737	737	5066
738	738	5075
739	739	5083
739	739	5091
740	740	5099
740	740	5107
741	741	5115
741	741	5123
742	742	5131
742	742	5139
743	743	5147
743	743	5155
743	743	5164
743	743	5172
743	743	5180
744	744	5188
745	745	5196
746	746	5204
746	746	5212
746	746	5221
748	748	5229
748	748	5238
748	748	5246
749	749	5254
749	749	5262
749	749	5270
749	749	5278
749	749	5286
749	749	5294
749	749	5302
749	749	5310
750	750	5318
750	750	5326
750	750	5335
750	750	5344
750	750	5353
750	750	5361
750	750	5370
750	750	5379
750	750	5387
750	750	5395
750	750	5403
749	749	5411
749	749	5420
747	747	5429
738	738	5437
733	733	5445
725	725	5453
713	713	5462
698	698	5471
690	690	5480
683	683	5488
667	667	5496
662	662	5504
643	643	5512
637	637	5520
629	629	5528
609	609	5536
601	601	5544
574	574	5552
566	566	5560
557	557	5569
531	531	5578
522	522	5587
487	487	5596
478	478	5604
457	457	5613
448	448	5622
439	439	5630
417	417	5638
407	407	5646
383	383	5654
374	374	5662
364	364	5671
340	340	5679
331	331	5688
320	320	5697
292	292	5705
283	283	5713
264	264	5722
259	259	5731
253	253	5739
230	230	5747
230	230	5756
211	211	5765
204	204	5774
191	191	5782
185	185	5792
179	179	5800
169	169	5808
165	165	5817
154	154	5826
150	150	5835
146	146	5843
131	131	5852
127	127	5860
119	119	5869
115	115	5877
105	105	5885
101	101	5893
98	98	5901
91	91	5910
88	88	5919
83	83	5927
80	80	5935
78	78	5943
75	75	5952
73	73	5961
71	71	5969
69	69	5978
66	66	5986
65	65	5994
64	64	6003
61	61	6011
59	59	6019
56	56	6028
55	55	6037
51	51	6045
49	49	6053
47	47	6061
43	43	6069
42	42	6077
40	40	6086
37	37	6094
35	35	6102
32	32	6111
31	31	6119
29	29	6128
26	26	6136
25	25	6145
22	22	6154
20	20	6163
20	20	6172
20	20	6181
20	20	6190
20	20	6198
20	20	6207
20	20	6216
20	20	6224
20	20	6232
20	20	6240
20	20	6248
20	20	6257
20	20	6265
20	20	6273
22	22	6282
23	23	6290
25	25	6298
32	32	6307
47	47	6316
57	57	6324
63	63	6332
70	70	6341
91	91	6350
100	100	6358
110	110	6367
136	136	6375
147	147	6383
176	176	6391
185	185	6400
196	196	6408
224	224	6417
235	235	6426
263	263	6435
283	283	6443
283	283	6452
315	315	6461
325	325	6469
343	343	6477
351	351	6486
357	357	6494
373	373	6502
379	379	6511
390	390	6519
393	393	6528
397	397	6537
408	408	6546
411	411	6555
423	423	6563
425	425	6572
431	431	6581
434	434	6589
439	439	6597
441	441	6605
444	444	6614
450	450	6622
453	453	6631
456	456	6640
464	464	6649
467	467	6657
475	475	6665
479	479	6673
482	482	6681
489	489	6689
492	492	6698
503	503	6706
506	506	6714
506	506	6723
520	520	6732
524	524	6740
536	536	6748
541	541	6756
545	545	6764
555	555	6772
559	559	6781
570	570	6790
573	573	6798
577	577	6806
586	586	6815
589	589	6824
595	595	6832
597	597	6840
600	600	6848
601	601	6856
603	603	6864
607	607	6873
608	608	6881
611	611	6890
612	612	6898
614	614	6906
614	614	6915
615	615	6924
616	616	6932
617	617	6940
618	618	6948
618	618	6956
619	619	6964
621	621	6972
621	621	6980
624	624	6988
625	625	6996
627	627	7004
630	630	7013
631	631	7022
632	632	7030
635	635	7038
635	635	7046
636	636	7054
636	636	7062
637	637	7071
638	638	7080
639	639	7089
641	641	7097
641	641	7105
641	641	7113
641	641	7121
641	641	7130
641	641	7138
641	641	7146
641	641	7154
641	641	7162
641	641	7170
641	641	7179
637	637	7187
631	631	7195
623	623	7204
619	619	7212
602	602	7220
594	594	7229
578	578	7238
570	570	7247
544	544	7255
533	533	7263
522	522	7271
496	496	7279
485	485	7288
457	457	7297
448	448	7305
437	437	7314
411	411	7322
401	401	7331
375	375	7339
354	354	7347
354	354	7355
316	316	7363
307	307	7372
285	285	7380
278	278	7389
263	263	7398
258	258	7407
254	254	7415
242	242	7424
238	238	7432
224	224	7440
218	218	7448
213	213	7457
201	201	7465
197	197	7473
193	193	7481
184	184	7490
181	181	7498
172	172	7506
170	170	7514
166	166	7522
156	156	7531
148	148	7540
135	135	7548
129	129	7556
116	116	7564
112	112	7573
108	108	7582
96	96	7591
93	93	7599
85	85	7608
82	82	7617
79	79	7625
72	72	7633
69	69	7642
67	67	7650
61	61	7659
56	56	7668
55	55	7678
53	53	7686
51	51	7694
51	51	7703
49	49	7711
47	47	7719
46	46	7728
42	42	7736
41	41	7744
40	40	7753
38	38	7761
37	37	7770
35	35	7778
35	35	7787
33	33	7796
32	32	7805
30	30	7814
30	30	7822
30	30	7830
29	29	7839
29	29	7847
28	28	7855
28	28	7863
27	27	7872
26	26	7881
26	26	7890
26	26	7899
26	26	7908
26	26	7917
26	26	7925
27	27	7933
29	29	7942
32	32	7950
34	34	7960
41	41	7969
49	49	7978
51	51	7987
64	64	7995
68	68	8004
81	81	8012
85	85	8021
89	89	8029
100	100	8037
103	103	8046
112	112	8055
116	116	8063
119	119	8071
126	126	8080
128	128	8089
131	131	8097
137	137	8105
140	140	8114
146	146	8123
148	148	8131
157	157	8139
160	160	8148
165	165	8157
168	168	8166
170	170	8174
175	175	8182
178	178	8190
180	180	8198
185	185	8207
187	187	8215
193	193	8224
196	196	8233
198	198	8241
205	205	8249
206	206	8257
208	208	8266
210	210	8275
214	214	8284
214	214	8292
216	216	8300
217	217	8308
220	220	8317
222	222	8325
223	223	8333
227	227	8341
229	229	8349
232	232	8357
237	237	8366
240	240	8374
242	242	8382
247	247	8391
250	250	8399
258	258	8407
261	261	8416
264	264	8425
269	269	8434
272	272	8442
274	274	8450
277	277	8458
279	279	8467
280	280	8476
281	281	8485
283	283	8493
284	284	8502
284	284	8511
287	287	8519
287	287	8527
289	289	8536
290	290	8545
290	290	8553
290	290	8561
290	290	8570
290	290	8579
290	290	8589
290	290	8597
290	290	8606
290	290	8614
290	290	8623
286	286	8632
274	274	8640
270	270	8648
263	263	8656
248	248	8664
242	242	8673
230	230	8682
226	226	8691
222	222	8700
205	205	8709
201	201	8717
190	190	8725
185	185	8734
171	171	8743
167	167	8751
160	160	8760
146	146	8768
141	141	8777
136	136	8786
125	125	8795
122	122	8803
111	111	8811
103	103	8819
103	103	8827
90	90	8836
83	83	8844
80	80	8853
77	77	8862
71	71	8871
68	68	8880
64	64	8888
57	57	8897
55	55	8905
49	49	8913
48	48	8922
45	45	8930
42	42	8938
40	40	8946
40	40	8954
38	38	8962
35	35	8970
33	33	8979
32	32	8987
29	29	8996
28	28	9005
25	25	9014
25	25	9022
24	24	9030
22	22	9039
22	22	9047
454	454	9055
454	454	9063
454	454	9072
454	454	9081
454	454	9090
454	454	9099
454	454	9107
454	454	9115
454	454	9123
454	454	9132
454	454	9141
454	454	9149
454	454	9157
454	454	9166
454	454	9175
454	454	9185
454	454	9194
454	454	9202
454	454	9210
454	454	9218
454	454	9227
454	454	9236
454	454	9245
454	454	9253
454	454	9261
454	454	9270
454	454	9278
454	454	9287
454	454	9296
454	454	9304
454	454	9313
454	454	9322
454	454	9330
454	454	9338
454	454	9346
454	454	9354
454	454	9362
454	454	9370
454	454	9378
454	454	9387
454	454	9395
454	454	9403
454	454	9411
454	454	9420
454	454	9428
454	454	9437
454	454	9445
454	454	9454
455	455	9462
457	457	9470
458	458	9479
459	459	9488
460	460	9497
463	463	9506
468	468	9515
470	470	9523
476	476	9531
480	480	9539
490	490	9547
494	494	9556
508	508	9565
515	515	9574
522	522	9583
544	544	9591
554	554	9600
580	580	9609
599	599	9617
599	599	9625
634	634	9634
643	643	9643
668	668	9652
677	677	9660
699	699	9668
708	708	9676
718	718	9684
738	738	9693
746	746	9701
760	760	9710
766	766	9719
771	771	9727
782	782	9736
786	786	9746
801	801	9754
804	804	9763
811	811	9772
814	814	9780
816	816	9789
821	821	9797
823	823	9806
828	828	9814
829	829	9823
831	831	9831
832	832	9840
833	833	9849
836	836	9857
836	836	9866
837	837	9874
838	838	9882
838	838	9890
838	838	9899
840	840	9907
842	842	9915
842	842	9923
846	846	9931
847	847	9940
848	848	9948
849	849	9957
849	849	9966
850	850	9975
850	850	9983
850	850	9991
851	851	10000
853	853	10008
854	854	10017
856	856	10025
857	857	10034
858	858	10043
858	858	10051
858	858	10060
859	859	10069
859	859	10078
859	859	10087
859	859	10096
859	859	10106
859	859	10114
859	859	10122
859	859	10131
859	859	10139
859	859	10148
859	859	10156
859	859	10165
859	859	10173
859	859	10182
859	859	10190
859	859	10198
857	857	10207
854	854	10215
850	850	10224
835	835	10232
828	828	10241
805	805	10249
783	783	10258
773	773	10267
749	749	10276
737	737	10285
727	727	10294
691	691	10303
677	677	10311
663	663	10319
623	623	10327
611	611	10335
579	579	10344
567	567	10353
555	555	10361
523	523	10370
480	480	10378
469	469	10386
458	458	10395
433	433	10403
424	424	10412
417	417	10420
402	402	10429
398	398	10438
385	385	10446
380	380	10454
375	375	10463
364	364	10471
359	359	10479
348	348	10488
344	344	10496
340	340	10506
328	328	10515
325	325	10524
317	317	10532
314	314	10540
310	310	10549
299	299	10557
295	295	10566
284	284	10574
280	280	10582
276	276	10591
265	265	10599
261	261	10607
250	250	10615
247	247	10624
244	244	10633
232	232	10642
216	216	10651
212	212	10659
208	208	10667
197	197	10675
193	193	10683
189	189	10692
179	179	10700
175	175	10708
167	167	10716
163	163	10724
160	160	10732
151	151	10741
148	148	10750
140	140	10758
137	137	10766
133	133	10774
125	125	10782
121	121	10790
118	118	10798
110	110	10807
107	107	10815
101	101	10824
98	98	10833
97	97	10841
89	89	10849
84	84	10857
82	82	10866
80	80	10874
76	76	10882
75	75	10891
74	74	10899
71	71	10907
70	70	10915
69	69	10923
67	67	10932
65	65	10940
62	62	10948
59	59	10956
54	54	10964
52	52	10972
49	49	10981
44	44	10990
42	42	10999
39	39	11007
38	38	11016
35	35	11025
31	31	11033
30	30	11042
28	28	11050
26	26	11058
26	26	11066
25	25	11074
25	25	11082
25	25	11090
25	25	11098
25	25	11107
25	25	11115
25	25	11123
25	25	11131
25	25	11139
25	25	11147
25	25	11155
25	25	11163
25	25	11172
25	25	11181
26	26	11189
30	30	11197
31	31	11206
34	34	11214
43	43	11223
47	47	11231
53	53	11239
57	57	11248
68	68	11256
68	68	11264
80	80	11272
86	86	11280
92	92	11288
110	110	11296
116	116	11304
135	135	11313
151	151	11322
169	169	11331
176	176	11340
184	184	11349
205	205	11357
211	211	11365
226	226	11373
232	232	11382
236	236	11390
245	245	11399
249	249	11407
252	252	11415
259	259	11423
262	262	11431
269	269	11440
272	272	11448
275	275	11456
283	283	11464
288	288	11472
298	298	11480
304	304	11489
309	309	11497
336	336	11505
344	344	11513
344	344	11521
370	370	11529
388	388	11537
388	388	11545
404	404	11553
423	423	11562
429	429	11570
446	446	11578
452	452	11586
459	459	11594
478	478	11602
484	484	11610
491	491	11618
509	509	11626
516	516	11634
529	529	11642
535	535	11652
539	539	11660
548	548	11669
553	553	11677
556	556	11685
564	564	11694
567	567	11703
577	577	11711
581	581	11719
586	586	11727
597	597	11735
602	602	11743
612	612	11751
616	616	11760
619	619	11769
628	628	11777
635	635	11785
643	643	11794
647	647	11802
657	657	11811
661	661	11820
665	665	11829
677	677	11838
681	681	11846
692	692	11855
696	696	11864
700	700	11872
709	709	11880
712	712	11888
719	719	11896
721	721	11905
729	729	11913
729	729	11922
734	734	11930
737	737	11938
738	738	11946
741	741	11955
742	742	11964
744	744	11973
746	746	11981
746	746	11990
747	747	11998
747	747	12007
748	748	12016
748	748	12025
748	748	12033
749	749	12042
749	749	12050
750	750	12059
750	750	12068
750	750	12077
750	750	12086
750	750	12095
750	750	12104
750	750	12112
750	750	12121
750	750	12129
750	750	12137
750	750	12145
750	750	12153
750	750	12162
750	750	12170
750	750	12178
750	750	12187
750	750	12196
743	743	12204
737	737	12213
730	730	12221
712	712	12230
706	706	12238
683	683	12246
674	674	12255
659	659	12263
649	649	12271
617	617	12279
605	605	12287
592	592	12295
554	554	12304
539	539	12313
525	525	12322
472	472	12331
434	434	12339
417	417	12347
403	403	12355
362	362	12363
349	349	12372
317	317	12381
305	305	12390
296	296	12398
271	271	12406
263	263	12414
241	241	12423
232	232	12431
224	224	12439
202	202	12447
194	194	12455
184	184	12464
164	164	12473
136	136	12482
128	128	12490
121	121	12499
108	108	12507
101	101	12516
90	90	12525
86	86	12533
83	83	12541
75	75	12549
70	70	12557
66	66	12565
56	56	12573
52	52	12581
49	49	12589
40	40	12597
37	37	12605
29	29	12613
26	26	12621
24	24	12630
18	18	12638
15	15	12646
11	11	12654
10	10	12663
8	8	12671
6	6	12680
6	6	12688
4	4	12696
4	4	12704
4	4	12713
4	4	12722
4	4	12731
4	4	12740
4	4	12748
4	4	12757
4	4	12765
4	4	12774
4	4	12783
4	4	12792
4	4	12801
4	4	12809
4	4	12818
5	5	12826
8	8	12835
9	9	12844
12	12	12852
17	17	12860
19	19	12869
25	25	12877
26	26	12885
28	28	12894
31	31	12903
33	33	12911
38	38	12920
39	39	12929
41	41	12938
49	49	12946
52	52	12954
52	52	12962
65	65	12971
77	77	12979
82	82	12987
85	85	12996
95	95	13005
100	100	13013
106	106	13022
118	118	13031
122	122	13040
136	136	13049
151	151	13057
166	166	13065
173	173	13074
186	186	13084
191	191	13092
203	203	13101
209	209	13109
221	221	13118
227	227	13126
234	234	13135
251	251	13143
257	257	13152
276	276	13160
292	292	13168
292	292	13177
320	320	13185
327	327	13194
341	341	13202
347	347	13211
357	357	13219
360	360	13227
363	363	13235
366	366	13243
367	367	13251
369	369	13259
370	370	13267
370	370	13276
370	370	13284
370	370	13293
370	370	13302
371	371	13310
371	371	13318
371	371	13326
371	371	13334
371	371	13343
371	371	13351
371	371	13360
371	371	13369
371	371	13377
371	371	13385
371	371	13393
371	371	13401
371	371	13409
371	371	13418
371	371	13426
371	371	13434
371	371	13442
371	371	13450
371	371	13459
371	371	13468
371	371	13476
371	371	13484
371	371	13492
371	371	13500
371	371	13509
370	370	13518
370	370	13527
370	370	13536
367	367	13544
366	366	13553
361	361	13562
355	355	13570
347	347	13578
344	344	13587
333	333	13595
319	319	13604
313	313	13612
305	305	13620
284	284	13629
275	275	13638
265	265	13647
241	241	13656
232	232	13664
208	208	13673
198	198	13681
189	189	13690
153	153	13699
128	128	13708
118	118	13716
109	109	13725
88	88	13733
83	83	13741
77	77	13749
65	65	13757
62	62	13765
54	54	13773
51	51	13781
48	48	13789
42	42	13798
40	40	13806
38	38	13814
35	35	13822
33	33	13830
31	31	13838
30	30	13846
28	28	13855
28	28	13863
27	27	13871
26	26	13880
25	25	13889
25	25	13897
24	24	13905
24	24	13914
24	24	13923
24	24	13932
24	24	13940
24	24	13949
24	24	13957
24	24	13965
24	24	13974
24	24	13982
24	24	13990
24	24	13998
24	24	14006
24	24	14014
24	24	14022
24	24	14030
24	24	14039
24	24	14047
24	24	14055
24	24	14063
24	24	14071
25	25	14080
28	28	14088
29	29	14096
31	31	14104
36	36	14113
46	46	14122
54	54	14130
58	58	14138
62	62	14146
77	77	14154
83	83	14162
91	91	14170
114	114	14178
124	124	14186
158	158	14194
172	172	14203
186	186	14212
229	229	14222
245	245	14231
302	302	14239
321	321	14247
341	341	14256
398	398	14264
432	432	14273
481	481	14281
494	494	14289
526	526	14297
538	538	14305
538	538	14314
574	574	14322
584	584	14331
607	607	14340
616	616	14350
626	626	14359
648	648	14367
656	656	14375
676	676	14384
684	684	14393
692	692	14402
714	714	14411
719	719	14420
730	730	14429
734	734	14438
737	737	14447
745	745	14456
748	748	14465
755	755	14474
759	759	14482
759	759	14490
760	760	14498
762	762	14506
764	764	14515
766	766	14524
767	767	14533
768	768	14542
771	771	14550
772	772	14558
774	774	14566
774	774	14574
775	775	14584
775	775	14592
775	775	14600
776	776	14609
777	777	14617
777	777	14626
778	778	14635
778	778	14643
779	779	14652
779	779	14660
779	779	14668
779	779	14676
779	779	14684
779	779	14693
779	779	14701
779	779	14709
779	779	14717
779	779	14725
779	779	14733
779	779	14742
779	779	14750
779	779	14758
779	779	14766
779	779	14774
779	779	14782
779	779	14790
779	779	14798
779	779	14807
779	779	14815
777	777	14823
776	776	14831
773	773	14839
772	772	14848
771	771	14856
769	769	14864
769	769	14872
768	768	14881
766	766	14889
766	766	14897
764	764	14906
763	763	14914
763	763	14922
762	762	14931
762	762	14940
762	762	14949
762	762	14958
762	762	14967
762	762	14975
762	762	14983
762	762	14992
762	762	15000
762	762	15009
762	762	15017
762	762	15026
762	762	15034
762	762	15042
762	762	15050
762	762	15059
762	762	15067
762	762	15076
762	762	15084
762	762	15092
762	762	15100
762	762	15108
762	762	15116
762	762	15124
762	762	15133
762	762	15141
761	761	15149
758	758	15158
756	756	15167
748	748	15175
744	744	15183
732	732	15191
727	727	15199
703	703	15208
691	691	15217
677	677	15225
633	633	15233
555	555	15242
534	534	15250
514	514	15258
452	452	15266
433	433	15274
379	379	15283
362	362	15291
343	343	15300
297	297	15308
284	284	15317
272	272	15325
242	242	15334
231	231	15343
207	207	15352
197	197	15361
173	173	15369
173	173	15378
155	155	15386
152	152	15394
149	149	15403
144	144	15411
143	143	15420
141	141	15428
139	139	15437
137	137	15446
135	135	15454
134	134	15462
131	131	15471
130	130	15479
128	128	15488
121	121	15497
115	115	15506
109	109	15514
106	106	15522
102	102	15530
100	100	15539
98	98	15548
95	95	15556
93	93	15564
88	88	15572
85	85	15581
83	83	15590
76	76	15599
72	72	15608
69	69	15617
55	55	15625
46	46	15633
40	40	15642
37	37	15650
25	25	15658
21	21	15667
13	13	15675
9	9	15683
6	6	15692
3	3	15701
1	1	15709
0	0	15718
0	0	15727
0	0	15735
0	0	15744
0	0	15752
0	0	15761
0	0	15769
0	0	15778
0	0	15787
0	0	15796
0	0	15805
0	0	15814
0	0	15822
0	0	15830
0	0	15838
0	0	15847
0	0	15856
1	1	15865
3	3	15874
6	6	15882
8	8	15890
10	10	15899
11	11	15908
13	13	15916
15	15	15924
19	19	15932
20	20	15940
23	23	15948
28	28	15957
29	29	15965
31	31	15973
36	36	15981
39	39	15990
45	45	15999
48	48	16008
51	51	16016
56	56	16024
57	57	16032
58	58	16041
59	59	16050
59	59	16059
59	59	16067
59	59	16076
59	59	16084
59	59	16092
59	59	16100
59	59	16108
59	59	16116
59	59	16124
59	59	16132
59	59	16141
59	59	16150
59	59	16159
59	59	16167
59	59	16176
59	59	16184
59	59	16192
59	59	16200
59	59	16208
59	59	16216
58	58	16224
57	57	16233
55	55	16242
54	54	16250
53	53	16259
52	52	16268
51	51	16276
51	51	16286
50	50	16294
49	49	16303
48	48	16312
48	48	16320
48	48	16329
48	48	16338
48	48	16346
48	48	16355
48	48	16364
48	48	16372
56	56	16380
61	61	16388
78	78	16397
87	87	16405
106	106	16414
131	131	16423
141	141	16431
151	151	16440
186	186	16449
199	199	16458
254	254	16466
270	270	16475
289	289	16483
338	338	16492
351	351	16500
392	392	16508
405	405	16516
417	417	16524
445	445	16532
454	454	16541
476	476	16549
486	486	16558
494	494	16566
512	512	16575
518	518	16583
532	532	16592
536	536	16601
550	550	16609
553	553	16617
554	554	16626
558	558	16635
560	560	16643
566	566	16652
569	569	16660
576	576	16668
579	579	16677
582	582	16686
590	590	16694
593	593	16703
601	601	16711
604	604	16719
607	607	16727
614	614	16736
615	615	16744
618	618	16752
618	618	16760
618	618	16769
618	618	16777
618	618	16785
618	618	16794
618	618	16802
618	618	16811
618	618	16819
618	618	16828
618	618	16837
618	618	16845
618	618	16854
618	618	16863
618	618	16872
618	618	16881
618	618	16890
618	618	16899
618	618	16907
618	618	16916
618	618	16924
618	618	16933
618	618	16941
618	618	16949
618	618	16957
618	618	16965
618	618	16973
618	618	16982
618	618	16990
618	618	16999
618	618	17009
618	618	17017
611	611	17025
605	605	17033
596	596	17041
596	596	17049
577	577	17057
571	571	17065
545	545	17074
533	533	17082
519	519	17090
479	479	17098
462	462	17106
446	446	17115
392	392	17125
373	373	17133
316	316	17142
299	299	17150
279	279	17159
227	227	17167
213	213	17175
180	180	17183
168	168	17192
157	157	17201
135	135	17209
127	127	17218
107	107	17226
103	103	17234
91	91	17242
88	88	17250
84	84	17259
77	77	17267
74	74	17276
68	68	17284
65	65	17292
63	63	17300
57	57	17309
55	55	17318
50	50	17327
47	47	17335
44	44	17343
38	38	17352
36	36	17360
34	34	17368
31	31	17377
29	29	17386
29	29	17395
29	29	17403
29	29	17411
29	29	17419
29	29	17427
29	29	17436
29	29	17444
29	29	17452
29	29	17461
29	29	17470
29	29	17479
29	29	17487
29	29	17495
29	29	17503
29	29	17511
29	29	17520
29	29	17529
29	29	17538
29	29	17546
29	29	17554
29	29	17564
29	29	17573
29	29	17582
29	29	17590
29	29	17599
29	29	17607
30	30	17616
31	31	17625
31	31	17633
35	35	17642
37	37	17650
45	45	17658
51	51	17666
57	57	17674
68	68	17682
75	75	17690
84	84	17698
102	102	17706
109	109	17715
116	116	17723
133	133	17731
139	139	17740
152	152	17748
156	156	17756
159	159	17765
168	168	17773
171	171	17782
178	178	17791
181	181	17800
183	183	17808
188	188	17817
189	189	17825
194	194	17833
194	194	17841
199	199	17850
200	200	17859
204	204	17868
206	206	17876
208	208	17885
212	212	17893
214	214	17901
221	221	17910
224	224	17918
226	226	17927
234	234	17935
238	238	17944
241	241	17953
246	246	17961
252	252	17970
252	252	17978
253	253	17986
256	256	17995
256	256	18003
257	257	18012
259	259	18020
261	261	18028
265	265	18037
266	266	18045
268	268	18053
272	272	18061
274	274	18070
276	276	18079
276	276	18088
276	276	18097
277	277	18106
277	277	18115
277	277	18124
277	277	18133
277	277	18142
277	277	18150
277	277	18158
277	277	18167
277	277	18175
277	277	18184
277	277	18193
277	277	18201
277	277	18209
277	277	18218
277	277	18227
277	277	18235
277	277	18243
277	277	18252
277	277	18260
277	277	18269
277	277	18278
277	277	18287
277	277	18296
277	277	18304
277	277	18312
277	277	18320
277	277	18328
277	277	18336
277	277	18344
277	277	18353
277	277	18362
277	277	18370
277	277	18378
274	274	18386
265	265	18394
261	261	18402
252	252	18411
241	241	18419
236	236	18427
230	230	18435
215	215	18443
208	208	18451
201	201	18459
182	182	18468
174	174	18477
155	155	18486
147	147	18495
139	139	18503
120	120	18511
114	114	18519
97	97	18527
90	90	18536
85	85	18544
72	72	18552
68	68	18561
57	57	18569
54	54	18577
47	47	18586
44	44	18594
41	41	18602
37	37	18611
36	36	18620
32	32	18629
30	30	18637
29	29	18645
28	28	18653
27	27	18661
26	26	18669
26	26	18677
26	26	18685
26	26	18693
25	25	18702
25	25	18710
25	25	18719
94	94	18727
94	94	18736
94	94	18744
94	94	18752
94	94	18761
94	94	18770
94	94	18779
94	94	18788
94	94	18796
94	94	18805
94	94	18813
94	94	18822
94	94	18830
94	94	18839
94	94	18847
94	94	18855
94	94	18864
94	94	18873
94	94	18882
94	94	18890
94	94	18899
94	94	18907
94	94	18915
94	94	18923
94	94	18931
94	94	18939
94	94	18947
94	94	18955
94	94	18964
94	94	18973
94	94	18982
94	94	18991
94	94	19000
94	94	19009
94	94	19017
94	94	19025
94	94	19034
94	94	19042
94	94	19050
94	94	19058
94	94	19067
94	94	19076
95	95	19084
97	97	19092
101	101	19100
104	104	19108
110	110	19117
113	113	19125
116	116	19134
125	125	19142
129	129	19150
143	143	19158
146	146	19167
156	156	19175
176	176	19184
181	181	19193
188	188	19201
203	203	19209
209	209	19217
222	222	19226
227	227	19234
231	231	19243
243	243	19251
248	248	19259
251	251	19267
259	259	19275
262	262	19284
268	268	19293
269	269	19301
271	271	19310
274	274	19318
276	276	19326
281	281	19335
288	288	19344
289	289	19353
291	291	19361
295	295	19369
297	297	19378
298	298	19386
301	301	19394
304	304	19403
312	312	19411
314	314	19420
319	319	19428
330	330	19437
332	332	19445
340	340	19454
343	343	19463
346	346	19471
354	354	19480
360	360	19488
372	372	19496
376	376	19505
388	388	19514
395	395	19522
410	410	19531
417	417	19540
437	437	19548
445	445	19557
454	454	19566
476	476	19574
485	485	19582
508	508	19591
528	528	19599
528	528	19608
565	565	19616
574	574	19624
601	601	19632
611	611	19640
639	639	19648
648	648	19656
658	658	19665
684	684	19674
694	694	19682
718	718	19690
727	727	19699
736	736	19707
759	759	19715
766	766	19724
772	772	19732
787	787	19740
792	792	19748
803	803	19756
807	807	19765
810	810	19773
817	817	19782
820	820	19790
822	822	19799
829	829	19808
831	831	19816
833	833	19824
838	838	19832
841	841	19841
843	843	19850
848	848	19859
851	851	19867
858	858	19875
861	861	19883
863	863	19891
870	870	19900
872	872	19909
877	877	19917
878	878	19925
878	878	19934
880	880	19942
880	880	19951
880	880	19960
880	880	19968
880	880	19977
880	880	19985
880	880	19994
880	880	20002
880	880	20011
880	880	20019
880	880	20028
880	880	20037
880	880	20046
880	880	20054
880	880	20063
879	879	20072
878	878	20080
878	878	20088
878	878	20096
878	878	20105
878	878	20113
878	878	20122
878	878	20130
878	878	20138
878	878	20146
878	878	20155
878	878	20163
878	878	20171
878	878	20179
877	877	20188
877	877	20196
877	877	20204
873	873	20212
870	870	20220
865	865	20228
854	854	20237
841	841	20246
834	834	20254
809	809	20262
797	797	20271
754	754	20280
743	743	20288
731	731	20296
701	701	20304
689	689	20313
653	653	20322
640	640	20331
626	626	20339
592	592	20348
580	580	20356
552	552	20364
543	543	20373
533	533	20382
512	512	20391
495	495	20399
495	495	20407
480	480	20415
466	466	20424
449	449	20432
444	444	20441
427	427	20450
421	421	20459
416	416	20467
405	405	20475
398	398	20484
382	382	20492
376	376	20500
369	369	20508
349	349	20517
340	340	20525
320	320	20534
311	311	20543
282	282	20551
274	274	20559
267	267	20568
254	254	20576
248	248	20584
231	231	20593
226	226	20602
219	219	20610
203	203	20618
197	197	20626
185	185	20634
180	180	20642
176	176	20651
166	166	20659
163	163	20667
160	160	20676
153	153	20684
150	150	20693
144	144	20702
141	141	20711
131	131	20720
128	128	20729
122	122	20738
119	119	20746
116	116	20754
109	109	20762
106	106	20771
104	104	20781
97	97	20789
95	95	20798
93	93	20806
87	87	20814
84	84	20823
78	78	20831
74	74	20839
72	72	20848
71	71	20856
69	69	20865
68	68	20873
66	66	20881
66	66	20889
65	65	20897
65	65	20906
64	64	20914
62	62	20923
61	61	20932
60	60	20940
57	57	20948
56	56	20957
55	55	20965
53	53	20974
53	53	20983
52	52	20991
51	51	20999
51	51	21007
49	49	21016
48	48	21025
48	48	21033
47	47	21042
46	46	21051
45	45	21059
43	43	21068
42	42	21076
41	41	21084
40	40	21092
39	39	21101
38	38	21109
37	37	21118
36	36	21127
33	33	21136
32	32	21145
32	32	21153
32	32	21162
32	32	21170
32	32	21178
32	32	21187
32	32	21196
32	32	21204
32	32	21213
32	32	21222
32	32	21231
32	32	21239
32	32	21247
32	32	21256
32	32	21265
32	32	21273
32	32	21282
32	32	21291
32	32	21300
32	32	21308
32	32	21316
32	32	21325
34	34	21333
35	35	21342
36	36	21351
39	39	21360
41	41	21368
42	42	21376
47	47	21384
49	49	21393
51	51	21401
59	59	21409
63	63	21418
73	73	21427
78	78	21435
90	90	21443
95	95	21451
100	100	21460
111	111	21468
115	115	21476
119	119	21485
130	130	21493
133	133	21502
136	136	21510
146	146	21518
150	150	21526
162	162	21535
170	170	21543
180	180	21551
191	191	21559
195	195	21567
195	195	21576
212	212	21584
217	217	21592
229	229	21601
233	233	21610
238	238	21618
250	250	21626
254	254	21634
266	266	21643
270	270	21651
274	274	21660
285	285	21668
289	289	21676
293	293	21684
304	304	21692
308	308	21701
318	318	21710
322	322	21718
325	325	21728
338	338	21737
341	341	21745
350	350	21753
353	353	21761
361	361	21770
366	366	21779
370	370	21787
379	379	21795
382	382	21804
392	392	21813
395	395	21821
397	397	21831
405	405	21840
407	407	21848
413	413	21857
415	415	21865
420	420	21873
423	423	21881
424	424	21890
427	427	21898
429	429	21906
432	432	21915
434	434	21924
436	436	21932
439	439	21941
441	441	21950
442	442	21958
445	445	21966
447	447	21974
450	450	21982
451	451	21990
454	454	21998
455	455	22006
457	457	22015
461	461	22024
466	466	22033
467	467	22041
469	469	22049
471	471	22058
471	471	22066
471	471	22076
471	471	22084
471	471	22094
471	471	22102
471	471	22111
471	471	22119
469	469	22128
466	466	22136
459	459	22145
457	457	22154
448	448	22162
444	444	22171
440	440	22179
429	429	22188
422	422	22197
409	409	22206
403	403	22214
396	396	22222
382	382	22230
370	370	22239
360	360	22247
350	350	22256
347	347	22264
342	342	22272
340	340	22280
338	338	22288
335	335	22298
333	333	22306
332	332	22315
330	330	22324
327	327	22334
326	326	22342
326	326	22351
326	326	22359
326	326	22367
326	326	22376
326	326	22384
326	326	22392
326	326	22400
326	326	22408
326	326	22418
326	326	22427
326	326	22435
326	326	22443
326	326	22452
326	326	22461
326	326	22469
326	326	22477
326	326	22485
326	326	22494
326	326	22503
326	326	22512
326	326	22521
326	326	22530
326	326	22538
326	326	22548
326	326	22556
326	326	22565
326	326	22573
326	326	22581
325	325	22589
321	321	22598
318	318	22607
306	306	22616
302	302	22624
286	286	22632
278	278	22640
270	270	22648
246	246	22656
236	236	22664
226	226	22672
200	200	22681
189	189	22690
163	163	22698
152	152	22706
143	143	22714
119	119	22722
109	109	22730
91	91	22738
86	86	22746
80	80	22755
69	69	22763
65	65	22771
61	61	22780
60	60	22788
57	57	22797
55	55	22805
54	54	22814
52	52	22822
51	51	22831
46	46	22840
45	45	22848
44	44	22857
41	41	22865
39	39	22873
35	35	22882
34	34	22890
33	33	22899
31	31	22908
31	31	22916
30	30	22925
30	30	22933
30	30	22941
30	30	22950
30	30	22958
29	29	22966
29	29	22975
29	29	22983
29	29	22991
29	29	23000
29	29	23008
29	29	23016
29	29	23025
29	29	23034
29	29	23043
29	29	23052
29	29	23061
29	29	23069
29	29	23078
29	29	23087
30	30	23096
32	32	23105
38	38	23113
41	41	23122
50	50	23131
56	56	23139
60	60	23148
71	71	23156
77	77	23165
88	88	23174
93	93	23183
122	122	23192
130	130	23200
149	149	23208
156	156	23217
174	174	23226
182	182	23235
190	190	23243
210	210	23251
218	218	23259
238	238	23267
246	246	23275
254	254	23284
274	274	23292
281	281	23300
289	289	23308
306	306	23317
313	313	23326
326	326	23335
337	337	23344
349	349	23353
356	356	23361
370	370	23370
377	377	23379
385	385	23387
401	401	23395
409	409	23403
429	429	23412
437	437	23420
447	447	23429
467	467	23437
476	476	23446
484	484	23454
507	507	23463
523	523	23471
523	523	23480
547	547	23488
562	562	23497
567	567	23505
580	580	23513
585	585	23521
589	589	23530
601	601	23538
607	607	23546
612	612	23555
623	623	23563
627	627	23572
630	630	23581
640	640	23590
644	644	23599
653	653	23607
659	659	23615
665	665	23623
668	668	23631
678	678	23639
678	678	23648
684	684	23656
691	691	23665
694	694	23674
701	701	23683
703	703	23691
706	706	23700
711	711	23709
713	713	23717
715	715	23725
720	720	23734
723	723	23742
728	728	23750
730	730	23759
732	732	23767
738	738	23775
738	738	23783
740	740	23792
741	741	23800
742	742	23809
743	743	23817
745	745	23825
746	746	23834
747	747	23842
749	749	23850
749	749	23859
750	750	23867
750	750	23875
750	750	23884
752	752	23892
752	752	23900
752	752	23908
753	753	23916
753	753	23924
754	754	23932
755	755	23940
755	755	23949
757	757	23958
758	758	23966
760	760	23974
761	761	23984
763	763	23993
763	763	24002
763	763	24010
763	763	24018
763	763	24026
763	763	24034
763	763	24043
763	763	24051
763	763	24059
763	763	24067
763	763	24075
763	763	24084
763	763	24092
763	763	24100
763	763	24108
763	763	24116
763	763	24124
763	763	24132
763	763	24140
760	760	24148
758	758	24156
752	752	24165
748	748	24173
742	742	24181
728	728	24190
720	720	24199
706	706	24207
676	676	24215
668	668	24223
640	640	24232
628	628	24240
615	615	24249
577	577	24258
560	560	24266
506	506	24274
489	489	24282
473	473	24291
421	421	24300
405	405	24309
358	358	24317
346	346	24325
333	333	24333
300	300	24342
289	289	24350
277	277	24358
249	249	24366
240	240	24374
209	209	24382
209	209	24391
201	201	24400
178	178	24409
166	166	24417
162	162	24425
158	158	24434
148	148	24443
144	144	24451
140	140	24459
129	129	24467
125	125	24476
116	116	24484
111	111	24493
107	107	24501
98	98	24509
94	94	24518
92	92	24526
84	84	24534
84	84	24543
77	77	24551
74	74	24560
68	68	24568
65	65	24576
60	60	24584
59	59	24592
57	57	24601
56	56	24610
55	55	24618
54	54	24626
54	54	24634
54	54	24642
54	54	24650
54	54	24658
54	54	24666
53	53	24674
53	53	24683
53	53	24692
52	52	24701
51	51	24709
50	50	24717
50	50	24725
48	48	24734
48	48	24743
47	47	24752
46	46	24761
45	45	24770
44	44	24778
42	42	24786
38	38	24794
36	36	24802
33	33	24811
29	29	24820
28	28	24829
24	24	24837
23	23	24846
22	22	24855
21	21	24864
21	21	24872
21	21	24881
21	21	24890
21	21	24899
21	21	24907
21	21	24916
21	21	24925
21	21	24933
21	21	24942
21	21	24950
21	21	24958
21	21	24966
21	21	24974
21	21	24982
22	22	24990
24	24	24999
31	31	25007
47	47	25015
47	47	25023
65	65	25031
72	72	25039
72	72	25047
98	98	25055
108	108	25063
130	130	25072
142	142	25080
171	171	25090
182	182	25098
194	194	25106
223	223	25114
234	234	25123
246	246	25131
276	276	25140
287	287	25149
297	297	25157
322	322	25165
331	331	25174
355	355	25182
365	365	25191
374	374	25200
400	400	25209
414	414	25217
419	419	25225
425	425	25233
440	440	25242
445	445	25250
457	457	25258
461	461	25266
467	467	25275
481	481	25284
487	487	25293
492	492	25302
505	505	25311
515	515	25319
527	527	25327
531	531	25336
542	542	25345
545	545	25354
548	548	25363
555	555	25371
558	558	25380
563	563	25389
565	565	25398
566	566	25407
570	570	25415
575	575	25423
575	575	25432
581	581	25440
582	582	25449
583	583	25457
586	586	25465
588	588	25473
588	588	25481
590	590	25489
592	592	25497
594	594	25506
596	596	25515
597	597	25523
599	599	25532
601	601	25540
604	604	25548
606	606	25556
608	608	25565
612	612	25573
615	615	25582
615	615	25591
619	619	25600
621	621	25608
621	621	25617
622	622	25625
623	623	25634
623	623	25644
624	624	25653
625	625	25661
625	625	25669
626	626	25678
626	626	25686
626	626	25694
626	626	25703
626	626	25711
626	626	25719
626	626	25728
626	626	25737
626	626	25745
626	626	25753
626	626	25762
626	626	25771
626	626	25780
626	626	25789
626	626	25798
626	626	25806
626	626	25814
626	626	25822
625	625	25830
620	620	25838
618	618	25846
609	609	25854
602	602	25864
580	580	25873
573	573	25882
555	555	25890
548	548	25899
541	541	25908
525	525	25917
518	518	25926
510	510	25934
490	490	25942
481	481	25950
470	470	25958
443	443	25967
406	406	25975
398	398	25983
388	388	25991
364	364	26000
354	354	26009
329	329	26017
319	319	26026
309	309	26034
282	282	26042
272	272	26051
247	247	26060
238	238	26068
228	228	26077
210	210	26086
203	203	26095
183	183	26104
178	178	26112
166	166	26120
162	162	26128
159	159	26136
148	148	26144
144	144	26153
134	134	26161
130	130	26169
127	127	26178
122	122	26186
121	121	26194
119	119	26203
115	115	26212
112	112	26220
107	107	26228
105	105	26237
103	103	26245
98	98	26253
96	96	26261
92	92	26269
90	90	26278
88	88	26286
83	83	26294
82	82	26302
80	80	26311
77	77	26319
71	71	26328
70	70	26336
69	69	26344
66	66	26353
63	63	26361
57	57	26369
54	54	26378
51	51	26386
47	47	26394
45	45	26403
41	41	26411
41	41	26420
39	39	26429
36	36	26437
35	35	26446
32	32	26456
30	30	26464
28	28	26473
28	28	26481
28	28	26489
28	28	26498
28	28	26506
28	28	26515
28	28	26524
28	28	26533
28	28	26542
28	28	26550
28	28	26559
28	28	26568
28	28	26576
28	28	26584
28	28	26593
28	28	26601
28	28	26610
31	31	26619
34	34	26627
38	38	26636
48	48	26645
52	52	26653
58	58	26662
72	72	26670
77	77	26678
87	87	26687
95	95	26695
103	103	26704
106	106	26713
115	115	26722
119	119	26731
123	123	26739
134	134	26748
140	140	26756
147	147	26765
161	161	26773
167	167	26781
182	182	26789
188	188	26798
193	193	26808
207	207	26817
215	215	26826
218	218	26834
220	220	26842
228	228	26850
230	230	26858
233	233	26867
240	240	26876
243	243	26885
251	251	26893
254	254	26901
257	257	26909
265	265	26918
267	267	26926
272	272	26934
273	273	26943
277	277	26951
279	279	26960
282	282	26969
284	284	26977
285	285	26985
289	289	26993
290	290	27001
293	293	27010
297	297	27018
298	298	27026
299	299	27034
302	302	27042
304	304	27050
306	306	27058
306	306	27066
307	307	27075
307	307	27084
308	308	27092
308	308	27101
308	308	27110
308	308	27118
309	309	27127
309	309	27136
309	309	27145
309	309	27153
309	309	27162
309	309	27171
309	309	27179
309	309	27187
307	307	27195
307	307	27204
304	304	27212
303	303	27220
298	298	27229
296	296	27237
295	295	27245
289	289	27254
287	287	27263
284	284	27272
281	281	27280
278	278	27288
276	276	27296
276	276	27306
274	274	27315
273	273	27323
273	273	27332
272	272	27341
271	271	27349
271	271	27358
271	271	27367
271	271	27376
271	271	27384
271	271	27393
271	271	27401
271	271	27409
270	270	27418
270	270	27427
270	270	27435
270	270	27443
269	269	27452
269	269	27460
268	268	27468
267	267	27477
266	266	27485
265	265	27493
261	261	27502
260	260	27511
257	257	27519
247	247	27527
237	237	27535
234	234	27543
234	234	27552
218	218	27560
213	213	27569
202	202	27578
195	195	27586
191	191	27595
181	181	27604
177	177	27613
171	171	27622
159	159	27630
153	153	27639
143	143	27647
133	133	27655
121	121	27664
118	118	27673
109	109	27681
106	106	27689
103	103	27698
97	97	27706
95	95	27714
92	92	27723
84	84	27731
81	81	27739
75	75	27747
73	73	27755
70	70	27763
64	64	27772
63	63	27780
60	60	27789
58	58	27798
57	57	27806
56	56	27815
56	56	27824
55	55	27832
54	54	27841
54	54	27850
53	53	27858
53	53	27867
53	53	27876
52	52	27885
52	52	27894
50	50	27903
49	49	27912
48	48	27920
47	47	27929
46	46	27937
45	45	27945
42	42	27954
41	41	27962
41	41	27971
39	39	27980
38	38	27988
37	37	27996
35	35	28005
34	34	28014
33	33	28023
32	32	28032
32	32	28040
32	32	28049
