Digital_Input	Screen_Position_Y_axis(px)	time(ms)
536	536	9
536	536	18
536	536	26
536	536	35
536	536	44
536	536	52
536	536	60
536	536	68
536	536	76
536	536	84
536	536	92
536	536	100
536	536	108
536	536	116
536	536	125
536	536	133
536	536	142
536	536	151
536	536	159
536	536	167
536	536	175
536	536	183
536	536	191
536	536	200
536	536	209
536	536	217
536	536	226
536	536	234
536	536	242
536	536	251
536	536	260
536	536	268
536	536	276
536	536	284
536	536	292
536	536	301
536	536	309
536	536	317
536	536	326
536	536	334
536	536	343
536	536	351
536	536	359
536	536	367
536	536	375
536	536	383
536	536	392
536	536	401
536	536	409
536	536	417
536	536	426
536	536	434
536	536	442
536	536	450
536	536	459
536	536	467
536	536	475
536	536	483
536	536	492
536	536	501
536	536	510
536	536	519
536	536	528
536	536	536
536	536	545
536	536	554
536	536	563
536	536	572
536	536	580
536	536	589
536	536	598
536	536	607
536	536	615
536	536	623
536	536	632
536	536	640
536	536	649
536	536	657
536	536	666
536	536	675
539	539	683
540	540	692
546	546	701
548	548	711
557	557	720
560	560	729
567	567	738
570	570	746
573	573	755
581	581	764
585	585	773
590	590	781
601	601	789
605	605	797
620	620	806
624	624	814
632	632	822
634	634	831
636	636	839
640	640	848
642	642	857
647	647	866
649	649	874
650	650	883
656	656	891
657	657	900
658	658	909
662	662	917
663	663	925
666	666	933
668	668	942
673	673	951
674	674	959
678	678	967
680	680	976
683	683	985
690	690	994
694	694	1003
698	698	1012
710	710	1021
713	713	1029
721	721	1037
727	727	1046
743	743	1054
749	749	1062
753	753	1070
766	766	1078
778	778	1087
783	783	1095
790	790	1103
807	807	1111
813	813	1120
828	828	1128
835	835	1137
839	839	1145
851	851	1153
854	854	1162
857	857	1170
867	867	1179
870	870	1187
878	878	1195
881	881	1204
884	884	1213
892	892	1222
902	902	1231
905	905	1240
907	907	1248
910	910	1257
912	912	1265
915	915	1273
916	916	1281
919	919	1289
921	921	1297
922	922	1305
930	930	1313
932	932	1321
935	935	1329
942	942	1337
945	945	1345
947	947	1353
951	951	1361
952	952	1369
953	953	1377
953	953	1385
953	953	1393
953	953	1401
953	953	1409
953	953	1418
953	953	1427
951	951	1435
948	948	1443
938	938	1451
932	932	1459
924	924	1467
895	895	1475
882	882	1484
869	869	1492
830	830	1501
815	815	1510
764	764	1519
752	752	1528
724	724	1537
713	713	1546
688	688	1555
679	679	1564
670	670	1572
655	655	1581
650	650	1590
634	634	1598
630	630	1607
619	619	1615
614	614	1624
610	610	1633
598	598	1642
594	594	1650
589	589	1659
580	580	1668
577	577	1676
568	568	1685
565	565	1693
562	562	1702
552	552	1711
549	549	1720
542	542	1729
541	541	1737
538	538	1745
536	536	1753
531	531	1761
530	530	1769
529	529	1777
527	527	1785
526	526	1794
526	526	1802
526	526	1811
526	526	1819
526	526	1828
526	526	1836
526	526	1844
526	526	1852
526	526	1861
526	526	1870
521	521	1879
516	516	1888
513	513	1896
510	510	1905
503	503	1914
501	501	1923
498	498	1932
498	498	1940
497	497	1949
495	495	1957
495	495	1966
495	495	1975
494	494	1983
493	493	1992
492	492	2001
491	491	2009
491	491	2017
491	491	2025
491	491	2033
491	491	2042
491	491	2051
491	491	2060
491	491	2069
491	491	2077
491	491	2086
491	491	2094
491	491	2103
491	491	2111
491	491	2119
491	491	2128
491	491	2137
491	491	2145
491	491	2154
491	491	2163
491	491	2171
491	491	2179
491	491	2188
491	491	2196
491	491	2205
491	491	2213
490	490	2221
483	483	2230
472	472	2238
457	457	2246
451	451	2255
434	434	2263
428	428	2271
422	422	2279
404	404	2288
382	382	2296
374	374	2305
365	365	2313
339	339	2321
328	328	2330
317	317	2338
289	289	2346
278	278	2355
252	252	2363
243	243	2372
233	233	2381
211	211	2390
183	183	2399
176	176	2408
170	170	2416
159	159	2424
156	156	2433
153	153	2441
148	148	2450
145	145	2458
145	145	2467
144	144	2476
144	144	2484
143	143	2493
143	143	2502
140	140	2511
139	139	2520
133	133	2529
130	130	2538
124	124	2546
121	121	2554
119	119	2562
112	112	2571
109	109	2579
103	103	2588
99	99	2597
94	94	2605
82	82	2614
67	67	2623
64	64	2631
62	62	2640
55	55	2648
52	52	2657
50	50	2665
44	44	2674
41	41	2683
40	40	2691
36	36	2700
35	35	2709
32	32	2718
32	32	2727
30	30	2735
30	30	2743
30	30	2751
30	30	2760
30	30	2768
30	30	2776
30	30	2785
30	30	2793
30	30	2802
30	30	2810
30	30	2818
30	30	2827
30	30	2835
30	30	2843
30	30	2851
30	30	2859
30	30	2868
30	30	2876
30	30	2884
30	30	2892
30	30	2901
30	30	2909
30	30	2918
30	30	2926
30	30	2934
30	30	2943
30	30	2952
30	30	2960
30	30	2969
30	30	2978
30	30	2986
30	30	2994
30	30	3003
30	30	3011
30	30	3019
31	31	3028
32	32	3036
32	32	3044
34	34	3053
38	38	3062
41	41	3071
42	42	3079
47	47	3088
50	50	3097
52	52	3106
61	61	3114
65	65	3122
70	70	3131
85	85	3139
93	93	3147
108	108	3156
117	117	3164
122	122	3173
141	141	3182
169	169	3191
179	179	3199
197	197	3207
205	205	3216
214	214	3225
237	237	3234
245	245	3242
269	269	3250
278	278	3259
288	288	3268
312	312	3277
321	321	3286
332	332	3295
369	369	3304
393	393	3313
401	401	3321
410	410	3329
426	426	3338
432	432	3346
442	442	3354
444	444	3362
446	446	3371
446	446	3380
446	446	3388
446	446	3397
446	446	3405
446	446	3414
446	446	3422
446	446	3431
446	446	3440
446	446	3448
446	446	3457
442	442	3465
439	439	3473
431	431	3481
428	428	3490
417	417	3498
414	414	3507
410	410	3515
399	399	3523
396	396	3531
390	390	3540
388	388	3548
387	387	3556
384	384	3565
380	380	3573
380	380	3582
375	375	3591
368	368	3600
365	365	3609
362	362	3618
355	355	3626
353	353	3634
351	351	3643
347	347	3651
346	346	3659
342	342	3668
340	340	3677
339	339	3685
335	335	3694
333	333	3702
326	326	3711
323	323	3719
318	318	3727
316	316	3736
315	315	3744
313	313	3752
313	313	3761
311	311	3770
310	310	3779
310	310	3788
309	309	3797
308	308	3805
306	306	3813
306	306	3821
306	306	3829
306	306	3838
306	306	3846
306	306	3855
306	306	3863
306	306	3872
306	306	3880
306	306	3888
306	306	3896
306	306	3905
306	306	3914
306	306	3922
306	306	3931
306	306	3940
306	306	3948
306	306	3956
306	306	3964
306	306	3973
306	306	3981
306	306	3989
306	306	3997
303	303	4006
297	297	4015
285	285	4024
278	278	4032
272	272	4041
260	260	4050
247	247	4058
240	240	4067
232	232	4077
213	213	4085
203	203	4094
172	172	4102
163	163	4111
136	136	4119
127	127	4128
102	102	4137
94	94	4145
86	86	4153
69	69	4161
64	64	4169
58	58	4178
50	50	4187
47	47	4196
43	43	4205
42	42	4213
41	41	4222
39	39	4230
39	39	4238
39	39	4247
39	39	4255
38	38	4264
38	38	4273
38	38	4282
38	38	4291
38	38	4300
38	38	4308
38	38	4316
38	38	4324
37	37	4332
35	35	4340
34	34	4349
32	32	4357
32	32	4366
30	30	4375
29	29	4383
28	28	4392
28	28	4400
27	27	4409
27	27	4418
27	27	4426
27	27	4435
27	27	4443
27	27	4453
27	27	4461
27	27	4470
27	27	4478
27	27	4486
27	27	4494
27	27	4503
27	27	4512
27	27	4521
27	27	4529
27	27	4538
27	27	4547
27	27	4555
27	27	4564
27	27	4573
27	27	4581
28	28	4589
29	29	4598
34	34	4607
40	40	4615
42	42	4624
45	45	4633
53	53	4642
55	55	4651
65	65	4660
70	70	4669
87	87	4677
87	87	4686
102	102	4695
126	126	4703
147	147	4711
153	153	4720
161	161	4728
184	184	4737
193	193	4746
215	215	4755
225	225	4763
234	234	4771
258	258	4780
268	268	4788
277	277	4796
299	299	4805
309	309	4813
331	331	4821
340	340	4829
369	369	4838
369	369	4846
383	383	4854
400	400	4862
408	408	4870
426	426	4879
433	433	4888
441	441	4897
459	459	4906
467	467	4915
489	489	4924
497	497	4933
529	529	4941
529	529	4950
547	547	4959
571	571	4967
579	579	4975
600	600	4984
608	608	4992
616	616	5001
632	632	5009
638	638	5017
643	643	5026
653	653	5035
657	657	5043
661	661	5051
663	663	5059
667	667	5067
668	668	5075
670	670	5083
673	673	5091
674	674	5099
675	675	5108
675	675	5116
675	675	5125
676	676	5134
677	677	5142
679	679	5151
680	680	5160
684	684	5168
686	686	5176
689	689	5184
698	698	5192
703	703	5201
720	720	5210
728	728	5219
736	736	5227
751	751	5235
759	759	5244
779	779	5253
809	809	5261
809	809	5269
826	826	5278
847	847	5286
855	855	5295
877	877	5303
885	885	5312
893	893	5320
913	913	5328
920	920	5337
927	927	5346
941	941	5355
947	947	5363
958	958	5373
960	960	5381
974	974	5389
974	974	5398
979	979	5407
987	987	5415
989	989	5423
995	995	5431
997	997	5441
999	999	5450
1004	1004	5459
1007	1007	5468
1009	1009	5477
1012	1012	5485
1012	1012	5494
1013	1013	5503
1015	1015	5512
1015	1015	5521
1016	1016	5529
1017	1017	5538
1017	1017	5547
1019	1019	5555
1019	1019	5564
1019	1019	5572
1019	1019	5581
1019	1019	5589
1019	1019	5597
1019	1019	5605
1019	1019	5614
1019	1019	5623
1019	1019	5632
1019	1019	5641
1019	1019	5649
1019	1019	5657
1019	1019	5665
1018	1018	5673
1017	1017	5681
1016	1016	5690
1016	1016	5698
1015	1015	5706
1014	1014	5715
1014	1014	5723
1013	1013	5732
1012	1012	5740
1011	1011	5748
1011	1011	5757
1009	1009	5765
1005	1005	5773
1002	1002	5782
988	988	5790
988	988	5798
968	968	5806
962	962	5814
955	955	5822
937	937	5830
898	898	5839
884	884	5847
842	842	5855
820	820	5863
801	801	5871
735	735	5879
714	714	5888
694	694	5897
634	634	5905
615	615	5914
558	558	5922
538	538	5931
523	523	5939
483	483	5947
470	470	5955
458	458	5963
426	426	5971
415	415	5980
387	387	5988
376	376	5998
367	367	6007
333	333	6016
309	309	6025
299	299	6033
289	289	6042
263	263	6050
254	254	6059
244	244	6067
220	220	6075
211	211	6084
202	202	6092
183	183	6100
176	176	6109
163	163	6118
152	152	6126
137	137	6135
131	131	6143
118	118	6151
113	113	6159
107	107	6168
96	96	6176
92	92	6184
81	81	6193
77	77	6201
74	74	6210
68	68	6219
66	66	6228
65	65	6236
63	63	6244
60	60	6252
56	56	6261
49	49	6270
47	47	6278
45	45	6286
42	42	6295
41	41	6303
40	40	6311
37	37	6320
36	36	6328
35	35	6336
33	33	6345
32	32	6354
29	29	6363
28	28	6371
26	26	6379
22	22	6388
20	20	6397
16	16	6406
13	13	6414
11	11	6423
10	10	6431
9	9	6439
9	9	6448
9	9	6457
9	9	6466
9	9	6475
9	9	6483
9	9	6491
9	9	6500
9	9	6508
9	9	6516
9	9	6524
9	9	6532
9	9	6541
9	9	6549
9	9	6557
9	9	6565
11	11	6573
11	11	6581
12	12	6589
13	13	6597
16	16	6606
16	16	6614
17	17	6622
21	21	6630
23	23	6638
25	25	6646
31	31	6654
34	34	6663
46	46	6671
51	51	6679
56	56	6687
77	77	6695
85	85	6704
111	111	6712
119	119	6721
140	140	6729
148	148	6737
157	157	6745
179	179	6753
189	189	6762
211	211	6771
219	219	6780
227	227	6788
248	248	6796
256	256	6805
274	274	6813
282	282	6822
308	308	6830
315	315	6838
323	323	6846
341	341	6855
348	348	6863
356	356	6872
374	374	6880
381	381	6889
398	398	6897
403	403	6906
410	410	6914
428	428	6923
435	435	6931
451	451	6939
458	458	6948
466	466	6957
483	483	6965
491	491	6973
498	498	6982
522	522	6991
542	542	7000
550	550	7008
559	559	7017
584	584	7025
594	594	7033
603	603	7042
626	626	7050
634	634	7058
653	653	7066
658	658	7074
663	663	7082
672	672	7090
675	675	7099
681	681	7107
683	683	7115
685	685	7124
689	689	7132
690	690	7141
694	694	7150
704	704	7158
706	706	7167
709	709	7177
712	712	7185
712	712	7194
713	713	7202
716	716	7211
717	717	7219
718	718	7229
723	723	7238
727	727	7247
729	729	7255
730	730	7264
733	733	7272
735	735	7281
737	737	7290
740	740	7299
740	740	7307
741	741	7315
741	741	7323
741	741	7332
741	741	7340
741	741	7349
741	741	7357
741	741	7366
741	741	7374
741	741	7382
741	741	7390
741	741	7399
739	739	7407
738	738	7416
735	735	7424
733	733	7432
729	729	7440
728	728	7449
726	726	7457
723	723	7465
721	721	7473
719	719	7481
716	716	7490
715	715	7499
712	712	7507
710	710	7515
709	709	7524
704	704	7532
701	701	7542
685	685	7551
676	676	7559
654	654	7567
644	644	7575
634	634	7584
594	594	7592
562	562	7601
552	552	7609
542	542	7618
515	515	7626
504	504	7634
465	465	7642
451	451	7650
435	435	7658
385	385	7666
372	372	7675
359	359	7683
329	329	7691
318	318	7700
290	290	7708
281	281	7716
270	270	7724
245	245	7732
236	236	7741
211	211	7749
203	203	7757
194	194	7766
165	165	7774
157	157	7782
141	141	7791
137	137	7800
124	124	7808
120	120	7817
115	115	7825
104	104	7834
101	101	7843
98	98	7852
89	89	7861
86	86	7870
76	76	7879
73	73	7888
66	66	7896
63	63	7905
60	60	7913
59	59	7922
57	57	7931
57	57	7939
56	56	7947
56	56	7956
56	56	7965
56	56	7973
56	56	7982
56	56	7991
56	56	7999
56	56	8008
56	56	8016
56	56	8024
56	56	8033
56	56	8042
56	56	8050
56	56	8059
56	56	8067
56	56	8075
56	56	8084
56	56	8092
56	56	8100
56	56	8108
56	56	8117
56	56	8125
56	56	8133
56	56	8141
56	56	8149
56	56	8157
56	56	8166
56	56	8175
56	56	8183
56	56	8191
56	56	8199
56	56	8208
56	56	8216
56	56	8224
56	56	8232
56	56	8240
57	57	8248
57	57	8257
57	57	8266
57	57	8275
57	57	8283
57	57	8291
57	57	8299
57	57	8308
57	57	8316
57	57	8324
56	56	8332
53	53	8340
52	52	8348
50	50	8357
50	50	8365
49	49	8373
48	48	8381
48	48	8390
48	48	8398
48	48	8407
48	48	8415
48	48	8423
48	48	8431
48	48	8439
48	48	8448
48	48	8457
48	48	8465
48	48	8474
48	48	8482
48	48	8490
48	48	8499
48	48	8508
48	48	8516
48	48	8524
49	49	8532
51	51	8540
55	55	8548
57	57	8557
59	59	8565
67	67	8574
71	71	8582
83	83	8590
92	92	8598
110	110	8606
110	110	8614
134	134	8622
134	134	8631
167	167	8639
176	176	8647
203	203	8656
214	214	8665
225	225	8675
256	256	8685
268	268	8694
311	311	8702
323	323	8711
351	351	8720
361	361	8729
372	372	8738
399	399	8747
408	408	8756
435	435	8765
445	445	8774
479	479	8782
488	488	8790
495	495	8798
515	515	8806
523	523	8814
544	544	8822
552	552	8831
561	561	8839
580	580	8847
588	588	8857
597	597	8865
617	617	8874
624	624	8883
644	644	8892
651	651	8900
656	656	8909
670	670	8917
675	675	8925
680	680	8934
696	696	8943
707	707	8951
710	710	8959
714	714	8968
722	722	8976
724	724	8985
730	730	8993
732	732	9001
735	735	9009
741	741	9017
744	744	9026
747	747	9035
753	753	9044
756	756	9052
762	762	9061
765	765	9069
768	768	9078
779	779	9086
783	783	9094
791	791	9102
794	794	9110
804	804	9118
808	808	9126
813	813	9135
827	827	9144
831	831	9153
841	841	9161
843	843	9170
846	846	9179
853	853	9187
854	854	9195
856	856	9203
860	860	9212
862	862	9221
866	866	9229
867	867	9238
871	871	9246
873	873	9255
876	876	9264
876	876	9273
878	878	9281
881	881	9289
882	882	9297
885	885	9306
886	886	9315
888	888	9324
891	891	9332
893	893	9341
895	895	9349
895	895	9358
896	896	9366
896	896	9375
897	897	9384
898	898	9393
899	899	9402
900	900	9410
901	901	9418
901	901	9426
903	903	9435
904	904	9444
904	904	9453
908	908	9461
909	909	9469
912	912	9477
914	914	9485
914	914	9493
917	917	9502
918	918	9510
920	920	9519
920	920	9528
920	920	9536
921	921	9544
921	921	9552
921	921	9561
921	921	9569
921	921	9578
921	921	9587
922	922	9596
922	922	9604
922	922	9612
922	922	9621
922	922	9629
922	922	9637
922	922	9645
922	922	9653
922	922	9661
918	918	9669
918	918	9678
911	911	9686
905	905	9694
892	892	9702
884	884	9711
873	873	9719
851	851	9727
827	827	9736
818	818	9744
807	807	9752
783	783	9760
772	772	9768
740	740	9777
729	729	9786
717	717	9795
687	687	9803
676	676	9812
664	664	9821
630	630	9830
603	603	9839
563	563	9847
549	549	9855
516	516	9864
506	506	9873
495	495	9881
467	467	9889
458	458	9897
432	432	9906
423	423	9914
414	414	9922
392	392	9930
383	383	9939
363	363	9948
355	355	9956
346	346	9965
324	324	9973
316	316	9982
286	286	9991
278	278	10000
269	269	10009
245	245	10018
237	237	10026
213	213	10035
204	204	10043
196	196	10051
174	174	10060
168	168	10069
149	149	10078
133	133	10087
113	113	10096
105	105	10104
85	85	10112
79	79	10121
73	73	10130
60	60	10138
54	54	10146
50	50	10154
41	41	10163
37	37	10172
34	34	10181
26	26	10189
23	23	10197
14	14	10205
14	14	10214
7	7	10223
6	6	10231
4	4	10239
3	3	10247
2	2	10256
1	1	10264
1	1	10273
0	0	10281
0	0	10289
0	0	10297
0	0	10305
0	0	10314
0	0	10322
0	0	10331
0	0	10339
0	0	10347
0	0	10355
0	0	10363
0	0	10372
0	0	10381
0	0	10389
0	0	10397
0	0	10405
2	2	10414
7	7	10423
8	8	10432
9	9	10441
13	13	10449
15	15	10457
16	16	10465
18	18	10473
18	18	10482
19	19	10491
19	19	10499
20	20	10507
21	21	10515
479	479	10523
479	479	10531
479	479	10539
479	479	10548
479	479	10556
479	479	10565
479	479	10573
479	479	10582
479	479	10590
479	479	10598
479	479	10606
479	479	10614
479	479	10622
479	479	10631
479	479	10640
479	479	10648
479	479	10656
479	479	10665
479	479	10673
479	479	10682
479	479	10690
479	479	10698
479	479	10706
479	479	10714
479	479	10723
479	479	10731
479	479	10739
479	479	10748
479	479	10757
479	479	10766
479	479	10774
479	479	10783
479	479	10792
479	479	10801
479	479	10810
479	479	10818
479	479	10827
479	479	10836
479	479	10844
479	479	10853
479	479	10862
479	479	10871
479	479	10880
479	479	10888
479	479	10896
479	479	10904
479	479	10912
479	479	10921
479	479	10930
479	479	10938
479	479	10946
479	479	10954
479	479	10962
479	479	10971
479	479	10980
479	479	10989
479	479	10997
479	479	11005
479	479	11013
479	479	11021
479	479	11029
479	479	11037
479	479	11046
479	479	11054
479	479	11063
479	479	11071
479	479	11079
479	479	11088
479	479	11096
479	479	11104
479	479	11112
480	480	11120
482	482	11128
483	483	11137
483	483	11146
483	483	11154
483	483	11163
483	483	11171
483	483	11179
483	483	11188
483	483	11197
483	483	11205
483	483	11213
483	483	11221
483	483	11229
483	483	11237
483	483	11245
483	483	11253
484	484	11261
484	484	11269
484	484	11278
484	484	11286
484	484	11294
484	484	11303
484	484	11312
484	484	11320
484	484	11329
484	484	11338
484	484	11347
484	484	11355
479	479	11364
475	475	11372
470	470	11381
458	458	11390
447	447	11398
440	440	11406
433	433	11414
411	411	11422
400	400	11431
368	368	11440
342	342	11449
342	342	11457
297	297	11466
257	257	11474
240	240	11483
224	224	11492
172	172	11500
159	159	11508
147	147	11517
118	118	11525
107	107	11533
83	83	11542
75	75	11550
68	68	11558
56	56	11567
52	52	11576
50	50	11585
46	46	11593
46	46	11602
46	46	11611
46	46	11619
46	46	11628
45	45	11637
43	43	11646
41	41	11654
37	37	11662
34	34	11671
32	32	11679
26	26	11688
23	23	11697
12	12	11706
9	9	11714
2	2	11722
1	1	11731
0	0	11740
0	0	11748
0	0	11756
0	0	11765
0	0	11774
0	0	11782
0	0	11791
0	0	11800
0	0	11808
0	0	11816
0	0	11825
0	0	11834
0	0	11842
0	0	11850
1	1	11858
1	1	11867
2	2	11875
3	3	11883
6	6	11892
7	7	11900
9	9	11908
12	12	11917
14	14	11926
15	15	11935
18	18	11943
20	20	11952
25	25	11961
26	26	11970
28	28	11979
29	29	11988
30	30	11996
31	31	12004
31	31	12012
32	32	12020
32	32	12028
32	32	12037
32	32	12045
32	32	12053
32	32	12061
32	32	12069
32	32	12077
32	32	12085
32	32	12093
32	32	12102
32	32	12111
32	32	12120
32	32	12129
32	32	12138
32	32	12147
32	32	12155
32	32	12163
32	32	12172
32	32	12180
32	32	12188
32	32	12197
32	32	12205
32	32	12214
32	32	12222
32	32	12230
32	32	12240
35	35	12248
38	38	12256
40	40	12265
49	49	12274
52	52	12282
62	62	12291
67	67	12300
76	76	12308
80	80	12316
89	89	12324
94	94	12332
99	99	12340
115	115	12349
124	124	12358
132	132	12367
154	154	12376
183	183	12385
191	191	12393
199	199	12402
222	222	12410
228	228	12418
235	235	12427
251	251	12436
257	257	12445
271	271	12453
275	275	12462
280	280	12471
288	288	12479
291	291	12487
296	296	12495
297	297	12503
299	299	12511
300	300	12520
302	302	12529
304	304	12537
305	305	12546
307	307	12555
307	307	12564
308	308	12574
308	308	12582
309	309	12590
309	309	12598
310	310	12606
310	310	12615
311	311	12623
312	312	12632
312	312	12641
313	313	12650
314	314	12658
314	314	12667
315	315	12675
315	315	12684
315	315	12692
315	315	12700
315	315	12709
315	315	12717
315	315	12725
315	315	12734
315	315	12742
315	315	12751
315	315	12759
315	315	12768
315	315	12777
315	315	12786
315	315	12796
315	315	12804
315	315	12813
315	315	12822
315	315	12830
315	315	12839
315	315	12847
315	315	12855
315	315	12864
315	315	12873
310	310	12882
297	297	12890
289	289	12898
273	273	12906
253	253	12914
244	244	12922
235	235	12931
208	208	12939
198	198	12947
187	187	12956
162	162	12964
154	154	12972
146	146	12980
126	126	12989
117	117	12997
102	102	13005
96	96	13013
92	92	13022
81	81	13030
77	77	13038
74	74	13047
70	70	13055
67	67	13064
63	63	13072
63	63	13081
57	57	13089
56	56	13097
53	53	13105
52	52	13114
50	50	13123
50	50	13131
49	49	13140
49	49	13149
48	48	13158
46	46	13167
46	46	13175
44	44	13183
43	43	13192
43	43	13200
43	43	13208
43	43	13216
43	43	13224
43	43	13232
43	43	13241
43	43	13250
43	43	13259
43	43	13268
43	43	13277
43	43	13285
43	43	13293
43	43	13302
43	43	13311
43	43	13319
43	43	13328
43	43	13337
43	43	13346
43	43	13355
43	43	13363
43	43	13372
43	43	13381
41	41	13390
41	41	13399
40	40	13408
39	39	13418
39	39	13427
39	39	13436
39	39	13445
39	39	13453
39	39	13462
39	39	13471
39	39	13480
39	39	13489
39	39	13497
39	39	13505
43	43	13513
51	51	13521
54	54	13529
58	58	13537
69	69	13545
80	80	13553
80	80	13561
92	92	13569
108	108	13578
114	114	13586
119	119	13595
136	136	13603
144	144	13612
163	163	13620
171	171	13628
180	180	13636
201	201	13644
209	209	13653
226	226	13662
233	233	13670
240	240	13678
257	257	13686
264	264	13694
269	269	13702
284	284	13710
290	290	13718
308	308	13727
317	317	13736
323	323	13745
354	354	13754
376	376	13763
384	384	13771
394	394	13780
422	422	13788
433	433	13796
444	444	13805
481	481	13814
494	494	13822
507	507	13832
542	542	13841
554	554	13849
599	599	13857
610	610	13866
644	644	13875
655	655	13884
689	689	13892
702	702	13901
714	714	13909
744	744	13918
755	755	13926
765	765	13935
790	790	13944
799	799	13952
820	820	13961
836	836	13969
836	836	13977
857	857	13985
864	864	13993
864	864	14001
884	884	14009
897	897	14018
903	903	14027
908	908	14036
920	920	14045
926	926	14054
936	936	14062
941	941	14071
944	944	14080
952	952	14089
957	957	14098
964	964	14106
966	966	14115
969	969	14124
974	974	14133
976	976	14141
978	978	14150
979	979	14158
982	982	14167
983	983	14175
983	983	14183
984	984	14192
985	985	14201
988	988	14209
989	989	14218
991	991	14226
992	992	14235
994	994	14243
994	994	14251
995	995	14260
996	996	14269
996	996	14278
996	996	14287
998	998	14296
998	998	14304
998	998	14313
1000	1000	14321
1002	1002	14330
1003	1003	14339
1003	1003	14348
1004	1004	14356
1006	1006	14364
1006	1006	14372
1007	1007	14381
1007	1007	14390
1007	1007	14398
1007	1007	14406
1007	1007	14415
1007	1007	14424
1007	1007	14432
1007	1007	14440
1007	1007	14448
1007	1007	14457
1008	1008	14466
1008	1008	14475
1008	1008	14484
1008	1008	14492
1008	1008	14501
1008	1008	14510
1008	1008	14518
1008	1008	14527
1008	1008	14535
1008	1008	14543
1008	1008	14551
1008	1008	14559
1008	1008	14568
1008	1008	14576
1007	1007	14584
1004	1004	14592
1002	1002	14602
983	983	14610
978	978	14618
973	973	14626
956	956	14635
949	949	14643
942	942	14652
925	925	14660
917	917	14668
907	907	14676
874	874	14684
859	859	14692
817	817	14700
795	795	14708
773	773	14717
719	719	14726
704	704	14734
670	670	14742
658	658	14750
647	647	14759
619	619	14768
609	609	14776
582	582	14784
572	572	14792
564	564	14802
532	532	14810
524	524	14818
501	501	14826
493	493	14834
487	487	14842
466	466	14851
458	458	14859
440	440	14867
432	432	14875
424	424	14884
403	403	14892
395	395	14900
375	375	14908
367	367	14916
359	359	14924
344	344	14932
340	340	14941
335	335	14949
320	320	14957
313	313	14965
295	295	14973
287	287	14981
280	280	14990
266	266	14999
262	262	15008
247	247	15016
243	243	15024
231	231	15032
231	231	15040
224	224	15048
219	219	15057
199	199	15065
186	186	15073
180	180	15082
176	176	15090
165	165	15099
161	161	15108
158	158	15116
151	151	15124
148	148	15132
142	142	15141
140	140	15150
138	138	15159
131	131	15167
128	128	15176
123	123	15184
119	119	15192
119	119	15201
113	113	15209
110	110	15217
109	109	15226
106	106	15235
102	102	15244
101	101	15253
99	99	15262
92	92	15271
89	89	15279
81	81	15287
78	78	15295
77	77	15304
73	73	15312
72	72	15320
71	71	15329
71	71	15338
71	71	15346
70	70	15354
70	70	15362
67	67	15371
66	66	15380
62	62	15388
60	60	15396
59	59	15404
56	56	15412
55	55	15421
53	53	15430
51	51	15438
50	50	15447
48	48	15456
48	48	15464
47	47	15472
47	47	15481
45	45	15489
45	45	15498
43	43	15508
41	41	15517
40	40	15526
39	39	15534
38	38	15542
38	38	15550
37	37	15559
37	37	15567
37	37	15575
37	37	15584
37	37	15592
37	37	15601
36	36	15610
34	34	15618
34	34	15626
33	33	15634
31	31	15643
31	31	15651
30	30	15659
29	29	15668
29	29	15676
29	29	15684
28	28	15693
28	28	15701
28	28	15709
28	28	15718
28	28	15727
28	28	15735
28	28	15744
28	28	15752
28	28	15761
29	29	15769
30	30	15777
32	32	15785
35	35	15793
37	37	15802
44	44	15810
48	48	15818
61	61	15826
68	68	15835
75	75	15843
97	97	15852
106	106	15860
115	115	15868
141	141	15876
171	171	15885
182	182	15894
194	194	15902
220	220	15910
231	231	15918
258	258	15926
267	267	15934
276	276	15942
303	303	15951
314	314	15960
323	323	15969
360	360	15978
382	382	15986
391	391	15994
399	399	16003
419	419	16011
427	427	16019
435	435	16028
456	456	16036
464	464	16045
484	484	16053
492	492	16062
500	500	16070
522	522	16079
531	531	16087
551	551	16095
559	559	16104
566	566	16112
579	579	16120
583	583	16129
594	594	16137
596	596	16146
598	598	16154
600	600	16163
602	602	16171
603	603	16180
604	604	16189
606	606	16198
607	607	16206
609	609	16214
612	612	16222
614	614	16230
616	616	16238
621	621	16246
624	624	16254
630	630	16262
634	634	16271
637	637	16280
645	645	16289
651	651	16298
659	659	16306
662	662	16315
670	670	16324
674	674	16332
680	680	16340
687	687	16349
690	690	16358
694	694	16366
695	695	16374
696	696	16382
698	698	16390
698	698	16398
699	699	16406
701	701	16414
701	701	16422
703	703	16430
704	704	16439
705	705	16448
706	706	16457
708	708	16466
708	708	16475
708	708	16483
708	708	16492
708	708	16501
702	702	16509
698	698	16518
679	679	16526
671	671	16535
662	662	16543
639	639	16552
631	631	16561
613	613	16570
609	609	16579
603	603	16588
601	601	16597
599	599	16606
599	599	16614
598	598	16622
597	597	16631
597	597	16639
597	597	16648
597	597	16657
597	597	16666
597	597	16674
599	599	16682
609	609	16691
613	613	16700
628	628	16708
635	635	16717
640	640	16725
657	657	16734
670	670	16742
676	676	16751
681	681	16760
699	699	16769
710	710	16777
714	714	16786
718	718	16794
728	728	16803
731	731	16812
733	733	16820
738	738	16828
740	740	16836
742	742	16844
742	742	16852
743	743	16861
744	744	16870
744	744	16879
745	745	16888
745	745	16896
745	745	16905
745	745	16913
745	745	16921
745	745	16930
745	745	16939
745	745	16947
744	744	16955
739	739	16963
732	732	16972
706	706	16980
693	693	16989
649	649	16997
629	629	17005
609	609	17014
545	545	17023
528	528	17032
510	510	17040
451	451	17049
369	369	17058
347	347	17067
328	328	17075
268	268	17083
249	249	17092
202	202	17101
190	190	17109
178	178	17117
152	152	17126
143	143	17135
134	134	17144
105	105	17152
105	105	17161
77	77	17170
68	68	17178
49	49	17187
43	43	17195
37	37	17204
25	25	17212
19	19	17220
10	10	17228
7	7	17236
4	4	17244
0	0	17252
0	0	17261
0	0	17269
0	0	17278
0	0	17287
0	0	17296
0	0	17305
0	0	17313
0	0	17321
0	0	17329
0	0	17337
0	0	17346
0	0	17354
0	0	17362
0	0	17370
0	0	17379
0	0	17387
0	0	17396
0	0	17404
0	0	17413
0	0	17422
0	0	17430
1	1	17439
2	2	17448
5	5	17456
7	7	17464
7	7	17472
10	10	17480
11	11	17489
11	11	17498
15	15	17506
15	15	17514
17	17	17523
17	17	17531
18	18	17540
18	18	17549
18	18	17558
18	18	17567
18	18	17575
18	18	17583
18	18	17592
18	18	17600
18	18	17609
18	18	17618
18	18	17626
18	18	17634
18	18	17642
18	18	17651
18	18	17659
20	20	17668
21	21	17676
22	22	17684
23	23	17692
26	26	17700
28	28	17709
30	30	17718
32	32	17726
35	35	17735
36	36	17744
38	38	17753
42	42	17761
45	45	17769
50	50	17777
52	52	17785
52	52	17794
62	62	17802
69	69	17810
82	82	17819
95	95	17828
103	103	17837
111	111	17845
137	137	17853
150	150	17861
163	163	17870
203	203	17879
220	220	17887
278	278	17895
295	295	17904
315	315	17913
393	393	17922
447	447	17930
460	460	17938
475	475	17947
509	509	17955
521	521	17963
533	533	17972
563	563	17980
574	574	17989
602	602	17997
611	611	18005
621	621	18014
645	645	18023
654	654	18031
662	662	18040
684	684	18048
694	694	18056
718	718	18065
725	725	18074
739	739	18082
746	746	18090
764	764	18099
772	772	18107
780	780	18115
800	800	18123
810	810	18132
818	818	18140
834	834	18149
840	840	18157
852	852	18166
855	855	18174
859	859	18183
868	868	18191
871	871	18200
875	875	18209
886	886	18218
904	904	18226
910	910	18235
918	918	18243
936	936	18251
946	946	18260
966	966	18269
975	975	18277
984	984	18285
1003	1003	18293
1009	1009	18302
1016	1016	18310
1031	1031	18318
1036	1036	18327
1042	1042	18336
1054	1054	18345
1071	1071	18353
1075	1075	18361
1079	1079	18370
1079	1079	18379
1079	1079	18388
1079	1079	18396
1079	1079	18405
1079	1079	18413
1079	1079	18422
1079	1079	18431
1079	1079	18440
1079	1079	18448
1079	1079	18456
1079	1079	18465
1079	1079	18474
1079	1079	18482
1079	1079	18490
1079	1079	18498
1079	1079	18507
1079	1079	18516
1075	1075	18525
1071	1071	18533
1064	1064	18542
1061	1061	18550
1058	1058	18558
1052	1052	18567
1050	1050	18576
1044	1044	18584
1043	1043	18592
1040	1040	18600
1033	1033	18608
1030	1030	18616
1024	1024	18625
1015	1015	18633
1005	1005	18642
1002	1002	18651
1000	1000	18660
995	995	18668
993	993	18676
991	991	18685
988	988	18693
986	986	18701
984	984	18709
981	981	18717
979	979	18726
975	975	18735
974	974	18744
972	972	18752
969	969	18761
965	965	18770
961	961	18778
960	960	18786
956	956	18795
953	953	18804
951	951	18813
947	947	18822
945	945	18831
941	941	18839
940	940	18847
940	940	18855
938	938	18864
938	938	18872
937	937	18880
937	937	18888
937	937	18896
936	936	18904
935	935	18912
934	934	18920
932	932	18929
932	932	18938
930	930	18946
929	929	18954
928	928	18962
928	928	18970
927	927	18979
926	926	18987
925	925	18996
925	925	19004
923	923	19014
922	922	19022
921	921	19031
920	920	19040
920	920	19049
920	920	19058
920	920	19066
920	920	19075
920	920	19083
920	920	19092
920	920	19101
920	920	19110
920	920	19118
920	920	19127
920	920	19135
920	920	19144
920	920	19152
920	920	19160
920	920	19169
920	920	19178
920	920	19187
920	920	19196
920	920	19205
918	918	19213
911	911	19222
905	905	19230
896	896	19239
877	877	19248
867	867	19257
806	806	19266
793	793	19275
779	779	19283
734	734	19292
718	718	19301
698	698	19310
630	630	19318
603	603	19327
576	576	19335
495	495	19344
465	465	19352
366	366	19361
342	342	19369
285	285	19377
266	266	19385
214	214	19394
196	196	19402
182	182	19410
148	148	19418
137	137	19426
115	115	19435
105	105	19443
96	96	19451
72	72	19459
62	62	19468
54	54	19476
37	37	19486
32	32	19494
26	26	19503
12	12	19511
5	5	19519
0	0	19527
0	0	19535
0	0	19543
0	0	19551
0	0	19560
0	0	19569
0	0	19577
0	0	19585
0	0	19594
0	0	19603
0	0	19611
0	0	19620
0	0	19628
0	0	19637
0	0	19645
0	0	19653
0	0	19661
0	0	19670
0	0	19678
0	0	19686
0	0	19695
3	3	19703
7	7	19711
9	9	19719
10	10	19727
13	13	19736
15	15	19745
15	15	19753
16	16	19762
17	17	19771
18	18	19780
19	19	19789
22	22	19797
23	23	19805
26	26	19814
28	28	19823
29	29	19831
37	37	19840
37	37	19848
38	38	19856
39	39	19865
39	39	19873
39	39	19882
39	39	19890
39	39	19898
40	40	19906
40	40	19915
41	41	19923
42	42	19931
43	43	19940
43	43	19948
44	44	19957
46	46	19965
48	48	19973
48	48	19981
48	48	19990
49	49	19998
49	49	20007
50	50	20015
50	50	20023
52	52	20031
52	52	20039
54	54	20047
57	57	20056
60	60	20065
63	63	20074
69	69	20082
75	75	20090
77	77	20098
88	88	20106
91	91	20115
94	94	20124
100	100	20133
106	106	20141
117	117	20149
122	122	20158
129	129	20167
144	144	20176
149	149	20185
167	167	20193
174	174	20201
182	182	20209
200	200	20217
208	208	20226
223	223	20234
228	228	20242
234	234	20250
246	246	20259
250	250	20267
254	254	20275
263	263	20284
267	267	20292
282	282	20300
285	285	20309
295	295	20318
299	299	20327
303	303	20335
315	315	20344
318	318	20353
329	329	20362
333	333	20370
337	337	20378
348	348	20386
353	353	20394
364	364	20402
369	369	20411
374	374	20419
389	389	20427
393	393	20436
406	406	20444
406	406	20452
411	411	20461
426	426	20469
430	430	20478
440	440	20486
443	443	20494
447	447	20503
455	455	20511
458	458	20520
463	463	20529
464	464	20537
466	466	20545
466	466	20553
467	467	20562
469	469	20570
470	470	20578
473	473	20587
474	474	20596
476	476	20604
480	480	20613
482	482	20621
486	486	20629
487	487	20637
491	491	20646
493	493	20654
494	494	20663
499	499	20671
501	501	20679
502	502	20688
504	504	20696
505	505	20704
507	507	20712
508	508	20720
509	509	20728
511	511	20737
511	511	20745
512	512	20753
512	512	20761
512	512	20769
512	512	20778
512	512	20787
512	512	20795
512	512	20804
512	512	20813
512	512	20822
512	512	20830
512	512	20839
512	512	20848
512	512	20856
512	512	20865
512	512	20874
512	512	20882
512	512	20891
512	512	20899
512	512	20907
512	512	20915
512	512	20924
512	512	20933
512	512	20942
512	512	20950
511	511	20959
509	509	20968
508	508	20977
507	507	20986
502	502	20995
500	500	21004
495	495	21013
489	489	21022
482	482	21032
480	480	21040
469	469	21049
463	463	21057
453	453	21065
439	439	21074
409	409	21082
397	397	21090
385	385	21098
353	353	21106
341	341	21114
330	330	21122
302	302	21131
290	290	21139
260	260	21148
249	249	21156
214	214	21164
214	214	21172
205	205	21181
175	175	21190
167	167	21199
149	149	21208
144	144	21216
138	138	21224
125	125	21233
121	121	21242
110	110	21250
106	106	21258
103	103	21266
95	95	21274
92	92	21283
89	89	21291
85	85	21300
84	84	21308
81	81	21317
78	78	21326
76	76	21335
74	74	21344
70	70	21352
69	69	21361
66	66	21369
61	61	21377
59	59	21386
53	53	21395
50	50	21404
49	49	21413
45	45	21422
43	43	21431
42	42	21440
39	39	21449
39	39	21457
35	35	21466
35	35	21475
33	33	21484
32	32	21492
31	31	21501
31	31	21509
30	30	21518
29	29	21526
29	29	21535
28	28	21544
27	27	21552
27	27	21560
26	26	21569
25	25	21578
25	25	21587
25	25	21595
25	25	21603
25	25	21612
25	25	21621
25	25	21630
25	25	21639
25	25	21648
25	25	21656
25	25	21665
25	25	21673
25	25	21681
25	25	21689
25	25	21698
25	25	21707
26	26	21716
26	26	21724
27	27	21733
27	27	21741
27	27	21750
27	27	21758
27	27	21766
28	28	21775
28	28	21783
29	29	21791
30	30	21800
32	32	21808
37	37	21817
40	40	21825
43	43	21833
52	52	21842
56	56	21850
60	60	21858
72	72	21866
76	76	21875
88	88	21883
95	95	21892
111	111	21901
115	115	21909
121	121	21918
133	133	21926
140	140	21934
149	149	21943
160	160	21951
164	164	21960
168	168	21968
178	178	21977
182	182	21986
185	185	21995
192	192	22003
194	194	22011
200	200	22020
202	202	22028
205	205	22036
210	210	22044
213	213	22052
216	216	22061
224	224	22070
230	230	22078
233	233	22086
235	235	22095
240	240	22103
242	242	22112
247	247	22122
250	250	22130
252	252	22139
258	258	22148
260	260	22157
272	272	22166
275	275	22174
280	280	22182
292	292	22190
296	296	22199
308	308	22209
312	312	22217
316	316	22226
326	326	22235
328	328	22244
335	335	22252
341	341	22260
341	341	22269
343	343	22278
346	346	22286
347	347	22296
348	348	22304
349	349	22312
350	350	22321
353	353	22330
354	354	22338
355	355	22347
360	360	22356
363	363	22364
366	366	22373
376	376	22382
384	384	22391
388	388	22400
391	391	22408
402	402	22417
406	406	22426
413	413	22434
416	416	22443
420	420	22452
430	430	22460
434	434	22468
439	439	22477
456	456	22485
466	466	22494
471	471	22504
475	475	22512
487	487	22520
492	492	22528
503	503	22537
507	507	22546
512	512	22555
528	528	22563
528	528	22571
532	532	22580
541	541	22588
545	545	22596
556	556	22604
559	559	22613
568	568	22622
570	570	22630
573	573	22638
580	580	22647
582	582	22655
591	591	22663
595	595	22672
600	600	22680
612	612	22688
617	617	22696
622	622	22704
633	633	22712
638	638	22720
649	649	22728
654	654	22736
665	665	22744
670	670	22752
679	679	22761
684	684	22770
690	690	22778
703	703	22786
710	710	22795
727	727	22803
735	735	22811
742	742	22819
761	761	22827
769	769	22835
776	776	22843
791	791	22852
795	795	22860
806	806	22868
809	809	22876
811	811	22885
814	814	22894
814	814	22902
814	814	22910
814	814	22919
814	814	22927
814	814	22935
814	814	22943
814	814	22951
814	814	22960
810	810	22968
809	809	22977
804	804	22986
801	801	22994
797	797	23003
786	786	23012
779	779	23021
741	741	23029
730	730	23038
702	702	23046
658	658	23054
643	643	23062
627	627	23071
567	567	23080
542	542	23088
520	520	23096
463	463	23105
448	448	23113
431	431	23122
388	388	23131
378	378	23140
356	356	23148
348	348	23156
341	341	23164
328	328	23172
324	324	23181
314	314	23189
311	311	23198
309	309	23207
308	308	23215
307	307	23224
306	306	23232
305	305	23241
304	304	23249
303	303	23258
302	302	23266
301	301	23274
300	300	23283
299	299	23291
298	298	23299
298	298	23307
297	297	23316
297	297	23325
297	297	23334
297	297	23342
297	297	23350
297	297	23359
297	297	23367
297	297	23375
297	297	23384
297	297	23392
297	297	23401
297	297	23410
297	297	23418
297	297	23427
297	297	23436
297	297	23444
297	297	23453
297	297	23462
297	297	23470
297	297	23478
297	297	23486
297	297	23494
297	297	23503
297	297	23511
297	297	23519
297	297	23527
296	296	23536
295	295	23544
288	288	23553
283	283	23562
267	267	23571
259	259	23580
249	249	23588
225	225	23597
208	208	23606
185	185	23614
178	178	23622
163	163	23630
159	159	23638
154	154	23646
142	142	23655
138	138	23663
134	134	23672
123	123	23681
120	120	23689
112	112	23697
109	109	23706
106	106	23714
99	99	23722
97	97	23730
94	94	23738
93	93	23747
89	89	23756
88	88	23764
82	82	23772
82	82	23781
80	80	23789
76	76	23797
74	74	23805
72	72	23813
69	69	23821
68	68	23830
64	64	23839
62	62	23847
61	61	23856
59	59	23864
57	57	23873
55	55	23881
53	53	23889
52	52	23897
48	48	23906
47	47	23915
45	45	23924
41	41	23933
38	38	23942
36	36	23950
34	34	23959
30	30	23968
28	28	23978
27	27	23987
24	24	23995
23	23	24004
21	21	24013
20	20	24021
18	18	24030
18	18	24038
16	16	24046
15	15	24054
15	15	24064
13	13	24072
13	13	24080
13	13	24088
13	13	24096
13	13	24104
13	13	24112
13	13	24120
13	13	24128
13	13	24136
13	13	24144
13	13	24153
13	13	24162
13	13	24171
13	13	24180
13	13	24188
13	13	24197
13	13	24205
13	13	24214
14	14	24222
16	16	24231
20	20	24239
22	22	24247
25	25	24256
32	32	24264
41	41	24272
46	46	24280
61	61	24288
67	67	24296
75	75	24305
96	96	24314
105	105	24322
114	114	24330
140	140	24339
151	151	24348
160	160	24357
197	197	24366
221	221	24375
229	229	24383
239	239	24391
261	261	24399
270	270	24407
293	293	24415
302	302	24423
310	310	24431
335	335	24439
346	346	24447
356	356	24455
387	387	24464
399	399	24474
432	432	24482
444	444	24491
458	458	24500
494	494	24508
509	509	24516
524	524	24525
560	560	24534
611	611	24543
624	624	24552
636	636	24561
668	668	24570
680	680	24578
692	692	24587
724	724	24595
736	736	24603
766	766	24611
777	777	24619
787	787	24627
811	811	24636
820	820	24644
840	840	24652
847	847	24660
853	853	24668
866	866	24676
874	874	24685
883	883	24694
885	885	24702
890	890	24710
891	891	24718
893	893	24727
897	897	24736
899	899	24745
901	901	24754
906	906	24762
909	909	24771
915	915	24780
920	920	24788
925	925	24796
925	925	24805
934	934	24814
936	936	24823
938	938	24831
944	944	24839
947	947	24848
950	950	24857
956	956	24866
958	958	24874
964	964	24883
966	966	24891
968	968	24899
974	974	24907
976	976	24916
978	978	24924
979	979	24934
983	983	24942
983	983	24950
985	985	24959
986	986	24968
986	986	24977
988	988	24986
989	989	24994
990	990	25002
991	991	25010
992	992	25019
993	993	25028
994	994	25037
994	994	25045
996	996	25054
997	997	25063
999	999	25071
999	999	25079
1002	1002	25087
1003	1003	25096
1005	1005	25104
1007	1007	25113
1007	1007	25121
1009	1009	25129
1009	1009	25138
1009	1009	25146
1010	1010	25155
1010	1010	25163
1010	1010	25171
1012	1012	25179
1012	1012	25188
1013	1013	25196
1013	1013	25205
1013	1013	25214
1013	1013	25222
1013	1013	25231
1013	1013	25239
1013	1013	25247
1013	1013	25256
1013	1013	25264
1013	1013	25272
1013	1013	25280
1013	1013	25288
1013	1013	25297
1013	1013	25306
1013	1013	25314
1013	1013	25323
1013	1013	25332
1013	1013	25340
1013	1013	25348
1012	1012	25356
1011	1011	25364
1010	1010	25372
1010	1010	25381
1008	1008	25389
1007	1007	25398
1005	1005	25407
1005	1005	25416
1001	1001	25425
999	999	25433
994	994	25441
976	976	25450
966	966	25459
937	937	25468
929	929	25476
905	905	25484
894	894	25493
856	856	25503
845	845	25512
821	821	25520
811	811	25529
801	801	25537
776	776	25545
765	765	25553
735	735	25561
721	721	25569
707	707	25577
664	664	25585
651	651	25593
618	618	25601
608	608	25609
597	597	25618
571	571	25626
562	562	25634
551	551	25642
524	524	25651
515	515	25659
486	486	25667
477	477	25675
468	468	25684
444	444	25692
434	434	25700
428	428	25709
408	408	25718
403	403	25726
394	394	25735
390	390	25744
381	381	25753
378	378	25762
375	375	25770
369	369	25779
366	366	25788
359	359	25796
355	355	25805
345	345	25814
343	343	25822
340	340	25831
330	330	25839
326	326	25847
315	315	25856
310	310	25864
306	306	25872
291	291	25880
284	284	25889
279	279	25898
266	266	25907
260	260	25916
247	247	25924
242	242	25933
224	224	25942
220	220	25950
211	211	25958
208	208	25966
205	205	25975
197	197	25984
193	193	25993
190	190	26001
182	182	26009
179	179	26017
170	170	26025
167	167	26033
164	164	26041
157	157	26050
155	155	26058
152	152	26067
145	145	26075
143	143	26084
137	137	26093
131	131	26101
125	125	26109
122	122	26117
117	117	26126
116	116	26134
115	115	26143
113	113	26152
111	111	26160
106	106	26169
105	105	26177
102	102	26186
95	95	26194
92	92	26203
86	86	26212
84	84	26220
76	76	26228
76	76	26236
73	73	26244
71	71	26252
66	66	26260
63	63	26268
60	60	26277
57	57	26286
53	53	26295
52	52	26304
51	51	26312
51	51	26320
51	51	26329
50	50	26337
50	50	26346
50	50	26354
49	49	26363
49	49	26371
48	48	26380
46	46	26388
45	45	26396
42	42	26405
40	40	26413
38	38	26422
38	38	26430
38	38	26439
38	38	26447
38	38	26455
38	38	26463
38	38	26472
38	38	26481
38	38	26490
38	38	26499
38	38	26508
38	38	26517
38	38	26526
38	38	26534
38	38	26542
38	38	26550
38	38	26558
38	38	26566
38	38	26575
38	38	26584
38	38	26592
38	38	26601
38	38	26610
38	38	26618
38	38	26627
38	38	26636
38	38	26644
38	38	26653
40	40	26662
44	44	26670
45	45	26680
48	48	26689
54	54	26697
57	57	26706
62	62	26715
72	72	26723
76	76	26731
88	88	26740
91	91	26748
95	95	26757
115	115	26766
130	130	26774
136	136	26782
141	141	26790
152	152	26799
161	161	26807
165	165	26815
168	168	26824
174	174	26833
177	177	26842
180	180	26850
188	188	26859
191	191	26868
197	197	26876
202	202	26885
209	209	26894
212	212	26902
221	221	26911
225	225	26919
229	229	26928
238	238	26937
242	242	26945
246	246	26953
257	257	26961
261	261	26970
272	272	26979
275	275	26988
279	279	26996
288	288	27005
295	295	27013
302	302	27022
305	305	27030
312	312	27039
315	315	27047
318	318	27056
324	324	27065
326	326	27073
329	329	27081
334	334	27090
336	336	27099
341	341	27108
343	343	27117
345	345	27126
352	352	27135
355	355	27143
360	360	27152
362	362	27160
367	367	27168
369	369	27177
371	371	27185
376	376	27194
378	378	27202
383	383	27210
385	385	27218
388	388	27227
393	393	27236
397	397	27244
397	397	27252
402	402	27261
404	404	27269
405	405	27278
409	409	27286
410	410	27295
411	411	27304
416	416	27312
418	418	27320
420	420	27329
424	424	27338
426	426	27346
431	431	27354
434	434	27362
436	436	27370
444	444	27380
447	447	27389
457	457	27397
465	465	27406
469	469	27414
483	483	27423
490	490	27432
497	497	27441
519	519	27450
528	528	27458
550	550	27467
560	560	27476
569	569	27484
604	604	27492
613	613	27500
613	613	27508
634	634	27516
642	642	27525
667	667	27533
672	672	27541
683	683	27550
687	687	27559
689	689	27568
696	696	27576
697	697	27585
699	699	27593
702	702	27601
704	704	27610
708	708	27618
710	710	27627
711	711	27636
716	716	27644
717	717	27653
723	723	27661
729	729	27670
730	730	27678
732	732	27687
737	737	27696
738	738	27704
744	744	27712
745	745	27721
746	746	27729
749	749	27737
750	750	27746
751	751	27755
753	753	27763
755	755	27772
755	755	27781
757	757	27790
757	757	27798
757	757	27806
757	757	27815
757	757	27824
757	757	27832
757	757	27840
757	757	27848
757	757	27856
756	756	27865
753	753	27874
750	750	27882
744	744	27890
743	743	27898
738	738	27906
736	736	27914
735	735	27922
731	731	27930
728	728	27938
724	724	27946
714	714	27954
712	712	27962
705	705	27971
704	704	27979
703	703	27988
701	701	27996
701	701	28004
701	701	28013
701	701	28021
701	701	28029
701	701	28037
701	701	28045
701	701	28054
701	701	28063
701	701	28072
701	701	28080
701	701	28088
701	701	28097
701	701	28105
701	701	28114
700	700	28122
699	699	28130
689	689	28138
683	683	28147
676	676	28155
657	657	28163
650	650	28172
626	626	28180
607	607	28189
581	581	28197
543	543	28205
529	529	28214
515	515	28222
473	473	28231
459	459	28240
445	445	28249
413	413	28257
402	402	28265
375	375	28274
365	365	28283
355	355	28291
327	327	28300
317	317	28308
308	308	28317
273	273	28326
248	248	28335
239	239	28343
230	230	28352
207	207	28360
199	199	28369
191	191	28377
172	172	28386
165	165	28394
151	151	28403
145	145	28411
140	140	28420
129	129	28428
125	125	28437
111	111	28446
108	108	28454
102	102	28462
99	99	28471
98	98	28479
94	94	28487
93	93	28496
91	91	28505
89	89	28513
85	85	28522
84	84	28530
83	83	28539
80	80	28547
78	78	28555
77	77	28564
73	73	28572
72	72	28581
69	69	28589
66	66	28598
64	64	28607
63	63	28615
60	60	28623
58	58	28632
56	56	28641
52	52	28649
50	50	28657
48	48	28665
43	43	28674
41	41	28683
36	36	28691
35	35	28700
34	34	28708
31	31	28716
28	28	28724
28	28	28732
26	26	28741
26	26	28750
26	26	28758
26	26	28767
26	26	28775
26	26	28783
26	26	28792
26	26	28801
26	26	28810
26	26	28818
26	26	28827
26	26	28835
26	26	28844
26	26	28852
26	26	28860
26	26	28868
26	26	28877
26	26	28886
26	26	28894
29	29	28902
31	31	28910
36	36	28918
40	40	28927
43	43	28935
52	52	28944
62	62	28953
68	68	28962
73	73	28970
90	90	28978
99	99	28986
123	123	28995
132	132	29004
143	143	29012
176	176	29020
189	189	29028
204	204	29036
244	244	29045
307	307	29053
322	322	29061
338	338	29069
387	387	29077
401	401	29085
414	414	29094
447	447	29103
459	459	29112
487	487	29121
497	497	29130
507	507	29139
533	533	29147
543	543	29156
568	568	29165
585	585	29173
585	585	29181
618	618	29189
625	625	29197
641	641	29206
648	648	29215
663	663	29224
669	669	29232
676	676	29241
693	693	29250
700	700	29259
706	706	29268
727	727	29276
734	734	29284
759	759	29293
768	768	29301
784	784	29310
790	790	29319
799	799	29327
813	813	29335
820	820	29344
832	832	29353
837	837	29362
841	841	29371
852	852	29379
856	856	29387
859	859	29396
866	866	29405
876	876	29413
878	878	29421
880	880	29430
886	886	29438
887	887	29446
890	890	29455
892	892	29463
893	893	29471
895	895	29479
897	897	29488
899	899	29497
900	900	29506
901	901	29515
902	902	29524
904	904	29532
907	907	29540
908	908	29549
912	912	29558
914	914	29566
916	916	29574
917	917	29583
919	919	29591
922	922	29600
924	924	29608
926	926	29616
929	929	29625
930	930	29633
931	931	29642
933	933	29651
933	933	29660
933	933	29668
933	933	29677
933	933	29685
933	933	29694
933	933	29702
933	933	29711
933	933	29720
933	933	29728
933	933	29736
933	933	29744
933	933	29753
933	933	29762
933	933	29771
927	927	29779
925	925	29787
917	917	29796
913	913	29805
902	902	29813
899	899	29822
890	890	29831
886	886	29840
879	879	29848
869	869	29856
854	854	29864
848	848	29873
840	840	29882
819	819	29890
810	810	29899
783	783	29907
773	773	29915
764	764	29923
741	741	29932
732	732	29941
700	700	29950
692	692	29958
669	669	29966
660	660	29975
650	650	29983
627	627	29992
618	618	30001
608	608	30010
584	584	30018
574	574	30026
549	549	30035
540	540	30043
530	530	30052
508	508	30061
500	500	30069
471	471	30078
464	464	30087
447	447	30096
442	442	30105
426	426	30113
421	421	30122
414	414	30131
396	396	30139
391	391	30147
384	384	30155
370	370	30163
363	363	30171
359	359	30180
344	344	30189
323	323	30198
316	316	30207
309	309	30216
292	292	30224
286	286	30232
265	265	30240
257	257	30248
249	249	30256
230	230	30266
222	222	30274
216	216	30282
197	197	30291
190	190	30299
174	174	30307
165	165	30315
159	159	30323
142	142	30332
135	135	30341
118	118	30350
114	114	30359
104	104	30368
101	101	30377
99	99	30386
92	92	30395
90	90	30404
88	88	30413
79	79	30422
75	75	30430
75	75	30438
73	73	30447
71	71	30455
69	69	30463
65	65	30472
64	64	30480
60	60	30489
60	60	30497
58	58	30506
56	56	30515
56	56	30523
56	56	30532
55	55	30540
55	55	30549
55	55	30557
55	55	30566
54	54	30575
54	54	30583
53	53	30591
52	52	30600
52	52	30608
51	51	30617
49	49	30626
47	47	30634
44	44	30642
43	43	30651
39	39	30659
38	38	30667
37	37	30676
34	34	30684
34	34	30693
33	33	30701
33	33	30709
33	33	30717
33	33	30726
33	33	30734
33	33	30743
33	33	30751
33	33	30759
