Digital_Input	Screen_Position_Y_axis(px)	time(ms)
538	538	8
538	538	16
538	538	24
538	538	33
538	538	42
538	538	51
538	538	60
538	538	68
538	538	78
538	538	87
538	538	95
538	538	103
538	538	112
538	538	120
538	538	128
538	538	136
538	538	144
538	538	153
538	538	162
538	538	170
538	538	178
538	538	187
538	538	195
538	538	203
538	538	212
538	538	221
538	538	230
538	538	238
538	538	246
538	538	254
538	538	263
538	538	271
538	538	280
538	538	289
538	538	298
538	538	306
538	538	315
538	538	324
538	538	332
538	538	341
538	538	349
538	538	357
538	538	365
538	538	373
538	538	381
538	538	389
538	538	397
538	538	405
538	538	413
538	538	422
538	538	430
538	538	438
538	538	446
538	538	455
538	538	464
538	538	473
538	538	482
538	538	490
538	538	498
538	538	507
538	538	516
538	538	525
538	538	534
538	538	543
538	538	551
538	538	560
538	538	568
538	538	577
538	538	586
538	538	595
538	538	603
538	538	611
538	538	619
538	538	628
537	537	636
532	532	645
530	530	653
526	526	662
514	514	671
506	506	680
484	484	689
475	475	697
469	469	706
417	417	714
400	400	723
387	387	731
352	352	739
340	340	747
306	306	755
293	293	763
281	281	771
253	253	780
242	242	789
231	231	797
205	205	805
195	195	813
170	170	821
161	161	829
152	152	837
129	129	846
122	122	855
115	115	864
102	102	873
98	98	881
91	91	890
87	87	899
85	85	907
84	84	915
77	77	923
74	74	932
65	65	941
63	63	950
60	60	959
53	53	968
51	51	976
49	49	985
45	45	993
43	43	1001
38	38	1010
36	36	1019
30	30	1028
29	29	1037
25	25	1045
23	23	1053
22	22	1061
20	20	1070
20	20	1078
20	20	1087
20	20	1095
20	20	1104
20	20	1112
20	20	1121
20	20	1130
20	20	1139
20	20	1148
20	20	1157
20	20	1166
20	20	1175
20	20	1184
20	20	1192
20	20	1200
20	20	1208
20	20	1217
20	20	1226
21	21	1235
23	23	1243
24	24	1251
26	26	1260
27	27	1268
29	29	1277
34	34	1285
36	36	1294
42	42	1302
45	45	1311
48	48	1319
56	56	1327
60	60	1336
68	68	1345
71	71	1353
85	85	1361
85	85	1369
104	104	1378
111	111	1386
129	129	1394
137	137	1403
143	143	1412
159	159	1420
165	165	1428
170	170	1436
182	182	1445
187	187	1453
199	199	1462
203	203	1470
206	206	1478
214	214	1487
217	217	1496
225	225	1505
228	228	1514
239	239	1522
241	241	1530
248	248	1538
252	252	1546
255	255	1554
266	266	1563
269	269	1572
274	274	1581
286	286	1589
292	292	1597
299	299	1606
321	321	1615
330	330	1624
356	356	1632
369	369	1641
382	382	1649
430	430	1657
430	430	1665
468	468	1674
494	494	1682
530	530	1690
544	544	1698
544	544	1706
588	588	1714
602	602	1722
632	632	1731
642	642	1739
652	652	1747
680	680	1756
689	689	1765
698	698	1774
725	725	1782
734	734	1790
758	758	1798
768	768	1806
776	776	1814
792	792	1822
797	797	1831
808	808	1839
811	811	1848
814	814	1856
818	818	1864
819	819	1872
824	824	1880
827	827	1889
832	832	1897
834	834	1906
840	840	1915
850	850	1924
853	853	1932
856	856	1940
864	864	1948
868	868	1956
871	871	1964
881	881	1972
885	885	1980
896	896	1988
900	900	1997
904	904	2005
918	918	2014
922	922	2022
926	926	2031
938	938	2039
943	943	2047
954	954	2055
958	958	2063
962	962	2071
970	970	2080
972	972	2088
976	976	2097
977	977	2106
981	981	2114
981	981	2123
982	982	2132
982	982	2140
982	982	2148
983	983	2157
984	984	2166
985	985	2175
986	986	2183
987	987	2192
992	992	2201
993	993	2209
995	995	2218
1001	1001	2226
1004	1004	2235
1006	1006	2244
1008	1008	2252
1011	1011	2260
1013	1013	2269
1016	1016	2277
1017	1017	2285
1020	1020	2294
1021	1021	2303
1021	1021	2311
1021	1021	2319
1021	1021	2327
1021	1021	2336
1021	1021	2345
1021	1021	2354
1021	1021	2363
1022	1022	2371
1023	1023	2379
1024	1024	2387
1024	1024	2395
1024	1024	2403
1024	1024	2411
1024	1024	2420
1024	1024	2429
1024	1024	2438
1024	1024	2446
1024	1024	2455
1024	1024	2463
1024	1024	2472
1024	1024	2480
1024	1024	2489
1024	1024	2498
1020	1020	2507
1017	1017	2516
1014	1014	2524
1007	1007	2533
1001	1001	2541
986	986	2550
982	982	2559
972	972	2567
968	968	2575
961	961	2584
944	944	2592
936	936	2600
913	913	2608
904	904	2617
860	860	2625
860	860	2634
821	821	2643
811	811	2651
801	801	2660
775	775	2669
765	765	2678
741	741	2687
731	731	2695
723	723	2703
701	701	2712
693	693	2721
686	686	2729
663	663	2737
655	655	2746
625	625	2755
617	617	2764
592	592	2773
584	584	2782
562	562	2791
554	554	2799
546	546	2807
527	527	2815
521	521	2824
515	515	2832
503	503	2841
497	497	2850
484	484	2859
480	480	2867
468	468	2875
463	463	2883
459	459	2891
449	449	2900
444	444	2909
435	435	2918
432	432	2926
428	428	2934
417	417	2943
413	413	2952
402	402	2960
395	395	2968
390	390	2976
377	377	2984
371	371	2992
366	366	3001
349	349	3010
336	336	3019
320	320	3027
311	311	3036
288	288	3045
280	280	3053
271	271	3062
248	248	3070
240	240	3079
222	222	3087
216	216	3095
210	210	3104
200	200	3112
195	195	3122
183	183	3131
180	180	3139
172	172	3147
168	168	3156
165	165	3164
155	155	3172
151	151	3180
141	141	3188
137	137	3197
133	133	3206
122	122	3215
118	118	3224
109	109	3232
105	105	3241
102	102	3249
89	89	3259
85	85	3267
74	74	3275
69	69	3284
63	63	3292
53	53	3301
50	50	3310
47	47	3318
47	47	3327
46	46	3336
46	46	3344
46	46	3353
46	46	3362
46	46	3371
46	46	3380
46	46	3389
46	46	3397
46	46	3406
43	43	3414
42	42	3422
40	40	3430
36	36	3438
33	33	3447
30	30	3457
26	26	3465
16	16	3474
16	16	3482
10	10	3491
9	9	3499
8	8	3508
8	8	3517
8	8	3526
8	8	3534
8	8	3542
8	8	3550
8	8	3558
8	8	3567
9	9	3575
10	10	3584
11	11	3592
12	12	3601
17	17	3609
17	17	3617
20	20	3625
34	34	3633
34	34	3641
40	40	3650
59	59	3659
65	65	3668
71	71	3676
90	90	3685
97	97	3694
120	120	3702
131	131	3711
140	140	3719
165	165	3727
174	174	3736
185	185	3745
216	216	3754
264	264	3762
276	276	3770
287	287	3779
320	320	3789
330	330	3798
342	342	3807
373	373	3816
385	385	3824
413	413	3832
424	424	3841
436	436	3850
473	473	3858
500	500	3867
509	509	3875
518	518	3883
543	543	3891
551	551	3899
559	559	3907
579	579	3915
586	586	3923
602	602	3932
607	607	3940
613	613	3948
628	628	3957
633	633	3966
640	640	3975
655	655	3983
660	660	3992
672	672	4001
678	678	4010
693	693	4018
697	697	4027
707	707	4036
712	712	4045
716	716	4053
726	726	4062
729	729	4070
733	733	4079
743	743	4087
746	746	4096
755	755	4105
759	759	4114
774	774	4122
778	778	4130
784	784	4138
784	784	4147
803	803	4155
818	818	4163
823	823	4172
829	829	4181
841	841	4190
845	845	4198
856	856	4207
860	860	4215
863	863	4224
872	872	4233
875	875	4241
878	878	4249
884	884	4258
887	887	4267
895	895	4276
897	897	4284
901	901	4292
902	902	4300
905	905	4309
907	907	4318
909	909	4327
913	913	4336
914	914	4344
918	918	4352
919	919	4361
921	921	4370
924	924	4378
925	925	4386
925	925	4395
926	926	4404
927	927	4412
927	927	4420
928	928	4428
930	930	4436
930	930	4444
933	933	4452
934	934	4460
935	935	4468
938	938	4476
939	939	4485
940	940	4494
944	944	4503
946	946	4512
951	951	4520
952	952	4529
953	953	4537
953	953	4546
953	953	4554
953	953	4562
953	953	4570
953	953	4578
953	953	4586
953	953	4595
953	953	4603
953	953	4612
953	953	4620
953	953	4628
953	953	4636
953	953	4645
952	952	4653
951	951	4663
950	950	4671
950	950	4679
948	948	4687
948	948	4696
947	947	4705
945	945	4714
945	945	4722
942	942	4730
939	939	4739
934	934	4747
930	930	4756
925	925	4765
913	913	4773
907	907	4781
891	891	4790
884	884	4799
877	877	4807
862	862	4815
848	848	4824
841	841	4833
833	833	4841
814	814	4850
798	798	4858
775	775	4866
765	765	4874
741	741	4883
731	731	4892
722	722	4901
697	697	4910
688	688	4918
665	665	4926
656	656	4935
647	647	4943
624	624	4951
615	615	4959
605	605	4968
579	579	4977
569	569	4986
535	535	4994
526	526	5002
499	499	5011
490	490	5019
479	479	5028
449	449	5036
438	438	5045
408	408	5053
395	395	5061
383	383	5069
344	344	5078
331	331	5086
291	291	5094
276	276	5102
259	259	5110
215	215	5118
202	202	5126
190	190	5134
156	156	5142
144	144	5150
112	112	5158
101	101	5166
90	90	5174
64	64	5182
56	56	5190
46	46	5199
28	28	5208
20	20	5216
5	5	5225
0	0	5233
0	0	5241
0	0	5250
0	0	5259
0	0	5268
0	0	5277
0	0	5286
0	0	5295
0	0	5305
0	0	5314
0	0	5322
0	0	5330
0	0	5338
0	0	5346
0	0	5355
0	0	5364
0	0	5372
0	0	5380
0	0	5389
0	0	5397
0	0	5405
0	0	5414
0	0	5422
2	2	5431
5	5	5439
10	10	5447
13	13	5456
17	17	5465
38	38	5473
38	38	5481
45	45	5489
59	59	5497
65	65	5505
77	77	5513
82	82	5522
101	101	5531
113	113	5540
118	118	5549
122	122	5558
131	131	5567
134	134	5576
138	138	5584
140	140	5592
142	142	5601
143	143	5610
147	147	5619
147	147	5628
148	148	5637
148	148	5646
148	148	5654
148	148	5663
148	148	5671
148	148	5680
148	148	5688
148	148	5696
148	148	5704
141	141	5713
137	137	5722
127	127	5731
124	124	5740
117	117	5749
115	115	5758
111	111	5767
109	109	5775
106	106	5784
100	100	5793
97	97	5801
88	88	5810
86	86	5819
81	81	5828
80	80	5837
78	78	5845
74	74	5854
74	74	5863
70	70	5871
69	69	5879
67	67	5888
65	65	5897
63	63	5906
60	60	5915
58	58	5923
55	55	5931
55	55	5941
53	53	5950
53	53	5959
52	52	5968
52	52	5977
51	51	5985
50	50	5994
47	47	6002
47	47	6010
44	44	6018
43	43	6027
42	42	6035
40	40	6043
40	40	6051
38	38	6060
38	38	6068
38	38	6077
37	37	6086
36	36	6094
35	35	6102
34	34	6110
34	34	6118
32	32	6127
32	32	6135
31	31	6144
31	31	6152
29	29	6160
28	28	6168
27	27	6176
27	27	6184
26	26	6192
25	25	6201
25	25	6210
25	25	6219
25	25	6227
25	25	6236
25	25	6245
25	25	6254
25	25	6263
33	33	6271
36	36	6280
39	39	6288
47	47	6296
50	50	6305
61	61	6314
71	71	6322
88	88	6331
96	96	6340
103	103	6348
117	117	6356
130	130	6364
136	136	6373
151	151	6382
157	157	6391
162	162	6399
176	176	6408
183	183	6417
188	188	6425
199	199	6434
205	205	6442
213	213	6450
216	216	6459
223	223	6467
224	224	6476
226	226	6484
229	229	6493
230	230	6501
235	235	6509
237	237	6518
239	239	6527
244	244	6536
246	246	6544
251	251	6553
254	254	6562
264	264	6571
265	265	6579
267	267	6587
273	273	6596
275	275	6604
277	277	6612
283	283	6621
286	286	6630
294	294	6639
296	296	6649
298	298	6658
304	304	6667
305	305	6676
305	305	6684
306	306	6692
307	307	6700
308	308	6708
310	310	6716
310	310	6725
312	312	6734
313	313	6743
313	313	6752
317	317	6761
319	319	6770
320	320	6779
321	321	6788
322	322	6796
323	323	6804
323	323	6812
324	324	6821
324	324	6830
324	324	6838
325	325	6846
325	325	6854
325	325	6862
325	325	6870
325	325	6878
325	325	6887
325	325	6896
326	326	6905
326	326	6914
326	326	6922
324	324	6930
323	323	6938
318	318	6947
316	316	6956
311	311	6965
308	308	6973
303	303	6981
293	293	6990
280	280	6998
276	276	7007
270	270	7015
255	255	7024
248	248	7032
228	228	7041
219	219	7049
184	184	7057
184	184	7066
165	165	7074
141	141	7082
132	132	7090
116	116	7098
109	109	7107
102	102	7115
89	89	7123
85	85	7131
79	79	7139
68	68	7148
63	63	7156
53	53	7165
50	50	7174
47	47	7183
42	42	7191
40	40	7199
38	38	7207
37	37	7216
33	33	7225
32	32	7233
30	30	7241
27	27	7250
23	23	7260
22	22	7268
21	21	7277
19	19	7285
19	19	7295
18	18	7304
17	17	7312
16	16	7320
16	16	7329
16	16	7338
16	16	7347
16	16	7355
16	16	7363
16	16	7372
16	16	7380
16	16	7389
16	16	7398
16	16	7406
16	16	7415
16	16	7423
16	16	7431
16	16	7440
16	16	7448
18	18	7456
19	19	7464
20	20	7472
27	27	7480
31	31	7489
33	33	7497
44	44	7505
49	49	7514
70	70	7523
74	74	7532
93	93	7540
99	99	7549
120	120	7558
128	128	7566
136	136	7575
154	154	7583
175	175	7592
181	181	7600
187	187	7608
202	202	7617
209	209	7627
235	235	7636
242	242	7645
255	255	7654
259	259	7662
263	263	7670
274	274	7679
278	278	7687
288	288	7695
291	291	7704
294	294	7712
301	301	7720
304	304	7728
307	307	7737
314	314	7745
319	319	7753
331	331	7761
335	335	7770
350	350	7778
356	356	7787
369	369	7795
376	376	7804
384	384	7812
405	405	7820
414	414	7828
422	422	7837
443	443	7846
450	450	7855
456	456	7864
478	478	7873
486	486	7881
518	518	7890
518	518	7899
551	551	7908
560	560	7917
581	581	7926
590	590	7934
597	597	7942
617	617	7951
625	625	7959
648	648	7967
656	656	7975
664	664	7983
680	680	7992
688	688	8001
695	695	8009
714	714	8017
721	721	8026
742	742	8034
748	748	8042
758	758	8050
763	763	8059
766	766	8068
775	775	8078
779	779	8087
790	790	8095
793	793	8105
798	798	8114
810	810	8123
820	820	8132
824	824	8141
827	827	8149
835	835	8158
840	840	8167
842	842	8176
845	845	8184
845	845	8192
845	845	8201
845	845	8210
845	845	8218
845	845	8226
845	845	8234
845	845	8242
845	845	8250
844	844	8259
842	842	8268
836	836	8276
832	832	8285
827	827	8293
810	810	8301
806	806	8310
791	791	8319
788	788	8327
782	782	8336
773	773	8344
769	769	8352
766	766	8360
761	761	8369
760	760	8377
755	755	8385
753	753	8394
747	747	8403
744	744	8412
741	741	8420
739	739	8428
738	738	8438
735	735	8446
732	732	8454
732	732	8462
729	729	8471
727	727	8479
726	726	8488
721	721	8496
719	719	8505
714	714	8514
712	712	8522
707	707	8530
706	706	8538
706	706	8547
702	702	8556
702	702	8566
700	700	8574
700	700	8582
699	699	8590
699	699	8598
699	699	8607
699	699	8616
699	699	8624
699	699	8632
699	699	8641
699	699	8649
699	699	8657
699	699	8665
699	699	8674
699	699	8682
699	699	8690
699	699	8699
699	699	8707
699	699	8715
699	699	8723
699	699	8732
699	699	8741
699	699	8750
699	699	8759
699	699	8768
699	699	8776
699	699	8785
699	699	8793
699	699	8802
699	699	8810
699	699	8818
699	699	8827
699	699	8835
699	699	8844
699	699	8852
699	699	8860
699	699	8868
699	699	8876
699	699	8884
699	699	8892
699	699	8900
699	699	8909
699	699	8918
699	699	8926
699	699	8934
699	699	8942
699	699	8950
699	699	8959
699	699	8967
699	699	8975
699	699	8983
699	699	8992
699	699	9001
699	699	9009
699	699	9018
699	699	9027
699	699	9036
699	699	9044
699	699	9053
699	699	9062
699	699	9071
699	699	9080
699	699	9088
699	699	9097
699	699	9105
699	699	9114
699	699	9123
699	699	9131
699	699	9139
699	699	9147
699	699	9156
699	699	9165
699	699	9174
699	699	9183
699	699	9192
699	699	9201
699	699	9209
699	699	9218
699	699	9226
699	699	9234
699	699	9242
699	699	9250
699	699	9258
699	699	9267
698	698	9275
698	698	9283
698	698	9292
698	698	9301
698	698	9310
697	697	9318
695	695	9326
695	695	9335
694	694	9344
691	691	9352
690	690	9360
689	689	9369
684	684	9377
683	683	9385
678	678	9394
672	672	9402
665	665	9412
653	653	9421
647	647	9430
641	641	9438
613	613	9446
604	604	9455
592	592	9463
556	556	9472
544	544	9480
505	505	9489
488	488	9497
472	472	9505
422	422	9514
360	360	9522
344	344	9531
330	330	9540
295	295	9549
281	281	9558
251	251	9566
238	238	9574
228	228	9582
203	203	9590
195	195	9598
188	188	9607
176	176	9615
172	172	9624
167	167	9632
159	159	9640
156	156	9648
152	152	9656
150	150	9664
148	148	9672
145	145	9680
142	142	9688
139	139	9696
138	138	9704
136	136	9712
135	135	9721
133	133	9729
131	131	9737
130	130	9745
127	127	9753
127	127	9762
121	121	9771
120	120	9780
118	118	9789
113	113	9798
110	110	9807
104	104	9815
103	103	9823
101	101	9832
95	95	9840
93	93	9848
89	89	9857
80	80	9866
68	68	9875
65	65	9883
62	62	9892
56	56	9901
54	54	9909
52	52	9917
48	48	9926
47	47	9935
43	43	9943
42	42	9952
40	40	9961
37	37	9969
35	35	9977
33	33	9986
31	31	9994
31	31	10003
28	28	10012
27	27	10021
27	27	10029
27	27	10037
27	27	10045
27	27	10054
27	27	10063
559	559	10072
559	559	10081
559	559	10089
559	559	10097
559	559	10106
559	559	10114
559	559	10123
559	559	10132
559	559	10140
559	559	10148
559	559	10157
559	559	10165
559	559	10174
559	559	10182
559	559	10190
559	559	10198
559	559	10206
559	559	10214
559	559	10223
559	559	10231
559	559	10240
559	559	10248
559	559	10257
559	559	10266
559	559	10275
559	559	10283
559	559	10291
559	559	10299
559	559	10308
559	559	10317
559	559	10326
559	559	10334
559	559	10342
559	559	10350
559	559	10358
559	559	10366
559	559	10375
559	559	10384
559	559	10393
559	559	10401
559	559	10410
559	559	10418
559	559	10427
559	559	10435
559	559	10443
559	559	10451
559	559	10459
559	559	10467
559	559	10476
559	559	10485
559	559	10493
559	559	10501
559	559	10509
559	559	10518
559	559	10526
559	559	10535
559	559	10543
559	559	10551
559	559	10559
559	559	10567
559	559	10575
559	559	10583
559	559	10591
559	559	10599
559	559	10608
559	559	10616
559	559	10624
559	559	10633
559	559	10641
559	559	10649
559	559	10657
559	559	10665
559	559	10673
559	559	10681
559	559	10689
559	559	10697
559	559	10706
559	559	10715
559	559	10723
559	559	10732
559	559	10740
559	559	10749
559	559	10758
559	559	10766
559	559	10774
559	559	10782
559	559	10791
559	559	10800
559	559	10809
559	559	10818
559	559	10827
559	559	10836
559	559	10844
559	559	10852
559	559	10861
559	559	10869
559	559	10878
559	559	10887
559	559	10895
559	559	10904
557	557	10912
556	556	10920
555	555	10929
555	555	10937
554	554	10946
553	553	10955
553	553	10963
551	551	10971
551	551	10980
550	550	10989
550	550	10997
550	550	11006
548	548	11014
548	548	11023
547	547	11031
547	547	11040
547	547	11048
547	547	11057
547	547	11065
547	547	11074
547	547	11082
547	547	11091
547	547	11100
547	547	11108
547	547	11116
547	547	11124
547	547	11132
547	547	11141
547	547	11149
547	547	11157
547	547	11165
547	547	11173
547	547	11181
547	547	11190
547	547	11198
547	547	11207
547	547	11216
547	547	11224
547	547	11232
547	547	11240
547	547	11248
547	547	11256
547	547	11264
547	547	11272
547	547	11280
547	547	11288
547	547	11297
547	547	11306
547	547	11314
547	547	11323
547	547	11331
547	547	11340
547	547	11348
547	547	11357
547	547	11366
547	547	11375
545	545	11383
530	530	11392
530	530	11401
513	513	11409
499	499	11418
494	494	11427
473	473	11435
464	464	11444
456	456	11452
430	430	11460
419	419	11468
410	410	11476
381	381	11484
368	368	11492
333	333	11500
322	322	11508
311	311	11516
276	276	11524
264	264	11533
234	234	11541
221	221	11549
210	210	11557
178	178	11565
166	166	11574
155	155	11583
128	128	11591
119	119	11600
93	93	11609
86	86	11618
68	68	11627
63	63	11636
57	57	11645
47	47	11654
42	42	11664
31	31	11672
29	29	11680
24	24	11689
22	22	11698
18	18	11706
16	16	11714
15	15	11722
12	12	11730
10	10	11739
8	8	11747
7	7	11756
6	6	11765
5	5	11773
5	5	11781
4	4	11789
4	4	11797
3	3	11806
1	1	11814
1	1	11822
1	1	11830
1	1	11838
1	1	11846
1	1	11854
1	1	11862
1	1	11870
1	1	11878
1	1	11886
1	1	11895
1	1	11903
1	1	11912
1	1	11920
1	1	11929
1	1	11937
1	1	11946
1	1	11955
1	1	11964
1	1	11972
1	1	11981
1	1	11990
2	2	11998
4	4	12007
4	4	12015
4	4	12023
5	5	12031
5	5	12040
7	7	12049
8	8	12058
9	9	12067
9	9	12076
10	10	12084
11	11	12094
11	11	12103
12	12	12112
12	12	12121
14	14	12130
14	14	12138
14	14	12146
15	15	12155
16	16	12163
17	17	12171
17	17	12179
17	17	12187
18	18	12196
19	19	12204
20	20	12213
20	20	12221
21	21	12230
22	22	12238
23	23	12247
23	23	12255
24	24	12264
25	25	12272
25	25	12280
25	25	12288
25	25	12296
25	25	12305
25	25	12314
25	25	12322
25	25	12331
25	25	12339
25	25	12348
25	25	12357
25	25	12366
25	25	12375
25	25	12383
26	26	12391
26	26	12400
32	32	12409
36	36	12418
38	38	12427
41	41	12435
48	48	12443
51	51	12452
58	58	12461
62	62	12469
71	71	12478
77	77	12487
81	81	12496
98	98	12505
113	113	12514
118	118	12523
125	125	12532
140	140	12541
145	145	12550
151	151	12558
165	165	12567
172	172	12576
189	189	12584
201	201	12592
216	216	12601
221	221	12610
237	237	12619
243	243	12628
249	249	12637
267	267	12646
274	274	12654
280	280	12662
298	298	12671
304	304	12680
331	331	12688
340	340	12696
340	340	12704
365	365	12712
373	373	12720
392	392	12729
400	400	12737
419	419	12745
425	425	12753
433	433	12761
454	454	12770
463	463	12778
485	485	12787
494	494	12795
502	502	12803
529	529	12811
539	539	12819
549	549	12827
573	573	12835
582	582	12844
592	592	12852
614	614	12860
621	621	12868
639	639	12877
647	647	12885
653	653	12894
667	667	12902
672	672	12910
683	683	12919
689	689	12927
693	693	12935
706	706	12944
725	725	12952
731	731	12961
738	738	12970
755	755	12979
760	760	12988
767	767	12996
783	783	13006
790	790	13014
808	808	13022
815	815	13031
823	823	13040
848	848	13048
868	868	13056
875	875	13064
883	883	13072
903	903	13080
910	910	13088
918	918	13096
933	933	13104
939	939	13113
945	945	13122
958	958	13131
964	964	13140
977	977	13149
984	984	13158
988	988	13167
998	998	13176
1012	1012	13184
1015	1015	13193
1019	1019	13202
1026	1026	13210
1029	1029	13219
1035	1035	13228
1037	1037	13236
1038	1038	13244
1041	1041	13253
1042	1042	13262
1045	1045	13270
1046	1046	13279
1047	1047	13288
1049	1049	13296
1049	1049	13304
1049	1049	13312
1049	1049	13320
1049	1049	13328
1049	1049	13336
1049	1049	13344
1049	1049	13352
1049	1049	13360
1049	1049	13368
1049	1049	13377
1049	1049	13386
1049	1049	13394
1049	1049	13402
1049	1049	13410
1049	1049	13419
1049	1049	13428
1049	1049	13437
1049	1049	13445
1049	1049	13453
1049	1049	13461
1049	1049	13469
1049	1049	13477
1049	1049	13485
1048	1048	13494
1045	1045	13502
1042	1042	13511
1039	1039	13520
1022	1022	13529
1005	1005	13538
997	997	13547
993	993	13555
977	977	13563
963	963	13571
957	957	13579
950	950	13587
931	931	13595
920	920	13603
893	893	13611
883	883	13619
872	872	13627
840	840	13635
829	829	13643
817	817	13651
787	787	13660
776	776	13670
750	750	13679
740	740	13687
730	730	13695
704	704	13703
694	694	13712
656	656	13721
646	646	13730
620	620	13738
609	609	13746
600	600	13755
576	576	13764
566	566	13773
546	546	13781
538	538	13789
530	530	13798
512	512	13806
505	505	13814
497	497	13822
481	481	13830
460	460	13840
456	456	13848
449	449	13857
433	433	13866
426	426	13874
418	418	13882
397	397	13890
389	389	13898
367	367	13907
359	359	13915
351	351	13924
333	333	13932
324	324	13940
302	302	13949
293	293	13958
283	283	13966
261	261	13975
252	252	13983
220	220	13991
220	220	13999
185	185	14007
185	185	14016
165	165	14025
141	141	14034
132	132	14043
124	124	14052
106	106	14061
99	99	14070
83	83	14079
78	78	14088
59	59	14096
55	55	14104
44	44	14112
41	41	14121
37	37	14129
29	29	14138
26	26	14146
24	24	14154
19	19	14163
18	18	14172
14	14	14180
12	12	14188
8	8	14197
7	7	14205
7	7	14214
5	5	14223
5	5	14231
5	5	14239
5	5	14248
5	5	14256
5	5	14265
5	5	14274
5	5	14282
5	5	14290
5	5	14299
5	5	14307
5	5	14315
5	5	14324
5	5	14332
5	5	14340
5	5	14348
5	5	14357
5	5	14365
5	5	14373
6	6	14381
8	8	14389
9	9	14397
11	11	14405
12	12	14413
14	14	14421
14	14	14429
17	17	14438
18	18	14447
22	22	14456
26	26	14464
29	29	14473
29	29	14482
31	31	14490
32	32	14498
33	33	14506
34	34	14515
35	35	14523
36	36	14531
36	36	14539
36	36	14547
36	36	14555
37	37	14564
37	37	14572
37	37	14581
37	37	14590
37	37	14598
37	37	14607
37	37	14616
39	39	14625
41	41	14633
45	45	14642
46	46	14651
52	52	14660
54	54	14668
57	57	14676
67	67	14684
71	71	14693
78	78	14702
93	93	14710
103	103	14719
108	108	14728
148	148	14737
157	157	14746
180	180	14755
188	188	14763
198	198	14771
222	222	14779
232	232	14788
243	243	14796
275	275	14805
286	286	14813
319	319	14821
330	330	14829
341	341	14838
370	370	14846
380	380	14855
409	409	14864
428	428	14872
453	453	14881
462	462	14890
487	487	14898
497	497	14907
506	506	14915
529	529	14924
537	537	14932
544	544	14940
562	562	14948
569	569	14956
575	575	14965
588	588	14974
592	592	14983
603	603	14992
613	613	15001
623	623	15010
629	629	15018
640	640	15026
644	644	15035
649	649	15044
661	661	15053
667	667	15062
671	671	15071
683	683	15080
700	700	15088
703	703	15096
707	707	15105
718	718	15114
723	723	15122
728	728	15130
741	741	15139
745	745	15148
757	757	15156
763	763	15165
766	766	15175
776	776	15183
780	780	15192
795	795	15200
799	799	15209
808	808	15217
811	811	15226
815	815	15234
823	823	15242
827	827	15250
835	835	15258
837	837	15266
840	840	15275
846	846	15283
848	848	15292
851	851	15301
856	856	15310
858	858	15318
862	862	15326
863	863	15335
866	866	15343
869	869	15352
876	876	15361
879	879	15370
884	884	15378
886	886	15386
887	887	15395
890	890	15404
891	891	15413
892	892	15422
894	894	15431
894	894	15440
898	898	15449
899	899	15457
902	902	15466
904	904	15474
905	905	15482
906	906	15490
908	908	15498
910	910	15507
910	910	15516
912	912	15525
913	913	15534
915	915	15543
917	917	15551
919	919	15559
921	921	15567
922	922	15576
924	924	15585
924	924	15593
924	924	15601
924	924	15610
924	924	15619
924	924	15628
924	924	15637
924	924	15645
924	924	15653
924	924	15662
924	924	15670
924	924	15679
924	924	15687
924	924	15696
925	925	15704
925	925	15713
925	925	15722
925	925	15730
925	925	15739
925	925	15747
925	925	15756
925	925	15764
925	925	15773
925	925	15782
925	925	15790
925	925	15799
925	925	15808
925	925	15817
924	924	15825
923	923	15833
921	921	15842
920	920	15850
920	920	15859
918	918	15867
918	918	15875
917	917	15883
916	916	15891
916	916	15899
916	916	15908
915	915	15916
913	913	15924
911	911	15932
910	910	15940
902	902	15948
896	896	15956
891	891	15964
873	873	15972
866	866	15980
858	858	15989
839	839	15997
811	811	16006
802	802	16014
768	768	16023
754	754	16031
699	699	16040
699	699	16049
669	669	16057
614	614	16065
598	598	16073
549	549	16081
534	534	16090
521	521	16098
489	489	16108
475	475	16116
443	443	16125
432	432	16134
422	422	16142
393	393	16150
382	382	16158
372	372	16167
347	347	16175
338	338	16183
329	329	16191
304	304	16200
278	278	16209
273	273	16218
267	267	16227
253	253	16236
247	247	16244
235	235	16252
230	230	16260
224	224	16269
212	212	16278
208	208	16286
197	197	16294
192	192	16302
189	189	16311
179	179	16320
170	170	16329
158	158	16337
152	152	16345
148	148	16354
137	137	16362
133	133	16370
128	128	16378
126	126	16386
124	124	16395
124	124	16403
123	123	16411
121	121	16420
120	120	16428
119	119	16436
118	118	16444
116	116	16452
115	115	16461
114	114	16469
112	112	16477
108	108	16485
107	107	16493
105	105	16502
104	104	16511
99	99	16519
99	99	16527
97	97	16535
96	96	16543
92	92	16551
91	91	16560
85	85	16569
84	84	16578
81	81	16587
80	80	16595
79	79	16604
78	78	16613
78	78	16622
76	76	16631
76	76	16640
72	72	16649
70	70	16658
70	70	16666
67	67	16674
66	66	16683
64	64	16691
62	62	16700
61	61	16709
58	58	16718
56	56	16727
55	55	16735
51	51	16744
44	44	16753
42	42	16761
41	41	16769
35	35	16778
33	33	16786
29	29	16794
28	28	16802
26	26	16810
22	22	16818
21	21	16827
19	19	16835
15	15	16843
13	13	16852
10	10	16861
9	9	16869
9	9	16877
6	6	16885
5	5	16894
4	4	16902
4	4	16910
4	4	16918
4	4	16926
4	4	16934
4	4	16942
4	4	16950
4	4	16958
4	4	16966
4	4	16975
4	4	16983
4	4	16992
4	4	17000
4	4	17009
6	6	17018
8	8	17026
11	11	17035
12	12	17044
17	17	17053
19	19	17061
22	22	17069
29	29	17077
32	32	17085
34	34	17094
40	40	17103
44	44	17112
51	51	17120
54	54	17129
61	61	17137
64	64	17146
67	67	17155
73	73	17164
76	76	17172
82	82	17180
85	85	17189
88	88	17198
93	93	17206
96	96	17214
102	102	17222
104	104	17230
105	105	17239
108	108	17248
110	110	17256
112	112	17264
113	113	17272
115	115	17281
117	117	17290
119	119	17299
123	123	17308
126	126	17317
129	129	17325
137	137	17333
141	141	17342
151	151	17350
155	155	17358
159	159	17367
171	171	17375
177	177	17384
193	193	17392
196	196	17400
206	206	17408
211	211	17416
215	215	17424
228	228	17432
241	241	17441
245	245	17449
256	256	17458
260	260	17466
264	264	17474
275	275	17482
278	278	17491
281	281	17499
287	287	17507
289	289	17515
291	291	17523
294	294	17531
295	295	17540
297	297	17548
299	299	17556
306	306	17565
307	307	17573
310	310	17581
315	315	17590
317	317	17599
323	323	17607
324	324	17616
330	330	17624
331	331	17633
333	333	17641
337	337	17649
338	338	17657
341	341	17665
342	342	17673
343	343	17681
345	345	17690
345	345	17698
345	345	17706
345	345	17715
345	345	17723
345	345	17731
345	345	17740
345	345	17748
345	345	17756
345	345	17764
345	345	17772
345	345	17780
345	345	17788
345	345	17796
345	345	17804
345	345	17812
342	342	17821
340	340	17830
336	336	17839
334	334	17847
331	331	17856
323	323	17864
316	316	17873
312	312	17881
308	308	17890
297	297	17898
292	292	17907
277	277	17916
273	273	17924
263	263	17932
259	259	17941
247	247	17950
242	242	17959
235	235	17967
220	220	17976
215	215	17984
194	194	17993
188	188	18001
178	178	18010
173	173	18018
170	170	18026
162	162	18034
158	158	18042
155	155	18051
147	147	18060
144	144	18069
136	136	18077
133	133	18086
131	131	18094
125	125	18103
123	123	18112
119	119	18120
114	114	18128
112	112	18137
109	109	18145
104	104	18153
102	102	18162
97	97	18171
95	95	18180
93	93	18188
87	87	18196
84	84	18205
82	82	18214
76	76	18222
74	74	18230
71	71	18238
64	64	18247
55	55	18256
53	53	18264
50	50	18273
42	42	18281
40	40	18290
34	34	18299
32	32	18307
31	31	18315
27	27	18323
25	25	18331
24	24	18339
20	20	18348
19	19	18356
16	16	18364
15	15	18372
13	13	18381
12	12	18389
11	11	18397
11	11	18406
11	11	18414
11	11	18423
11	11	18431
11	11	18440
11	11	18448
11	11	18457
11	11	18465
11	11	18474
11	11	18482
11	11	18490
11	11	18499
11	11	18507
11	11	18516
12	12	18525
14	14	18534
15	15	18542
16	16	18550
20	20	18559
22	22	18568
27	27	18577
29	29	18585
36	36	18593
38	38	18601
42	42	18610
47	47	18619
54	54	18627
57	57	18635
60	60	18643
69	69	18652
72	72	18661
82	82	18670
85	85	18679
89	89	18687
99	99	18696
119	119	18705
126	126	18713
132	132	18722
150	150	18730
156	156	18739
163	163	18748
179	179	18757
187	187	18766
194	194	18775
214	214	18783
222	222	18791
241	241	18800
249	249	18809
280	280	18818
289	289	18826
316	316	18834
325	325	18842
334	334	18850
359	359	18858
368	368	18867
376	376	18875
401	401	18884
410	410	18892
435	435	18900
443	443	18909
451	451	18917
465	465	18925
472	472	18934
479	479	18942
492	492	18951
497	497	18959
513	513	18967
520	520	18975
547	547	18984
547	547	18993
571	571	19001
576	576	19010
583	583	19019
595	595	19027
600	600	19035
604	604	19044
615	615	19053
619	619	19061
631	631	19069
634	634	19078
639	639	19087
650	650	19095
666	666	19104
670	670	19113
674	674	19122
682	682	19131
684	684	19140
687	687	19149
692	692	19159
695	695	19168
700	700	19177
704	704	19185
705	705	19193
707	707	19201
709	709	19210
710	710	19219
712	712	19228
712	712	19236
712	712	19245
712	712	19254
712	712	19263
713	713	19272
713	713	19281
713	713	19290
713	713	19299
713	713	19307
713	713	19315
713	713	19323
713	713	19331
711	711	19339
710	710	19348
707	707	19356
706	706	19364
704	704	19372
699	699	19380
698	698	19388
695	695	19396
691	691	19404
688	688	19412
681	681	19420
677	677	19428
672	672	19436
663	663	19444
659	659	19452
645	645	19460
640	640	19468
635	635	19476
621	621	19485
615	615	19494
610	610	19502
589	589	19510
578	578	19519
558	558	19527
538	538	19535
530	530	19544
501	501	19553
492	492	19562
484	484	19570
461	461	19578
454	454	19587
446	446	19595
430	430	19603
422	422	19611
402	402	19620
394	394	19628
386	386	19636
366	366	19644
358	358	19652
338	338	19660
329	329	19669
323	323	19677
308	308	19685
302	302	19694
287	287	19702
280	280	19710
272	272	19718
256	256	19726
249	249	19734
243	243	19743
224	224	19752
197	197	19760
190	190	19768
182	182	19776
159	159	19785
151	151	19794
143	143	19803
121	121	19811
113	113	19820
99	99	19828
93	93	19837
88	88	19845
75	75	19854
69	69	19862
64	64	19870
49	49	19878
45	45	19887
32	32	19896
21	21	19905
10	10	19913
7	7	19921
0	0	19929
0	0	19938
0	0	19946
0	0	19955
0	0	19965
0	0	19974
0	0	19982
0	0	19990
0	0	19998
0	0	20007
0	0	20015
0	0	20024
0	0	20033
0	0	20041
0	0	20050
0	0	20059
0	0	20068
0	0	20076
0	0	20084
0	0	20093
2	2	20102
4	4	20111
6	6	20120
9	9	20128
11	11	20137
12	12	20146
16	16	20155
17	17	20164
19	19	20172
23	23	20180
25	25	20188
27	27	20196
33	33	20204
34	34	20212
37	37	20220
285	285	20229
285	285	20237
285	285	20245
285	285	20253
285	285	20261
285	285	20270
285	285	20279
285	285	20288
285	285	20297
285	285	20305
285	285	20313
285	285	20321
285	285	20329
285	285	20337
285	285	20345
285	285	20353
285	285	20361
285	285	20369
285	285	20378
285	285	20386
285	285	20394
285	285	20403
285	285	20412
285	285	20421
285	285	20429
285	285	20437
285	285	20445
285	285	20453
285	285	20461
285	285	20469
285	285	20477
285	285	20486
285	285	20494
285	285	20503
285	285	20512
285	285	20521
285	285	20529
285	285	20537
285	285	20545
285	285	20553
285	285	20561
285	285	20569
285	285	20577
285	285	20586
285	285	20595
285	285	20604
285	285	20612
285	285	20620
285	285	20629
285	285	20637
285	285	20646
285	285	20654
285	285	20662
285	285	20670
285	285	20678
285	285	20687
285	285	20696
285	285	20704
285	285	20712
285	285	20721
285	285	20730
285	285	20738
285	285	20747
285	285	20756
288	288	20765
290	290	20773
291	291	20781
294	294	20789
296	296	20797
299	299	20806
301	301	20815
303	303	20824
308	308	20832
310	310	20840
312	312	20848
318	318	20857
328	328	20865
330	330	20873
333	333	20881
339	339	20890
342	342	20898
350	350	20907
353	353	20915
357	357	20923
364	364	20931
367	367	20939
370	370	20947
376	376	20956
379	379	20965
387	387	20973
389	389	20981
392	392	20989
398	398	20998
401	401	21007
404	404	21015
408	408	21023
410	410	21032
414	414	21040
415	415	21048
417	417	21057
423	423	21065
426	426	21074
428	428	21082
430	430	21090
435	435	21099
437	437	21107
443	443	21116
445	445	21125
446	446	21133
449	449	21141
450	450	21150
452	452	21158
454	454	21167
454	454	21176
455	455	21184
456	456	21193
457	457	21202
458	458	21210
458	458	21219
458	458	21227
458	458	21235
458	458	21243
458	458	21252
458	458	21260
458	458	21268
458	458	21276
458	458	21285
458	458	21293
458	458	21301
458	458	21309
458	458	21317
458	458	21325
458	458	21333
458	458	21341
457	457	21349
453	453	21357
452	452	21365
449	449	21374
447	447	21383
446	446	21392
443	443	21400
441	441	21408
437	437	21416
436	436	21426
434	434	21435
433	433	21444
433	433	21452
433	433	21460
433	433	21468
433	433	21476
433	433	21485
433	433	21493
433	433	21501
433	433	21509
433	433	21517
433	433	21525
432	432	21533
431	431	21542
431	431	21550
431	431	21559
431	431	21567
431	431	21576
431	431	21585
431	431	21593
431	431	21601
431	431	21609
431	431	21617
431	431	21625
431	431	21633
431	431	21641
431	431	21649
432	432	21658
434	434	21667
436	436	21676
438	438	21685
439	439	21694
441	441	21702
442	442	21710
442	442	21718
443	443	21726
444	444	21734
446	446	21742
447	447	21750
448	448	21758
449	449	21766
451	451	21775
453	453	21784
455	455	21793
460	460	21801
464	464	21810
466	466	21819
467	467	21827
470	470	21836
471	471	21845
475	475	21854
477	477	21862
478	478	21870
481	481	21879
483	483	21887
483	483	21895
484	484	21904
486	486	21912
486	486	21921
487	487	21929
488	488	21937
489	489	21945
489	489	21953
491	491	21961
492	492	21970
493	493	21979
495	495	21988
496	496	21997
497	497	22006
498	498	22014
500	500	22022
501	501	22031
502	502	22040
503	503	22049
504	504	22058
505	505	22066
506	506	22075
507	507	22083
508	508	22091
508	508	22099
509	509	22108
509	509	22117
510	510	22126
511	511	22135
511	511	22144
512	512	22152
513	513	22160
513	513	22168
514	514	22176
515	515	22184
515	515	22193
516	516	22201
516	516	22209
517	517	22218
517	517	22226
517	517	22235
517	517	22243
517	517	22251
517	517	22259
517	517	22268
517	517	22276
517	517	22285
517	517	22293
517	517	22302
517	517	22310
517	517	22318
517	517	22326
517	517	22335
517	517	22343
517	517	22351
517	517	22360
517	517	22368
517	517	22376
517	517	22385
517	517	22393
516	516	22402
515	515	22411
514	514	22420
513	513	22428
511	511	22436
511	511	22444
508	508	22452
507	507	22460
504	504	22468
502	502	22476
499	499	22484
489	489	22493
482	482	22502
469	469	22510
461	461	22519
441	441	22527
433	433	22536
412	412	22545
399	399	22553
387	387	22562
384	384	22570
380	380	22578
372	372	22586
368	368	22594
360	360	22602
357	357	22611
354	354	22620
347	347	22629
344	344	22637
336	336	22645
333	333	22653
330	330	22661
321	321	22669
318	318	22678
315	315	22687
308	308	22695
304	304	22704
296	296	22713
287	287	22721
275	275	22729
269	269	22737
254	254	22745
247	247	22754
240	240	22763
225	225	22772
217	217	22781
212	212	22789
197	197	22797
192	192	22806
188	188	22814
178	178	22822
173	173	22831
164	164	22839
159	159	22847
155	155	22855
147	147	22864
143	143	22873
132	132	22881
130	130	22889
123	123	22897
118	118	22905
115	115	22914
109	109	22922
106	106	22930
99	99	22938
97	97	22947
94	94	22955
89	89	22963
87	87	22971
83	83	22979
82	82	22987
80	80	22995
76	76	23003
76	76	23012
73	73	23020
72	72	23028
68	68	23037
67	67	23045
66	66	23053
64	64	23061
63	63	23070
63	63	23078
61	61	23087
60	60	23095
57	57	23103
55	55	23111
53	53	23120
50	50	23129
48	48	23137
46	46	23145
44	44	23153
42	42	23162
41	41	23170
40	40	23179
38	38	23187
38	38	23195
37	37	23203
37	37	23211
37	37	23219
37	37	23228
37	37	23236
37	37	23244
37	37	23252
37	37	23260
37	37	23269
37	37	23278
37	37	23286
37	37	23295
37	37	23304
37	37	23313
36	36	23321
36	36	23329
36	36	23337
36	36	23346
36	36	23355
36	36	23363
36	36	23371
36	36	23379
36	36	23387
36	36	23395
36	36	23403
37	37	23412
39	39	23420
40	40	23428
43	43	23436
47	47	23444
50	50	23452
57	57	23460
60	60	23468
69	69	23476
72	72	23485
81	81	23493
84	84	23501
87	87	23510
97	97	23519
101	101	23527
104	104	23535
112	112	23543
117	117	23551
125	125	23559
129	129	23568
132	132	23577
145	145	23586
148	148	23594
157	157	23603
162	162	23611
171	171	23620
177	177	23628
182	182	23636
192	192	23645
198	198	23653
211	211	23662
218	218	23670
225	225	23679
238	238	23687
242	242	23696
248	248	23704
260	260	23713
274	274	23721
277	277	23729
280	280	23738
288	288	23747
292	292	23755
296	296	23764
306	306	23773
309	309	23781
315	315	23789
319	319	23798
322	322	23807
330	330	23816
335	335	23825
351	351	23834
357	357	23842
366	366	23851
371	371	23859
375	375	23867
387	387	23875
391	391	23883
402	402	23891
406	406	23899
412	412	23907
425	425	23915
430	430	23924
447	447	23932
454	454	23941
461	461	23949
478	478	23957
485	485	23965
493	493	23973
508	508	23982
515	515	23991
521	521	24000
534	534	24009
552	552	24018
557	557	24027
563	563	24035
575	575	24044
580	580	24053
595	595	24061
602	602	24069
607	607	24078
619	619	24087
623	623	24096
629	629	24105
645	645	24113
654	654	24122
657	657	24130
661	661	24139
671	671	24147
674	674	24156
677	677	24164
685	685	24172
688	688	24181
697	697	24189
700	700	24198
704	704	24206
714	714	24214
717	717	24223
726	726	24231
730	730	24240
734	734	24249
748	748	24257
752	752	24265
763	763	24273
768	768	24282
780	780	24291
785	785	24300
791	791	24308
804	804	24317
809	809	24326
813	813	24334
824	824	24343
828	828	24352
838	838	24360
842	842	24368
846	846	24376
858	858	24385
873	873	24394
877	877	24402
882	882	24411
895	895	24420
901	901	24429
906	906	24437
917	917	24445
920	920	24454
925	925	24464
926	926	24473
928	928	24481
928	928	24489
928	928	24497
928	928	24505
928	928	24513
928	928	24521
928	928	24530
928	928	24538
928	928	24546
928	928	24557
928	928	24566
924	924	24574
920	920	24582
916	916	24590
913	913	24599
907	907	24607
903	903	24615
900	900	24623
894	894	24631
892	892	24640
887	887	24648
885	885	24656
882	882	24664
877	877	24673
871	871	24681
869	869	24690
868	868	24698
865	865	24707
865	865	24715
862	862	24723
862	862	24732
860	860	24740
859	859	24748
859	859	24756
858	858	24764
857	857	24772
856	856	24781
856	856	24790
856	856	24799
856	856	24808
856	856	24817
856	856	24825
856	856	24834
856	856	24843
856	856	24852
856	856	24860
856	856	24868
856	856	24876
857	857	24885
860	860	24893
865	865	24901
869	869	24909
871	871	24917
874	874	24925
879	879	24934
881	881	24942
887	887	24950
889	889	24959
892	892	24968
898	898	24976
901	901	24984
906	906	24993
909	909	25001
917	917	25009
919	919	25017
922	922	25025
928	928	25033
931	931	25041
937	937	25049
940	940	25057
942	942	25066
948	948	25075
950	950	25084
952	952	25092
958	958	25100
961	961	25108
968	968	25116
971	971	25125
974	974	25133
982	982	25142
984	984	25150
990	990	25158
992	992	25166
994	994	25174
999	999	25182
1001	1001	25190
1002	1002	25199
1004	1004	25207
1005	1005	25215
1008	1008	25223
1008	1008	25231
1010	1010	25239
1011	1011	25247
1011	1011	25255
1013	1013	25263
1014	1014	25271
1016	1016	25279
1016	1016	25287
1017	1017	25296
1019	1019	25305
1020	1020	25313
1021	1021	25321
1022	1022	25329
1025	1025	25338
1027	1027	25347
1028	1028	25355
1031	1031	25363
1031	1031	25372
1033	1033	25381
1034	1034	25389
1034	1034	25397
1034	1034	25405
1034	1034	25413
1034	1034	25421
1034	1034	25430
1034	1034	25439
1034	1034	25448
1035	1035	25456
1036	1036	25464
1037	1037	25472
1037	1037	25480
1037	1037	25488
1037	1037	25496
1037	1037	25504
1037	1037	25512
1037	1037	25520
1037	1037	25529
1037	1037	25538
1037	1037	25546
1037	1037	25555
1037	1037	25564
1037	1037	25572
1037	1037	25580
1037	1037	25588
1037	1037	25597
1037	1037	25605
1037	1037	25614
1037	1037	25622
1037	1037	25630
1037	1037	25638
1037	1037	25647
1037	1037	25656
1035	1035	25664
1034	1034	25673
1030	1030	25681
1027	1027	25689
1021	1021	25697
1018	1018	25705
1016	1016	25713
1008	1008	25721
1005	1005	25729
997	997	25737
994	994	25745
990	990	25753
981	981	25762
977	977	25770
966	966	25778
962	962	25787
958	958	25796
945	945	25804
940	940	25813
936	936	25822
923	923	25831
917	917	25840
904	904	25848
898	898	25857
881	881	25866
874	874	25875
861	861	25883
857	857	25891
846	846	25900
842	842	25908
836	836	25917
824	824	25925
820	820	25934
808	808	25943
802	802	25952
798	798	25960
785	785	25968
781	781	25977
767	767	25986
764	764	25995
757	757	26003
754	754	26011
750	750	26020
748	748	26029
746	746	26037
744	744	26046
742	742	26054
740	740	26062
740	740	26070
739	739	26079
739	739	26087
739	739	26095
739	739	26103
739	739	26111
739	739	26120
739	739	26128
739	739	26137
739	739	26146
739	739	26154
739	739	26162
739	739	26170
739	739	26179
739	739	26187
739	739	26195
739	739	26203
739	739	26211
739	739	26220
739	739	26228
739	739	26236
736	736	26245
732	732	26253
731	731	26261
727	727	26269
724	724	26277
721	721	26285
711	711	26293
706	706	26301
700	700	26309
682	682	26317
674	674	26325
658	658	26333
651	651	26341
645	645	26350
631	631	26359
625	625	26368
608	608	26376
599	599	26385
584	584	26394
561	561	26403
554	554	26411
547	547	26419
533	533	26427
526	526	26436
519	519	26444
505	505	26453
499	499	26461
488	488	26469
481	481	26477
475	475	26485
463	463	26494
458	458	26502
451	451	26510
435	435	26518
428	428	26526
408	408	26535
400	400	26543
390	390	26552
370	370	26560
362	362	26568
346	346	26576
339	339	26584
333	333	26593
311	311	26602
295	295	26611
288	288	26619
281	281	26627
268	268	26635
263	263	26643
258	258	26652
248	248	26660
242	242	26668
238	238	26676
228	228	26685
223	223	26694
212	212	26703
207	207	26712
203	203	26720
193	193	26728
187	187	26737
170	170	26745
166	166	26753
166	166	26762
151	151	26770
146	146	26778
137	137	26786
134	134	26794
127	127	26803
124	124	26812
122	122	26820
115	115	26828
112	112	26836
109	109	26845
104	104	26854
101	101	26863
95	95	26871
93	93	26880
91	91	26889
85	85	26898
82	82	26906
79	79	26915
75	75	26923
74	74	26932
72	72	26941
69	69	26949
68	68	26957
67	67	26966
66	66	26974
65	65	26982
62	62	26990
60	60	26998
59	59	27006
56	56	27014
55	55	27023
53	53	27032
52	52	27041
51	51	27049
50	50	27057
50	50	27065
48	48	27074
47	47	27083
45	45	27092
45	45	27100
44	44	27108
43	43	27116
42	42	27124
42	42	27132
40	40	27140
39	39	27148
38	38	27156
37	37	27165
37	37	27173
36	36	27182
35	35	27190
34	34	27198
33	33	27206
33	33	27214
32	32	27222
32	32	27230
32	32	27238
32	32	27246
32	32	27254
32	32	27262
32	32	27270
32	32	27278
32	32	27286
33	33	27294
33	33	27302
35	35	27310
35	35	27318
36	36	27327
38	38	27335
40	40	27344
45	45	27353
55	55	27361
60	60	27370
72	72	27379
79	79	27387
87	87	27395
109	109	27403
117	117	27412
140	140	27420
151	151	27428
160	160	27436
185	185	27444
194	194	27452
218	218	27460
228	228	27469
237	237	27477
266	266	27485
277	277	27493
310	310	27501
322	322	27509
336	336	27517
372	372	27525
386	386	27534
401	401	27543
453	453	27552
467	467	27561
523	523	27569
537	537	27577
569	569	27586
581	581	27595
593	593	27603
625	625	27611
636	636	27620
663	663	27628
672	672	27637
681	681	27646
701	701	27655
708	708	27663
726	726	27671
733	733	27680
740	740	27689
757	757	27698
761	761	27707
773	773	27716
779	779	27724
789	789	27732
793	793	27740
798	798	27749
808	808	27757
812	812	27765
825	825	27773
829	829	27781
832	832	27789
840	840	27797
845	845	27805
849	849	27813
858	858	27821
864	864	27829
868	868	27837
879	879	27846
884	884	27855
894	894	27864
899	899	27873
917	917	27882
921	921	27891
935	935	27900
939	939	27909
942	942	27917
951	951	27925
955	955	27934
959	959	27943
967	967	27951
970	970	27959
977	977	27968
980	980	27977
988	988	27986
991	991	27994
993	993	28002
998	998	28010
1000	1000	28018
1004	1004	28026
1005	1005	28034
1007	1007	28042
1013	1013	28050
1016	1016	28058
1021	1021	28066
1022	1022	28075
1025	1025	28084
1027	1027	28092
1028	1028	28101
1030	1030	28109
1031	1031	28117
1032	1032	28126
1034	1034	28134
1035	1035	28142
1038	1038	28150
1039	1039	28159
1039	1039	28167
1041	1041	28176
1041	1041	28184
1041	1041	28193
1041	1041	28202
1041	1041	28210
1041	1041	28218
1041	1041	28226
1037	1037	28235
1034	1034	28244
1030	1030	28253
1029	1029	28262
1027	1027	28270
1023	1023	28279
1022	1022	28288
1021	1021	28297
1017	1017	28305
1014	1014	28313
1014	1014	28322
1013	1013	28331
1012	1012	28339
1011	1011	28347
1010	1010	28355
1010	1010	28364
1010	1010	28372
1008	1008	28380
1008	1008	28388
1008	1008	28396
1007	1007	28405
1006	1006	28413
1006	1006	28422
1005	1005	28431
1004	1004	28440
1004	1004	28448
1003	1003	28457
1001	1001	28466
1000	1000	28475
998	998	28483
997	997	28492
996	996	28500
994	994	28509
994	994	28518
991	991	28527
990	990	28535
990	990	28543
988	988	28552
987	987	28561
985	985	28569
984	984	28577
983	983	28585
982	982	28593
982	982	28602
981	981	28610
979	979	28619
979	979	28628
978	978	28636
976	976	28644
975	975	28652
974	974	28660
974	974	28668
972	972	28677
971	971	28686
970	970	28694
969	969	28703
968	968	28712
967	967	28721
965	965	28729
963	963	28738
963	963	28746
962	962	28754
960	960	28763
960	960	28771
958	958	28780
956	956	28789
955	955	28798
953	953	28806
951	951	28814
950	950	28823
949	949	28831
948	948	28840
947	947	28849
945	945	28858
944	944	28867
944	944	28876
942	942	28885
940	940	28893
940	940	28901
939	939	28909
938	938	28917
937	937	28926
936	936	28935
936	936	28943
935	935	28951
935	935	28960
935	935	28968
934	934	28977
933	933	28986
933	933	28995
932	932	29003
930	930	29011
930	930	29020
929	929	29029
926	926	29038
924	924	29047
921	921	29055
920	920	29063
919	919	29072
912	912	29080
912	912	29088
904	904	29096
902	902	29105
890	890	29113
881	881	29121
876	876	29130
871	871	29139
856	856	29148
848	848	29156
828	828	29164
820	820	29172
812	812	29180
792	792	29189
783	783	29197
775	775	29205
750	750	29213
742	742	29222
733	733	29231
704	704	29239
695	695	29247
669	669	29255
659	659	29263
650	650	29272
614	614	29280
614	614	29289
577	577	29297
567	567	29305
537	537	29313
527	527	29321
499	499	29329
490	490	29337
479	479	29345
455	455	29354
444	444	29362
435	435	29371
409	409	29379
398	398	29387
374	374	29396
365	365	29405
356	356	29414
331	331	29422
322	322	29431
300	300	29439
291	291	29448
283	283	29457
254	254	29465
248	248	29473
229	229	29482
223	223	29490
217	217	29498
205	205	29506
201	201	29515
190	190	29523
187	187	29532
184	184	29540
176	176	29549
173	173	29557
162	162	29566
159	159	29575
155	155	29583
147	147	29592
143	143	29600
139	139	29608
129	129	29617
119	119	29625
117	117	29634
114	114	29643
110	110	29652
108	108	29660
106	106	29668
100	100	29677
99	99	29686
96	96	29695
95	95	29704
91	91	29713
88	88	29721
85	85	29729
84	84	29738
81	81	29746
79	79	29754
77	77	29762
74	74	29770
73	73	29778
71	71	29786
69	69	29795
68	68	29804
65	65	29813
63	63	29822
63	63	29831
60	60	29839
58	58	29848
57	57	29857
53	53	29866
50	50	29874
49	49	29882
47	47	29891
44	44	29899
42	42	29907
39	39	29915
38	38	29924
37	37	29932
36	36	29941
36	36	29949
35	35	29957
35	35	29965
34	34	29973
33	33	29982
31	31	29990
31	31	29998
30	30	30006
29	29	30014
28	28	30022
28	28	30031
27	27	30039
27	27	30047
27	27	30055
27	27	30063
27	27	30071
27	27	30079
27	27	30088
27	27	30097
27	27	30105
27	27	30113
27	27	30122
27	27	30130
27	27	30138
27	27	30147
30	30	30156
31	31	30164
36	36	30172
39	39	30181
46	46	30189
51	51	30197
56	56	30205
65	65	30213
68	68	30222
71	71	30230
78	78	30239
81	81	30247
88	88	30256
91	91	30265
103	103	30274
108	108	30282
114	114	30290
126	126	30298
138	138	30306
142	142	30315
153	153	30324
156	156	30332
160	160	30340
169	169	30349
172	172	30357
175	175	30365
181	181	30373
184	184	30382
190	190	30390
193	193	30398
195	195	30406
202	202	30414
204	204	30422
207	207	30430
214	214	30438
217	217	30447
224	224	30456
227	227	30465
230	230	30474
241	241	30482
248	248	30490
250	250	30498
253	253	30506
260	260	30515
263	263	30524
266	266	30533
274	274	30542
278	278	30550
286	286	30558
290	290	30566
293	293	30574
302	302	30582
305	305	30590
312	312	30598
315	315	30606
319	319	30614
327	327	30622
330	330	30630
333	333	30638
340	340	30646
343	343	30655
345	345	30663
354	354	30672
358	358	30681
368	368	30690
375	375	30699
384	384	30708
388	388	30716
398	398	30724
402	402	30733
407	407	30741
419	419	30749
423	423	30757
435	435	30765
441	441	30773
445	445	30782
456	456	30790
460	460	30799
463	463	30808
472	472	30817
479	479	30825
483	483	30834
484	484	30842
486	486	30851
486	486	30860
486	486	30868
486	486	30876
486	486	30885
486	486	30893
486	486	30902
486	486	30911
486	486	30920
484	484	30929
479	479	30938
478	478	30947
473	473	30956
472	472	30964
469	469	30973
461	461	30982
458	458	30990
452	452	30998
449	449	31007
446	446	31016
438	438	31024
435	435	31032
433	433	31041
421	421	31050
413	413	31058
410	410	31066
406	406	31074
399	399	31082
395	395	31090
393	393	31099
384	384	31107
379	379	31115
371	371	31123
368	368	31132
364	364	31140
355	355	31148
352	352	31156
345	345	31165
341	341	31173
337	337	31181
328	328	31189
326	326	31198
323	323	31206
315	315	31215
312	312	31223
304	304	31231
301	301	31239
299	299	31247
292	292	31255
290	290	31263
287	287	31271
283	283	31279
281	281	31287
277	277	31295
276	276	31303
274	274	31312
270	270	31320
269	269	31328
265	265	31336
263	263	31344
261	261	31352
258	258	31360
256	256	31369
249	249	31378
246	246	31387
240	240	31395
235	235	31403
231	231	31411
219	219	31419
215	215	31427
211	211	31435
200	200	31443
194	194	31451
180	180	31459
176	176	31468
167	167	31477
163	163	31485
152	152	31493
148	148	31501
144	144	31509
135	135	31517
132	132	31526
124	124	31535
121	121	31544
118	118	31552
111	111	31560
109	109	31569
100	100	31577
98	98	31586
94	94	31594
92	92	31602
91	91	31611
88	88	31619
87	87	31627
83	83	31636
82	82	31645
78	78	31654
76	76	31662
75	75	31671
73	73	31679
72	72	31687
71	71	31695
69	69	31703
69	69	31711
68	68	31720
67	67	31728
67	67	31736
66	66	31744
66	66	31752
65	65	31760
65	65	31769
62	62	31777
62	62	31786
61	61	31794
58	58	31803
57	57	31811
54	54	31819
53	53	31828
50	50	31836
46	46	31844
45	45	31852
41	41	31861
39	39	31869
38	38	31877
35	35	31885
34	34	31893
33	33	31901
31	31	31909
31	31	31918
30	30	31926
29	29	31935
28	28	31943
28	28	31952
28	28	31961
27	27	31969
27	27	31977
27	27	31986
27	27	31995
27	27	32004
27	27	32012
27	27	32020
27	27	32029
28	28	32037
29	29	32045
36	36	32053
39	39	32061
44	44	32070
58	58	32078
66	66	32086
72	72	32094
88	88	32104
105	105	32112
112	112	32120
142	142	32128
142	142	32137
178	178	32146
190	190	32155
201	201	32164
228	228	32172
238	238	32180
267	267	32188
277	277	32197
287	287	32205
313	313	32213
324	324	32221
352	352	32230
363	363	32238
374	374	32247
398	398	32255
406	406	32263
414	414	32271
433	433	32280
441	441	32289
466	466	32297
474	474	32305
491	491	32313
498	498	32321
503	503	32330
518	518	32338
525	525	32347
543	543	32356
549	549	32365
556	556	32373
575	575	32381
582	582	32390
603	603	32398
610	610	32407
618	618	32415
637	637	32423
644	644	32432
651	651	32441
675	675	32449
695	695	32458
703	703	32466
711	711	32474
730	730	32483
738	738	32491
746	746	32499
765	765	32507
772	772	32516
789	789	32525
795	795	32533
800	800	32541
812	812	32550
817	817	32559
829	829	32567
833	833	32576
836	836	32585
847	847	32594
850	850	32602
857	857	32611
859	859	32620
863	863	32629
864	864	32638
865	865	32646
866	866	32654
866	866	32662
866	866	32670
866	866	32678
866	866	32686
866	866	32695
866	866	32703
866	866	32711
866	866	32719
864	864	32728
862	862	32736
855	855	32744
855	855	32753
848	848	32761
848	848	32770
837	837	32778
831	831	32786
822	822	32794
816	816	32802
807	807	32810
804	804	32819
800	800	32828
792	792	32837
791	791	32845
788	788	32853
780	780	32861
776	776	32870
771	771	32878
769	769	32887
768	768	32895
765	765	32903
764	764	32912
762	762	32920
762	762	32929
760	760	32938
760	760	32946
759	759	32954
758	758	32963
758	758	32971
757	757	32980
755	755	32988
754	754	32997
751	751	33005
750	750	33013
748	748	33021
744	744	33029
743	743	33038
738	738	33047
735	735	33055
732	732	33064
726	726	33073
718	718	33081
716	716	33090
710	710	33099
708	708	33107
703	703	33115
701	701	33124
699	699	33132
695	695	33141
694	694	33150
691	691	33158
689	689	33167
685	685	33175
685	685	33183
684	684	33191
683	683	33199
682	682	33207
682	682	33215
682	682	33223
682	682	33232
682	682	33241
682	682	33250
682	682	33258
682	682	33266
682	682	33275
682	682	33283
682	682	33291
682	682	33299
682	682	33308
682	682	33316
682	682	33324
682	682	33333
683	683	33341
683	683	33349
683	683	33357
683	683	33365
683	683	33373
683	683	33381
683	683	33389
683	683	33397
683	683	33405
683	683	33413
683	683	33422
683	683	33431
683	683	33439
683	683	33447
683	683	33455
683	683	33463
683	683	33472
683	683	33480
683	683	33488
683	683	33496
682	682	33505
676	676	33513
670	670	33521
667	667	33529
667	667	33538
649	649	33546
642	642	33555
621	621	33563
612	612	33572
585	585	33580
573	573	33588
560	560	33596
523	523	33605
510	510	33614
496	496	33623
454	454	33631
440	440	33640
425	425	33648
387	387	33656
335	335	33664
335	335	33673
308	308	33682
276	276	33690
264	264	33698
237	237	33706
228	228	33714
218	218	33723
196	196	33732
187	187	33741
168	168	33749
160	160	33757
153	153	33765
137	137	33773
132	132	33782
126	126	33791
112	112	33799
106	106	33807
100	100	33816
85	85	33825
66	66	33833
60	60	33841
54	54	33849
40	40	33857
34	34	33865
21	21	33874
14	14	33882
10	10	33891
0	0	33899
0	0	33907
0	0	33915
0	0	33923
0	0	33931
0	0	33939
0	0	33948
0	0	33957
0	0	33965
0	0	33973
0	0	33981
0	0	33989
0	0	33997
0	0	34005
0	0	34013
0	0	34022
0	0	34031
0	0	34040
0	0	34048
0	0	34056
0	0	34064
0	0	34073
0	0	34082
1	1	34091
2	2	34100
4	4	34109
4	4	34117
5	5	34125
5	5	34133
6	6	34142
7	7	34150
8	8	34159
11	11	34167
11	11	34175
12	12	34183
13	13	34191
14	14	34199
14	14	34207
14	14	34216
14	14	34225
16	16	34233
16	16	34242
17	17	34251
17	17	34259
