0.179520393593
-0.309228454446
-0.319410722113
-0.319410722113
-0.329592989781
-0.329592989781
-0.349957525116
-0.360139792783
-0.370322060451
-0.380504328118
-0.41105113112
-0.421233398788
-0.431415666455
-0.441597934123
-0.45178020179
-0.461962469458
-0.461962469458
-0.461962469458
-0.461962469458
-0.461962469458
-0.461962469458
-0.461962469458
-0.461962469458
-0.45178020179
-0.441597934123
-0.441597934123
-0.441597934123
-0.45178020179
-0.461962469458
-0.472144737125
-0.502691540128
-0.543420610798
-0.5739674138
-0.604514216803
-0.624878752138
-0.65542555514
-0.675790090475
-0.706336893477
-0.726701428812
-0.747065964147
-0.757248231815
-0.77761276715
-0.787795034817
-0.77761276715
-0.77761276715
-0.77761276715
-0.767430499482
-0.757248231815
-0.747065964147
-0.747065964147
-0.747065964147
-0.747065964147
-0.757248231815
-0.767430499482
-0.77761276715
-0.787795034817
-0.797977302485
-0.808159570152
-0.81834183782
-0.828524105487
-0.838706373155
-0.838706373155
-0.848888640822
-0.85907090849
-0.869253176157
-0.869253176157
-0.869253176157
-0.869253176157
-0.869253176157
-0.869253176157
-0.869253176157
-0.869253176157
-0.869253176157
-0.869253176157
-0.869253176157
-0.869253176157
-0.869253176157
-0.879435443824
-0.879435443824
-0.879435443824
-0.879435443824
-0.869253176157
-0.879435443824
-0.879435443824
-0.869253176157
-0.879435443824
-0.879435443824
-0.879435443824
-0.869253176157
-0.879435443824
-0.869253176157
-0.869253176157
-0.879435443824
-0.869253176157
-0.879435443824
-0.869253176157
-0.869253176157
-0.879435443824
-0.879435443824
-0.879435443824
-0.879435443824
-0.869253176157
-0.869253176157
-0.869253176157
-0.869253176157
-0.869253176157
-0.869253176157
-0.869253176157
-0.869253176157
-0.869253176157
-0.869253176157
-0.869253176157
-0.869253176157
-0.879435443824
-0.869253176157
-0.879435443824
-0.879435443824
-0.879435443824
-0.869253176157
-0.879435443824
-0.879435443824
-0.869253176157
-0.869253176157
-0.869253176157
-0.85907090849
-0.85907090849
-0.848888640822
-0.838706373155
-0.828524105487
-0.808159570152
-0.787795034817
-0.767430499482
-0.73688369648
-0.706336893477
-0.675790090475
-0.645243287472
-0.635061019805
-0.624878752138
-0.61469648447
-0.604514216803
-0.594331949135
-0.584149681468
-0.584149681468
-0.5739674138
-0.553602878465
-0.543420610798
-0.543420610798
-0.53323834313
-0.512873807795
-0.512873807795
-0.512873807795
-0.502691540128
-0.482327004793
-0.482327004793
-0.472144737125
-0.461962469458
-0.45178020179
-0.441597934123
-0.431415666455
-0.421233398788
-0.421233398788
-0.41105113112
-0.400868863453
-0.390686595786
-0.380504328118
-0.380504328118
-0.349957525116
-0.339775257448
-0.319410722113
-0.309228454446
-0.309228454446
-0.309228454446
-0.299046186778
-0.299046186778
-0.299046186778
-0.288863919111
-0.288863919111
-0.288863919111
-0.288863919111
-0.288863919111
-0.299046186778
-0.319410722113
-0.329592989781
-0.339775257448
-0.349957525116
-0.360139792783
-0.360139792783
-0.360139792783
-0.360139792783
-0.370322060451
-0.360139792783
-0.360139792783
-0.360139792783
-0.360139792783
-0.360139792783
-0.360139792783
-0.360139792783
-0.360139792783
-0.360139792783
-0.360139792783
-0.360139792783
-0.360139792783
-0.360139792783
-0.349957525116
-0.349957525116
-0.339775257448
-0.339775257448
-0.339775257448
-0.339775257448
-0.329592989781
-0.329592989781
-0.329592989781
-0.329592989781
-0.329592989781
-0.329592989781
-0.329592989781
-0.329592989781
-0.319410722113
-0.319410722113
-0.319410722113
-0.329592989781
-0.319410722113
-0.319410722113
-0.319410722113
-0.319410722113
-0.329592989781
-0.319410722113
-0.319410722113
-0.319410722113
-0.319410722113
-0.319410722113
-0.319410722113
-0.319410722113
-0.319410722113
-0.329592989781
-0.329592989781
-0.329592989781
-0.319410722113
-0.319410722113
-0.319410722113
-0.329592989781
-0.329592989781
-0.319410722113
-0.319410722113
-0.319410722113
-0.319410722113
-0.319410722113
-0.309228454446
-0.299046186778
-0.299046186778
-0.288863919111
-0.278681651443
-0.278681651443
-0.268499383776
-0.268499383776
-0.268499383776
-0.268499383776
-0.268499383776
-0.258317116108
-0.258317116108
-0.258317116108
-0.248134848441
-0.248134848441
-0.248134848441
-0.237952580773
-0.237952580773
-0.237952580773
-0.237952580773
-0.237952580773
-0.237952580773
-0.237952580773
-0.237952580773
-0.227770313106
-0.237952580773
-0.237952580773
-0.237952580773
-0.227770313106
-0.227770313106
-0.227770313106
-0.227770313106
-0.227770313106
-0.227770313106
-0.217588045438
-0.217588045438
-0.217588045438
-0.217588045438
-0.217588045438
-0.217588045438
-0.217588045438
-0.217588045438
-0.217588045438
-0.217588045438
-0.217588045438
-0.217588045438
-0.217588045438
-0.217588045438
-0.217588045438
-0.217588045438
-0.217588045438
-0.217588045438
-0.217588045438
-0.217588045438
-0.217588045438
-0.217588045438
-0.217588045438
-0.217588045438
-0.217588045438
-0.217588045438
-0.217588045438
-0.217588045438
-0.217588045438
-0.217588045438
-0.217588045438
-0.217588045438
-0.217588045438
-0.217588045438
-0.217588045438
-0.217588045438
-0.217588045438
-0.217588045438
-0.217588045438
-0.217588045438
-0.217588045438
-0.217588045438
-0.217588045438
-0.217588045438
-0.217588045438
-0.217588045438
-0.217588045438
-0.217588045438
-0.217588045438
-0.217588045438
-0.217588045438
-0.217588045438
-0.217588045438
-0.217588045438
-0.217588045438
-0.217588045438
-0.217588045438
-0.217588045438
-0.217588045438
-0.217588045438
-0.217588045438
-0.217588045438
-0.217588045438
-0.217588045438
-0.217588045438
-0.217588045438
-0.217588045438
-0.217588045438
-0.217588045438
-0.217588045438
-0.227770313106
-0.217588045438
-0.227770313106
-0.217588045438
-0.217588045438
-0.217588045438
-0.227770313106
-0.227770313106
-0.217588045438
-0.227770313106
-0.227770313106
-0.227770313106
-0.227770313106
-0.227770313106
-0.227770313106
-0.227770313106
-0.227770313106
-0.227770313106
-0.227770313106
-0.227770313106
-0.227770313106
-0.227770313106
-0.227770313106
-0.237952580773
-0.268499383776
-0.319410722113
-0.360139792783
-0.421233398788
-0.472144737125
-0.523056075463
-0.5739674138
-0.61469648447
-0.65542555514
-0.69615462581
-0.726701428812
-0.757248231815
-0.77761276715
-0.797977302485
-0.81834183782
-0.838706373155
-0.869253176157
-0.889617711492
-0.909982246827
-0.940529049829
-0.960893585164
-0.981258120499
-1.00162265583
-1.0118049235
-1.03216945884
-1.05253399417
-1.09326306484
-1.13399213551
-1.18490347385
-1.21545027685
-1.23581481219
-1.24599707985
-1.25617934752
-1.26636161519
-1.27654388286
-1.28672615052
-1.28672615052
-1.28672615052
-1.28672615052
-1.28672615052
-1.28672615052
-1.27654388286
-1.27654388286
-1.26636161519
-1.25617934752
-1.24599707985
-1.24599707985
-1.24599707985
-1.23581481219
-1.24599707985
-1.24599707985
-1.24599707985
-1.23581481219
-1.23581481219
-1.23581481219
-1.22563254452
-1.21545027685
-1.21545027685
-1.21545027685
-1.21545027685
-1.21545027685
-1.21545027685
-1.21545027685
-1.21545027685
-1.20526800918
-1.20526800918
-1.19508574152
-1.19508574152
-1.19508574152
-1.19508574152
-1.19508574152
-1.19508574152
-1.19508574152
-1.19508574152
-1.18490347385
-1.18490347385
-1.18490347385
-1.18490347385
-1.18490347385
-1.17472120618
-1.17472120618
-1.17472120618
-1.17472120618
-1.16453893851
-1.17472120618
-1.16453893851
-1.16453893851
-1.16453893851
-1.16453893851
-1.16453893851
-1.15435667085
-1.15435667085
-1.16453893851
-1.15435667085
-1.15435667085
-1.15435667085
-1.15435667085
-1.15435667085
-1.15435667085
-1.15435667085
-1.15435667085
-1.15435667085
-1.15435667085
-1.15435667085
-1.15435667085
-1.15435667085
-1.15435667085
-1.15435667085
-1.15435667085
-1.15435667085
-1.15435667085
-1.15435667085
-1.15435667085
-1.15435667085
-1.15435667085
-1.15435667085
-1.15435667085
-1.15435667085
-1.15435667085
-1.15435667085
-1.15435667085
-1.15435667085
-1.15435667085
-1.15435667085
-1.15435667085
-1.15435667085
-1.15435667085
-1.15435667085
-1.15435667085
-1.15435667085
-1.15435667085
-1.15435667085
-1.14417440318
-1.15435667085
-1.14417440318
-1.14417440318
-1.14417440318
-1.13399213551
-1.12380986784
-1.11362760018
-1.10344533251
-1.09326306484
-1.07289852951
-1.06271626184
-1.0423517265
-1.03216945884
-1.02198719117
-1.0118049235
-1.00162265583
-0.991440388167
-0.981258120499
-0.971075852832
-0.971075852832
-0.971075852832
-0.971075852832
-0.971075852832
-0.971075852832
-0.971075852832
-0.971075852832
-0.971075852832
-0.971075852832
-0.971075852832
-0.971075852832
-0.971075852832
-0.971075852832
-0.981258120499
-0.971075852832
-0.971075852832
-0.971075852832
-0.981258120499
-0.971075852832
-0.971075852832
-0.971075852832
-0.971075852832
-0.971075852832
-0.971075852832
-0.981258120499
-0.981258120499
-0.981258120499
-0.981258120499
-0.981258120499
-0.981258120499
-0.981258120499
-0.981258120499
-0.981258120499
-0.981258120499
-0.981258120499
-0.981258120499
-0.981258120499
-0.981258120499
-0.981258120499
-0.981258120499
-0.981258120499
-0.981258120499
-0.981258120499
-0.981258120499
-0.981258120499
-0.981258120499
-0.981258120499
-0.981258120499
-0.981258120499
-0.981258120499
-0.981258120499
-0.981258120499
-0.981258120499
-0.981258120499
-0.981258120499
-0.981258120499
-0.981258120499
-0.981258120499
-0.981258120499
-0.981258120499
-0.981258120499
-0.981258120499
-0.981258120499
-0.981258120499
-0.981258120499
-0.981258120499
-0.981258120499
-0.981258120499
-0.981258120499
-0.981258120499
-0.981258120499
-0.981258120499
-0.981258120499
-0.981258120499
-0.981258120499
-0.981258120499
-0.981258120499
-0.981258120499
-0.981258120499
-0.981258120499
-0.981258120499
-0.981258120499
-0.981258120499
-0.981258120499
-0.981258120499
-0.981258120499
-0.981258120499
-0.981258120499
-0.981258120499
-0.981258120499
-0.981258120499
-0.981258120499
-0.981258120499
-0.981258120499
-0.981258120499
-0.981258120499
-0.981258120499
-0.981258120499
-0.981258120499
-0.981258120499
-0.981258120499
-0.981258120499
-0.981258120499
-0.981258120499
-0.981258120499
-0.981258120499
-0.981258120499
-0.981258120499
-0.981258120499
-0.981258120499
-0.981258120499
-0.981258120499
