Digital_Input	Screen_Position_Y_axis(px)	time(ms)
502	502	9
503	503	17
503	503	26
503	503	34
503	503	43
503	503	51
503	503	59
503	503	67
503	503	76
503	503	84
504	504	93
504	504	102
505	505	111
505	505	120
505	505	129
505	505	137
505	505	146
505	505	154
505	505	164
505	505	172
505	505	181
505	505	189
505	505	198
505	505	206
506	506	215
506	506	223
506	506	231
506	506	239
506	506	248
506	506	257
507	507	265
507	507	274
507	507	283
508	508	291
509	509	300
509	509	308
509	509	317
509	509	326
510	510	334
512	512	342
512	512	350
512	512	360
513	513	370
516	516	378
519	519	386
525	525	394
534	534	402
540	540	410
564	564	418
573	573	426
586	586	435
625	625	444
642	642	454
719	719	462
741	741	470
797	797	479
813	813	488
826	826	497
860	860	506
869	869	515
892	892	524
899	899	532
903	903	541
906	906	550
906	906	559
906	906	568
906	906	576
906	906	585
906	906	594
906	906	603
906	906	612
906	906	621
906	906	629
907	907	637
909	909	646
915	915	654
917	917	663
918	918	672
918	918	681
918	918	690
918	918	698
918	918	706
918	918	714
916	916	723
911	911	731
909	909	739
908	908	747
903	903	756
900	900	764
892	892	772
888	888	780
883	883	789
872	872	797
866	866	805
863	863	814
850	850	822
842	842	831
839	839	840
836	836	848
832	832	856
831	831	864
830	830	872
830	830	880
830	830	889
830	830	897
830	830	906
830	830	915
830	830	923
830	830	932
830	830	940
830	830	948
830	830	956
830	830	965
830	830	974
830	830	982
830	830	991
830	830	1000
830	830	1009
830	830	1017
830	830	1025
830	830	1034
830	830	1043
830	830	1051
830	830	1060
830	830	1069
830	830	1077
830	830	1085
830	830	1094
830	830	1103
830	830	1111
830	830	1119
830	830	1128
830	830	1136
830	830	1144
830	830	1152
830	830	1160
830	830	1168
830	830	1176
830	830	1184
830	830	1192
830	830	1200
830	830	1208
830	830	1217
830	830	1226
830	830	1235
830	830	1243
830	830	1252
830	830	1260
830	830	1268
830	830	1277
830	830	1286
830	830	1294
830	830	1302
830	830	1310
830	830	1318
830	830	1327
830	830	1335
830	830	1344
830	830	1352
830	830	1361
830	830	1370
830	830	1379
830	830	1387
830	830	1395
830	830	1403
830	830	1412
830	830	1420
830	830	1428
830	830	1437
830	830	1445
830	830	1453
830	830	1461
830	830	1469
830	830	1477
830	830	1486
830	830	1494
830	830	1502
830	830	1511
830	830	1520
830	830	1530
830	830	1538
830	830	1547
830	830	1556
830	830	1564
830	830	1573
830	830	1582
830	830	1590
830	830	1599
830	830	1608
830	830	1617
830	830	1626
830	830	1635
830	830	1643
830	830	1651
830	830	1659
830	830	1667
830	830	1676
830	830	1685
830	830	1694
830	830	1702
830	830	1710
830	830	1719
830	830	1728
830	830	1736
830	830	1744
830	830	1753
830	830	1762
830	830	1771
830	830	1780
830	830	1788
830	830	1797
830	830	1806
830	830	1814
830	830	1823
830	830	1831
830	830	1839
830	830	1848
830	830	1856
830	830	1865
830	830	1873
830	830	1881
830	830	1890
830	830	1898
830	830	1907
830	830	1915
830	830	1923
830	830	1931
830	830	1939
830	830	1947
830	830	1956
830	830	1964
830	830	1972
830	830	1981
830	830	1990
830	830	1999
830	830	2007
830	830	2022
830	830	2030
830	830	2039
830	830	2047
830	830	2056
830	830	2065
830	830	2073
830	830	2081
830	830	2090
830	830	2098
830	830	2106
830	830	2114
830	830	2122
830	830	2131
830	830	2140
830	830	2148
830	830	2156
830	830	2164
830	830	2172
830	830	2180
830	830	2188
830	830	2197
830	830	2205
830	830	2213
830	830	2222
830	830	2230
830	830	2239
830	830	2247
830	830	2256
830	830	2265
830	830	2273
830	830	2282
830	830	2290
830	830	2298
830	830	2307
830	830	2316
830	830	2324
830	830	2332
830	830	2340
830	830	2349
830	830	2358
830	830	2366
830	830	2374
830	830	2382
830	830	2391
826	826	2399
822	822	2408
817	817	2417
815	815	2425
811	811	2434
809	809	2443
808	808	2451
805	805	2460
803	803	2469
802	802	2477
800	800	2486
798	798	2495
797	797	2503
797	797	2511
797	797	2520
797	797	2528
797	797	2537
797	797	2545
797	797	2553
797	797	2562
797	797	2570
797	797	2578
797	797	2586
797	797	2595
797	797	2604
797	797	2612
797	797	2621
797	797	2629
797	797	2637
797	797	2646
797	797	2655
797	797	2664
797	797	2672
797	797	2680
797	797	2689
797	797	2697
797	797	2705
797	797	2713
797	797	2721
797	797	2729
797	797	2738
797	797	2746
797	797	2755
797	797	2764
797	797	2773
797	797	2781
797	797	2789
797	797	2797
797	797	2806
797	797	2814
797	797	2823
797	797	2831
797	797	2840
797	797	2849
797	797	2857
797	797	2865
797	797	2873
797	797	2882
797	797	2892
797	797	2901
797	797	2909
797	797	2917
797	797	2925
797	797	2934
797	797	2943
797	797	2951
797	797	2960
797	797	2969
797	797	2978
797	797	2987
797	797	2996
797	797	3005
797	797	3013
797	797	3021
797	797	3029
797	797	3037
797	797	3046
797	797	3055
797	797	3063
797	797	3071
797	797	3080
797	797	3089
797	797	3097
797	797	3105
797	797	3114
797	797	3122
797	797	3130
797	797	3138
797	797	3146
797	797	3155
797	797	3163
797	797	3171
797	797	3180
797	797	3188
797	797	3197
797	797	3206
797	797	3214
797	797	3223
797	797	3231
797	797	3239
797	797	3248
797	797	3257
797	797	3265
797	797	3273
797	797	3281
797	797	3289
797	797	3297
797	797	3305
797	797	3313
797	797	3322
797	797	3330
796	796	3339
794	794	3347
787	787	3356
781	781	3364
755	755	3373
743	743	3381
680	680	3390
652	652	3399
573	573	3408
539	539	3416
506	506	3425
415	415	3433
381	381	3441
344	344	3449
254	254	3458
217	217	3466
180	180	3474
89	89	3483
52	52	3491
0	0	3499
0	0	3507
0	0	3515
0	0	3523
0	0	3532
0	0	3541
0	0	3549
0	0	3557
0	0	3565
0	0	3574
0	0	3583
0	0	3591
0	0	3600
0	0	3608
0	0	3617
0	0	3626
0	0	3635
0	0	3643
0	0	3652
0	0	3661
0	0	3669
0	0	3678
0	0	3686
0	0	3695
0	0	3703
0	0	3712
0	0	3721
0	0	3730
0	0	3738
0	0	3746
1	1	3754
4	4	3762
5	5	3770
6	6	3778
7	7	3786
8	8	3794
9	9	3804
11	11	3813
11	11	3821
13	13	3830
18	18	3838
18	18	3846
22	22	3855
23	23	3864
24	24	3873
24	24	3882
25	25	3891
26	26	3899
26	26	3908
27	27	3917
27	27	3926
28	28	3934
29	29	3943
29	29	3952
30	30	3960
30	30	3968
30	30	3977
30	30	3985
30	30	3993
30	30	4001
30	30	4010
30	30	4018
30	30	4026
30	30	4034
30	30	4042
30	30	4051
30	30	4059
30	30	4067
30	30	4075
30	30	4084
30	30	4092
30	30	4101
30	30	4109
30	30	4117
30	30	4125
30	30	4133
30	30	4141
30	30	4149
30	30	4158
30	30	4167
30	30	4176
30	30	4184
30	30	4192
30	30	4200
30	30	4208
30	30	4216
30	30	4224
30	30	4232
30	30	4240
30	30	4249
30	30	4257
30	30	4266
30	30	4274
30	30	4283
30	30	4292
30	30	4300
30	30	4308
30	30	4316
30	30	4325
30	30	4334
30	30	4342
30	30	4350
30	30	4359
30	30	4368
30	30	4377
30	30	4386
30	30	4395
30	30	4404
30	30	4412
30	30	4420
30	30	4429
30	30	4437
30	30	4446
30	30	4454
30	30	4463
30	30	4472
30	30	4481
30	30	4489
30	30	4498
30	30	4507
30	30	4516
30	30	4525
30	30	4534
30	30	4542
30	30	4550
30	30	4559
30	30	4568
30	30	4576
30	30	4585
30	30	4594
30	30	4603
30	30	4611
30	30	4619
30	30	4627
30	30	4636
30	30	4645
30	30	4654
30	30	4662
30	30	4670
30	30	4679
30	30	4688
30	30	4697
30	30	4706
30	30	4715
30	30	4723
30	30	4732
30	30	4741
30	30	4750
30	30	4759
30	30	4768
30	30	4777
30	30	4785
30	30	4794
30	30	4802
30	30	4810
30	30	4818
30	30	4827
30	30	4836
30	30	4845
30	30	4853
30	30	4862
30	30	4871
30	30	4879
30	30	4888
30	30	4896
30	30	4904
30	30	4912
30	30	4921
30	30	4930
30	30	4938
30	30	4947
30	30	4956
30	30	4965
30	30	4974
30	30	4983
30	30	4991
30	30	5000
30	30	5009
30	30	5018
30	30	5027
30	30	5035
30	30	5043
30	30	5051
30	30	5060
30	30	5068
30	30	5076
30	30	5085
30	30	5093
30	30	5102
30	30	5110
30	30	5119
30	30	5128
30	30	5136
30	30	5144
30	30	5154
30	30	5162
30	30	5171
30	30	5180
30	30	5188
30	30	5196
30	30	5205
30	30	5214
30	30	5223
30	30	5231
30	30	5240
30	30	5249
30	30	5257
30	30	5265
30	30	5273
30	30	5282
30	30	5291
30	30	5299
30	30	5308
30	30	5316
30	30	5325
30	30	5333
30	30	5342
30	30	5350
30	30	5358
30	30	5367
30	30	5375
30	30	5383
30	30	5391
30	30	5399
30	30	5407
30	30	5415
30	30	5424
30	30	5433
30	30	5441
30	30	5449
30	30	5457
30	30	5466
30	30	5475
30	30	5484
30	30	5492
30	30	5501
30	30	5510
30	30	5518
30	30	5527
30	30	5535
30	30	5543
30	30	5552
30	30	5560
30	30	5568
30	30	5576
30	30	5585
30	30	5593
30	30	5602
30	30	5611
30	30	5620
30	30	5629
30	30	5638
30	30	5646
30	30	5654
30	30	5662
30	30	5670
30	30	5679
30	30	5687
30	30	5695
30	30	5704
30	30	5712
30	30	5720
30	30	5728
30	30	5736
30	30	5744
30	30	5753
30	30	5762
30	30	5771
30	30	5780
30	30	5788
30	30	5796
30	30	5805
30	30	5813
30	30	5822
30	30	5831
30	30	5840
30	30	5848
30	30	5856
30	30	5864
30	30	5873
30	30	5882
30	30	5891
30	30	5900
30	30	5908
30	30	5916
30	30	5924
30	30	5932
30	30	5940
30	30	5949
30	30	5958
30	30	5966
30	30	5974
30	30	5984
30	30	5993
30	30	6002
30	30	6010
30	30	6018
30	30	6026
30	30	6035
30	30	6044
30	30	6052
30	30	6061
30	30	6070
30	30	6078
30	30	6087
30	30	6096
30	30	6105
30	30	6113
30	30	6122
30	30	6130
30	30	6139
30	30	6148
30	30	6156
30	30	6164
30	30	6172
30	30	6180
30	30	6189
30	30	6197
30	30	6205
30	30	6214
30	30	6223
30	30	6232
30	30	6241
30	30	6250
30	30	6259
30	30	6268
30	30	6277
30	30	6285
30	30	6294
30	30	6303
30	30	6312
30	30	6320
30	30	6328
30	30	6336
30	30	6345
30	30	6353
31	31	6361
37	37	6369
42	42	6377
48	48	6386
67	67	6395
76	76	6403
88	88	6411
127	127	6419
142	142	6427
195	195	6436
215	215	6444
241	241	6453
349	349	6461
349	349	6469
472	472	6478
509	509	6487
602	602	6495
633	633	6503
715	715	6511
738	738	6519
762	762	6528
831	831	6537
856	856	6545
877	877	6554
944	944	6562
966	966	6571
985	985	6580
1039	1039	6588
1053	1053	6597
1079	1079	6605
1079	1079	6614
1079	1079	6622
1079	1079	6631
1079	1079	6640
1079	1079	6648
1079	1079	6657
1079	1079	6666
1079	1079	6674
1079	1079	6683
1079	1079	6691
1079	1079	6699
1079	1079	6707
1079	1079	6715
1079	1079	6723
1079	1079	6731
1079	1079	6739
1079	1079	6747
1079	1079	6756
1079	1079	6764
1079	1079	6772
1079	1079	6781
1079	1079	6790
1079	1079	6799
1079	1079	6807
1079	1079	6815
1079	1079	6823
1077	1077	6831
1075	1075	6840
1068	1068	6849
1065	1065	6857
1058	1058	6866
1055	1055	6875
1053	1053	6884
1047	1047	6893
1045	1045	6902
1035	1035	6910
1033	1033	6918
1029	1029	6926
1027	1027	6934
1025	1025	6942
1021	1021	6950
1020	1020	6958
1017	1017	6966
1016	1016	6975
1015	1015	6984
1014	1014	6992
1013	1013	7000
1012	1012	7009
1011	1011	7017
1010	1010	7025
1010	1010	7034
1010	1010	7043
1009	1009	7052
1009	1009	7060
1009	1009	7068
1009	1009	7077
1009	1009	7086
1009	1009	7095
1009	1009	7103
1009	1009	7112
1009	1009	7121
1009	1009	7130
1009	1009	7139
1009	1009	7148
1009	1009	7156
1009	1009	7164
1009	1009	7172
1009	1009	7181
1009	1009	7189
1009	1009	7197
1009	1009	7205
1009	1009	7213
1009	1009	7222
1009	1009	7230
1009	1009	7239
1009	1009	7248
1009	1009	7257
1009	1009	7265
1009	1009	7273
1009	1009	7282
1009	1009	7290
1009	1009	7298
1009	1009	7307
1010	1010	7316
1010	1010	7325
1010	1010	7333
1012	1012	7342
1013	1013	7351
1013	1013	7359
1013	1013	7367
1014	1014	7375
1015	1015	7383
1015	1015	7391
1015	1015	7399
1015	1015	7408
1015	1015	7416
1015	1015	7425
1015	1015	7433
1015	1015	7441
1015	1015	7449
1015	1015	7458
1015	1015	7466
1015	1015	7475
1015	1015	7484
1015	1015	7493
1015	1015	7502
1015	1015	7510
1015	1015	7519
1015	1015	7528
1015	1015	7536
1015	1015	7544
1015	1015	7553
1015	1015	7561
1015	1015	7569
1015	1015	7578
1015	1015	7586
1015	1015	7595
1015	1015	7604
1015	1015	7612
1015	1015	7620
1015	1015	7629
1015	1015	7638
1015	1015	7646
1015	1015	7654
1015	1015	7662
1015	1015	7670
1015	1015	7679
1015	1015	7687
1015	1015	7696
1015	1015	7704
1015	1015	7713
1015	1015	7721
1015	1015	7729
1015	1015	7738
1015	1015	7747
1015	1015	7756
1015	1015	7765
1015	1015	7773
1015	1015	7781
1015	1015	7789
1015	1015	7798
1015	1015	7806
1015	1015	7814
1015	1015	7823
1015	1015	7831
1015	1015	7839
1015	1015	7847
1015	1015	7856
1015	1015	7864
1015	1015	7872
1015	1015	7880
1015	1015	7888
1015	1015	7897
1015	1015	7906
1015	1015	7914
1015	1015	7923
1015	1015	7931
1015	1015	7939
1015	1015	7948
1015	1015	7956
1015	1015	7965
1015	1015	7973
1015	1015	7982
1015	1015	7990
1015	1015	7998
1015	1015	8006
1015	1015	8014
1015	1015	8023
1015	1015	8031
1015	1015	8040
1015	1015	8048
1015	1015	8057
1015	1015	8066
1015	1015	8075
1015	1015	8084
1015	1015	8092
1015	1015	8100
1015	1015	8108
1015	1015	8116
1015	1015	8124
1015	1015	8132
1015	1015	8141
1015	1015	8149
1015	1015	8157
1015	1015	8165
1015	1015	8173
1015	1015	8181
1015	1015	8190
1015	1015	8199
1015	1015	8208
1015	1015	8217
1015	1015	8225
1015	1015	8234
1015	1015	8243
1015	1015	8252
1015	1015	8260
1015	1015	8268
1015	1015	8277
1015	1015	8286
1015	1015	8294
1015	1015	8302
1015	1015	8310
1015	1015	8319
1015	1015	8328
1015	1015	8336
1015	1015	8345
1015	1015	8353
1015	1015	8361
1015	1015	8369
1015	1015	8377
1015	1015	8386
1015	1015	8394
1015	1015	8403
1015	1015	8411
1015	1015	8419
1015	1015	8427
1015	1015	8435
1015	1015	8443
1015	1015	8451
1015	1015	8460
1015	1015	8468
1015	1015	8476
1015	1015	8485
1015	1015	8494
1015	1015	8503
1015	1015	8511
1015	1015	8520
1015	1015	8528
1015	1015	8536
1015	1015	8544
1015	1015	8553
1015	1015	8562
1015	1015	8570
1015	1015	8579
1015	1015	8588
1015	1015	8596
1015	1015	8604
1015	1015	8613
1015	1015	8621
1015	1015	8630
1015	1015	8639
1015	1015	8648
1015	1015	8657
1015	1015	8665
1015	1015	8674
1015	1015	8682
1015	1015	8691
1015	1015	8700
1015	1015	8709
1015	1015	8717
1015	1015	8725
1015	1015	8734
1015	1015	8742
1015	1015	8750
1015	1015	8759
1015	1015	8767
1015	1015	8776
1015	1015	8784
1015	1015	8792
1015	1015	8800
1015	1015	8809
1015	1015	8818
1015	1015	8826
1015	1015	8834
1015	1015	8842
1015	1015	8851
1015	1015	8859
1015	1015	8867
1015	1015	8875
1015	1015	8883
1015	1015	8892
1015	1015	8900
1015	1015	8908
1015	1015	8917
1015	1015	8926
1015	1015	8934
1015	1015	8943
1015	1015	8951
1015	1015	8959
1015	1015	8967
1015	1015	8975
1015	1015	8983
1015	1015	8991
1015	1015	9000
1015	1015	9008
1015	1015	9017
1015	1015	9025
1015	1015	9033
1015	1015	9041
1015	1015	9050
1015	1015	9058
1015	1015	9066
1015	1015	9074
1014	1014	9082
1014	1014	9090
1014	1014	9099
1013	1013	9108
1013	1013	9116
1013	1013	9124
1013	1013	9132
1013	1013	9141
1013	1013	9149
1012	1012	9158
1012	1012	9167
1012	1012	9176
1012	1012	9185
1012	1012	9194
1012	1012	9203
1012	1012	9211
1012	1012	9219
1012	1012	9228
1012	1012	9237
1012	1012	9246
1012	1012	9254
1012	1012	9262
1012	1012	9271
1012	1012	9279
1012	1012	9287
1012	1012	9295
1012	1012	9303
1012	1012	9312
1012	1012	9321
1012	1012	9330
1012	1012	9339
1012	1012	9348
1012	1012	9356
1012	1012	9364
1012	1012	9373
1010	1010	9381
1003	1003	9390
1000	1000	9399
992	992	9408
986	986	9416
979	979	9425
958	958	9433
947	947	9441
910	910	9450
894	894	9459
870	870	9468
806	806	9477
778	778	9485
671	671	9493
671	671	9501
639	639	9509
553	553	9518
493	493	9527
418	418	9536
395	395	9545
372	372	9554
317	317	9562
302	302	9570
268	268	9580
256	256	9589
245	245	9598
218	218	9606
205	205	9614
200	200	9623
196	196	9631
188	188	9639
185	185	9648
177	177	9658
175	175	9667
172	172	9676
165	165	9684
162	162	9692
159	159	9700
153	153	9709
150	150	9718
141	141	9726
138	138	9734
128	128	9742
124	124	9750
121	121	9758
112	112	9766
109	109	9774
104	104	9783
102	102	9792
101	101	9800
101	101	9808
101	101	9816
100	100	9824
100	100	9833
100	100	9842
99	99	9852
98	98	9861
97	97	9870
96	96	9879
95	95	9887
94	94	9896
93	93	9905
89	89	9914
87	87	9922
79	79	9930
75	75	9939
72	72	9948
61	61	9958
44	44	9966
40	40	9974
36	36	9982
26	26	9991
23	23	10000
19	19	10009
18	18	10018
16	16	10027
15	15	10036
15	15	10045
15	15	10054
15	15	10062
15	15	10070
15	15	10078
15	15	10087
15	15	10096
15	15	10104
15	15	10112
15	15	10121
15	15	10129
15	15	10137
15	15	10146
15	15	10154
15	15	10164
15	15	10172
15	15	10180
15	15	10189
15	15	10197
15	15	10206
15	15	10214
15	15	10222
15	15	10230
15	15	10238
15	15	10247
15	15	10255
15	15	10264
15	15	10272
15	15	10280
15	15	10288
15	15	10297
15	15	10305
15	15	10314
15	15	10322
15	15	10330
15	15	10338
15	15	10347
15	15	10355
15	15	10364
15	15	10373
15	15	10382
15	15	10391
15	15	10399
15	15	10407
15	15	10415
15	15	10423
15	15	10431
15	15	10439
15	15	10448
15	15	10456
15	15	10465
15	15	10473
15	15	10481
15	15	10489
15	15	10497
15	15	10506
15	15	10515
15	15	10524
15	15	10533
15	15	10542
15	15	10550
15	15	10558
15	15	10566
15	15	10575
15	15	10584
15	15	10592
15	15	10600
15	15	10608
15	15	10617
15	15	10625
15	15	10634
15	15	10642
15	15	10651
15	15	10659
15	15	10668
15	15	10676
15	15	10684
15	15	10692
15	15	10700
15	15	10708
15	15	10717
15	15	10726
15	15	10734
15	15	10742
15	15	10750
15	15	10758
15	15	10766
15	15	10775
15	15	10784
15	15	10792
15	15	10800
15	15	10809
15	15	10818
15	15	10827
15	15	10836
15	15	10844
15	15	10853
15	15	10862
15	15	10871
15	15	10880
15	15	10889
15	15	10898
15	15	10906
15	15	10915
15	15	10924
15	15	10933
15	15	10942
15	15	10950
15	15	10960
15	15	10969
15	15	10978
15	15	10987
15	15	10996
15	15	11005
15	15	11014
15	15	11022
15	15	11030
15	15	11038
15	15	11046
15	15	11055
15	15	11064
15	15	11072
15	15	11080
15	15	11088
15	15	11097
15	15	11105
15	15	11114
15	15	11122
15	15	11131
15	15	11140
15	15	11148
15	15	11157
15	15	11166
15	15	11174
15	15	11182
15	15	11190
15	15	11198
15	15	11206
15	15	11215
15	15	11224
15	15	11234
15	15	11243
15	15	11251
15	15	11259
15	15	11268
15	15	11277
15	15	11285
15	15	11294
15	15	11302
15	15	11311
15	15	11320
15	15	11328
15	15	11337
15	15	11346
15	15	11355
15	15	11363
15	15	11372
15	15	11380
15	15	11388
15	15	11396
15	15	11405
15	15	11414
15	15	11423
15	15	11432
15	15	11440
15	15	11448
15	15	11457
15	15	11465
15	15	11474
15	15	11482
15	15	11490
15	15	11498
15	15	11507
15	15	11515
15	15	11523
15	15	11532
15	15	11540
15	15	11548
15	15	11557
15	15	11566
15	15	11574
15	15	11582
15	15	11590
15	15	11598
15	15	11607
15	15	11616
15	15	11624
15	15	11633
15	15	11642
15	15	11650
15	15	11659
15	15	11667
15	15	11675
15	15	11684
15	15	11692
15	15	11700
15	15	11708
15	15	11716
15	15	11725
15	15	11734
15	15	11742
15	15	11751
15	15	11759
15	15	11767
15	15	11776
15	15	11785
15	15	11794
15	15	11803
15	15	11811
15	15	11819
15	15	11828
15	15	11836
15	15	11845
15	15	11854
15	15	11862
15	15	11870
15	15	11878
15	15	11887
15	15	11896
16	16	11904
16	16	11912
17	17	11920
18	18	11929
19	19	11938
19	19	11946
21	21	11955
22	22	11964
23	23	11973
24	24	11982
26	26	11990
26	26	11999
27	27	12008
27	27	12016
28	28	12024
28	28	12032
29	29	12040
29	29	12048
30	30	12057
30	30	12066
31	31	12074
31	31	12082
31	31	12091
32	32	12100
32	32	12108
32	32	12116
33	33	12124
34	34	12133
34	34	12142
35	35	12150
37	37	12158
37	37	12166
37	37	12174
39	39	12183
40	40	12191
42	42	12199
43	43	12207
44	44	12216
46	46	12224
47	47	12233
48	48	12242
49	49	12250
49	49	12258
50	50	12267
51	51	12275
51	51	12284
52	52	12294
53	53	12303
56	56	12312
57	57	12320
63	63	12329
68	68	12337
73	73	12346
85	85	12354
99	99	12363
106	106	12371
113	113	12379
136	136	12387
144	144	12396
169	169	12404
179	179	12412
187	187	12420
210	210	12428
218	218	12437
228	228	12446
257	257	12455
276	276	12464
282	282	12472
288	288	12481
300	300	12490
304	304	12499
314	314	12508
317	317	12516
321	321	12525
332	332	12534
334	334	12542
339	339	12551
339	339	12559
341	341	12568
344	344	12577
346	346	12585
349	349	12595
351	351	12604
353	353	12613
354	354	12621
354	354	12630
354	354	12638
354	354	12647
354	354	12656
354	354	12665
354	354	12674
354	354	12682
354	354	12691
354	354	12699
354	354	12708
354	354	12717
354	354	12725
354	354	12734
354	354	12743
354	354	12752
354	354	12760
354	354	12769
354	354	12777
354	354	12785
354	354	12794
354	354	12802
354	354	12810
354	354	12818
354	354	12827
354	354	12836
354	354	12844
354	354	12852
354	354	12860
354	354	12869
354	354	12878
354	354	12887
354	354	12895
354	354	12903
354	354	12912
354	354	12920
354	354	12928
354	354	12936
354	354	12945
354	354	12953
354	354	12961
354	354	12970
354	354	12979
354	354	12987
354	354	12995
354	354	13004
354	354	13012
354	354	13020
354	354	13028
354	354	13036
354	354	13044
354	354	13053
354	354	13061
354	354	13069
354	354	13078
354	354	13086
354	354	13094
354	354	13103
354	354	13112
354	354	13121
354	354	13130
354	354	13138
354	354	13147
354	354	13156
354	354	13165
354	354	13174
354	354	13182
354	354	13191
354	354	13200
354	354	13209
354	354	13217
354	354	13225
354	354	13233
354	354	13241
354	354	13250
354	354	13259
354	354	13267
354	354	13276
354	354	13284
354	354	13292
354	354	13300
354	354	13309
354	354	13318
354	354	13326
354	354	13334
354	354	13342
354	354	13350
354	354	13358
354	354	13366
354	354	13375
354	354	13383
354	354	13391
354	354	13400
354	354	13409
354	354	13418
354	354	13426
354	354	13434
354	354	13442
354	354	13451
354	354	13459
354	354	13468
354	354	13476
354	354	13485
354	354	13494
354	354	13503
354	354	13512
354	354	13521
354	354	13529
354	354	13537
354	354	13546
354	354	13555
354	354	13564
354	354	13573
354	354	13582
354	354	13591
354	354	13600
354	354	13609
354	354	13618
354	354	13627
354	354	13636
354	354	13645
354	354	13654
354	354	13662
354	354	13671
354	354	13680
354	354	13688
354	354	13696
354	354	13705
354	354	13714
354	354	13723
354	354	13731
354	354	13739
354	354	13748
354	354	13757
354	354	13765
354	354	13774
354	354	13782
354	354	13790
354	354	13798
354	354	13806
354	354	13814
354	354	13823
354	354	13831
354	354	13840
354	354	13848
354	354	13857
354	354	13866
354	354	13874
354	354	13883
354	354	13892
354	354	13901
354	354	13910
354	354	13918
354	354	13926
354	354	13934
354	354	13943
354	354	13952
354	354	13961
354	354	13969
354	354	13977
354	354	13985
354	354	13993
354	354	14001
354	354	14009
354	354	14017
354	354	14025
354	354	14033
354	354	14041
354	354	14049
354	354	14057
354	354	14065
354	354	14073
354	354	14081
354	354	14090
354	354	14099
354	354	14108
354	354	14116
354	354	14124
354	354	14132
354	354	14141
354	354	14149
354	354	14158
354	354	14166
354	354	14174
354	354	14182
354	354	14191
354	354	14200
354	354	14208
354	354	14216
354	354	14225
354	354	14234
354	354	14243
354	354	14251
354	354	14260
354	354	14268
354	354	14276
354	354	14285
354	354	14293
354	354	14301
354	354	14309
354	354	14318
354	354	14327
354	354	14336
354	354	14344
354	354	14352
354	354	14360
354	354	14369
354	354	14378
354	354	14387
354	354	14396
354	354	14405
354	354	14413
354	354	14421
354	354	14430
354	354	14439
354	354	14448
354	354	14456
354	354	14464
354	354	14473
354	354	14482
354	354	14491
354	354	14499
354	354	14508
354	354	14517
354	354	14525
354	354	14534
354	354	14543
354	354	14551
354	354	14559
354	354	14567
354	354	14576
354	354	14584
354	354	14592
354	354	14600
354	354	14608
354	354	14616
354	354	14624
354	354	14632
354	354	14640
354	354	14648
354	354	14657
354	354	14665
354	354	14674
354	354	14683
354	354	14692
354	354	14700
354	354	14709
354	354	14717
355	355	14725
355	355	14733
355	355	14741
355	355	14749
355	355	14758
355	355	14766
355	355	14775
355	355	14783
355	355	14792
355	355	14801
355	355	14809
355	355	14817
355	355	14826
355	355	14834
355	355	14844
355	355	14853
355	355	14862
355	355	14870
355	355	14878
355	355	14886
355	355	14894
355	355	14903
355	355	14911
355	355	14919
355	355	14927
355	355	14936
355	355	14945
355	355	14954
355	355	14962
355	355	14970
355	355	14978
355	355	14987
355	355	14996
355	355	15006
355	355	15014
355	355	15022
355	355	15030
355	355	15039
355	355	15048
355	355	15057
355	355	15065
355	355	15073
355	355	15081
355	355	15090
355	355	15098
355	355	15107
355	355	15116
355	355	15124
355	355	15132
355	355	15140
355	355	15148
355	355	15157
355	355	15165
355	355	15174
355	355	15182
355	355	15190
355	355	15199
355	355	15207
355	355	15215
355	355	15224
355	355	15232
355	355	15241
355	355	15250
355	355	15258
355	355	15267
355	355	15275
355	355	15284
355	355	15292
355	355	15300
355	355	15308
355	355	15317
355	355	15325
355	355	15333
349	349	15342
337	337	15351
330	330	15360
322	322	15368
302	302	15376
293	293	15385
264	264	15393
254	254	15401
243	243	15409
213	213	15418
202	202	15427
192	192	15435
160	160	15443
149	149	15452
121	121	15460
111	111	15469
102	102	15478
75	75	15486
68	68	15494
55	55	15502
51	51	15510
40	40	15519
37	37	15527
35	35	15535
33	33	15544
31	31	15553
30	30	15561
29	29	15570
29	29	15578
29	29	15587
28	28	15595
27	27	15603
27	27	15611
26	26	15620
24	24	15629
21	21	15637
13	13	15645
11	11	15653
11	11	15662
7	7	15670
6	6	15679
5	5	15687
5	5	15695
5	5	15704
5	5	15712
5	5	15720
5	5	15728
5	5	15736
5	5	15744
5	5	15753
5	5	15762
5	5	15770
5	5	15778
5	5	15786
5	5	15794
5	5	15802
5	5	15811
5	5	15820
5	5	15828
5	5	15836
5	5	15844
5	5	15852
5	5	15861
5	5	15869
5	5	15877
5	5	15886
6	6	15894
6	6	15902
7	7	15910
8	8	15919
8	8	15927
8	8	15935
10	10	15944
10	10	15953
12	12	15961
13	13	15970
14	14	15979
15	15	15988
15	15	15997
17	17	16005
17	17	16014
20	20	16023
20	20	16031
21	21	16040
21	21	16049
21	21	16057
22	22	16065
22	22	16074
22	22	16082
22	22	16090
23	23	16099
23	23	16108
23	23	16117
23	23	16126
23	23	16135
23	23	16144
23	23	16152
23	23	16160
23	23	16168
23	23	16176
23	23	16184
23	23	16192
23	23	16201
23	23	16210
23	23	16218
23	23	16227
23	23	16235
23	23	16244
23	23	16252
23	23	16260
23	23	16269
23	23	16277
23	23	16285
23	23	16294
23	23	16302
23	23	16311
23	23	16319
23	23	16328
23	23	16337
23	23	16346
23	23	16355
23	23	16363
23	23	16372
23	23	16380
23	23	16388
23	23	16396
23	23	16404
23	23	16412
23	23	16421
23	23	16430
23	23	16438
23	23	16446
23	23	16454
23	23	16462
23	23	16470
23	23	16478
23	23	16486
23	23	16494
23	23	16503
23	23	16512
23	23	16520
23	23	16529
23	23	16538
23	23	16547
23	23	16555
23	23	16564
23	23	16573
23	23	16581
23	23	16590
23	23	16599
23	23	16608
23	23	16616
23	23	16624
23	23	16632
23	23	16640
23	23	16648
23	23	16656
23	23	16664
23	23	16673
23	23	16681
23	23	16690
23	23	16699
23	23	16707
23	23	16716
23	23	16724
23	23	16732
23	23	16740
23	23	16748
23	23	16756
23	23	16765
23	23	16774
23	23	16783
23	23	16792
23	23	16800
23	23	16808
23	23	16817
23	23	16826
23	23	16834
23	23	16842
23	23	16851
23	23	16860
23	23	16869
23	23	16877
23	23	16885
23	23	16894
23	23	16904
23	23	16912
23	23	16922
23	23	16930
23	23	16938
23	23	16947
23	23	16956
23	23	16964
23	23	16972
23	23	16980
23	23	16989
23	23	16998
23	23	17007
23	23	17015
23	23	17023
23	23	17032
23	23	17040
23	23	17048
23	23	17057
23	23	17066
23	23	17075
23	23	17084
23	23	17092
23	23	17101
23	23	17110
23	23	17118
23	23	17126
23	23	17135
23	23	17144
23	23	17152
23	23	17161
23	23	17170
23	23	17178
23	23	17186
23	23	17195
23	23	17204
23	23	17213
23	23	17221
23	23	17230
23	23	17239
23	23	17248
23	23	17256
23	23	17265
23	23	17273
23	23	17281
23	23	17289
23	23	17297
23	23	17306
23	23	17315
23	23	17324
23	23	17332
23	23	17341
23	23	17350
23	23	17359
23	23	17367
23	23	17375
23	23	17384
23	23	17392
23	23	17400
23	23	17409
23	23	17417
23	23	17425
23	23	17434
23	23	17442
23	23	17450
23	23	17459
23	23	17468
23	23	17476
23	23	17485
23	23	17493
23	23	17501
23	23	17509
23	23	17517
23	23	17526
23	23	17534
23	23	17542
23	23	17550
23	23	17559
23	23	17568
23	23	17576
23	23	17585
23	23	17593
23	23	17601
23	23	17609
23	23	17617
23	23	17626
23	23	17635
23	23	17644
23	23	17653
23	23	17662
23	23	17670
23	23	17679
23	23	17688
23	23	17696
23	23	17704
23	23	17712
23	23	17720
23	23	17729
23	23	17738
23	23	17747
23	23	17755
23	23	17764
23	23	17773
24	24	17782
24	24	17791
24	24	17800
24	24	17808
24	24	17816
24	24	17824
24	24	17832
24	24	17842
24	24	17851
24	24	17859
24	24	17867
24	24	17875
24	24	17883
24	24	17892
24	24	17901
24	24	17910
24	24	17919
24	24	17928
24	24	17936
24	24	17945
24	24	17953
24	24	17961
24	24	17970
24	24	17978
24	24	17986
24	24	17994
24	24	18002
24	24	18010
24	24	18019
24	24	18028
24	24	18037
24	24	18046
24	24	18055
24	24	18063
24	24	18071
25	25	18080
26	26	18089
26	26	18098
27	27	18106
28	28	18115
28	28	18124
29	29	18133
30	30	18142
32	32	18151
32	32	18160
34	34	18168
34	34	18176
35	35	18184
37	37	18193
38	38	18201
39	39	18209
40	40	18218
41	41	18226
43	43	18235
43	43	18244
44	44	18253
45	45	18261
46	46	18270
49	49	18279
50	50	18288
53	53	18296
55	55	18305
64	64	18314
70	70	18323
75	75	18331
92	92	18339
99	99	18348
116	116	18356
125	125	18365
152	152	18374
176	176	18383
215	215	18392
234	234	18401
292	292	18409
315	315	18418
336	336	18427
401	401	18436
425	425	18445
448	448	18454
540	540	18462
603	603	18470
626	626	18478
647	647	18486
707	707	18494
720	720	18502
753	753	18510
762	762	18519
769	769	18528
781	781	18537
784	784	18545
786	786	18553
787	787	18561
787	787	18569
787	787	18578
787	787	18587
787	787	18596
787	787	18605
787	787	18613
787	787	18622
787	787	18631
787	787	18640
787	787	18649
787	787	18658
787	787	18667
787	787	18676
787	787	18684
787	787	18693
787	787	18701
787	787	18710
784	784	18719
783	783	18728
780	780	18736
772	772	18745
768	768	18754
758	758	18762
756	756	18770
752	752	18778
745	745	18787
742	742	18795
740	740	18803
735	735	18811
734	734	18819
731	731	18827
731	731	18835
730	730	18844
729	729	18853
728	728	18862
728	728	18871
728	728	18880
728	728	18888
728	728	18896
728	728	18904
728	728	18913
728	728	18922
728	728	18930
728	728	18938
728	728	18947
728	728	18956
728	728	18964
728	728	18973
728	728	18981
728	728	18990
728	728	18998
728	728	19007
728	728	19015
728	728	19024
728	728	19032
728	728	19041
728	728	19049
728	728	19058
728	728	19066
728	728	19074
728	728	19082
728	728	19091
728	728	19100
728	728	19109
728	728	19117
728	728	19125
728	728	19133
728	728	19141
728	728	19150
728	728	19158
728	728	19166
728	728	19175
728	728	19183
728	728	19191
728	728	19199
728	728	19208
728	728	19216
728	728	19225
728	728	19234
728	728	19242
728	728	19250
728	728	19258
728	728	19266
728	728	19275
728	728	19284
728	728	19293
728	728	19302
728	728	19310
728	728	19319
728	728	19328
728	728	19336
728	728	19344
728	728	19352
728	728	19361
728	728	19369
728	728	19377
728	728	19385
728	728	19393
728	728	19402
728	728	19410
728	728	19419
728	728	19428
728	728	19437
728	728	19446
728	728	19455
728	728	19463
728	728	19472
728	728	19481
728	728	19490
728	728	19498
728	728	19506
728	728	19515
728	728	19524
728	728	19532
728	728	19541
728	728	19549
728	728	19557
728	728	19565
728	728	19573
728	728	19581
728	728	19590
728	728	19599
728	728	19608
728	728	19617
728	728	19625
728	728	19634
728	728	19642
728	728	19650
728	728	19659
728	728	19668
728	728	19676
728	728	19684
728	728	19692
728	728	19701
728	728	19710
728	728	19718
728	728	19727
728	728	19736
728	728	19745
728	728	19754
728	728	19762
728	728	19770
728	728	19778
728	728	19786
728	728	19794
728	728	19802
728	728	19811
728	728	19819
728	728	19827
728	728	19835
728	728	19844
728	728	19852
728	728	19861
728	728	19870
728	728	19878
728	728	19887
728	728	19896
728	728	19904
728	728	19913
728	728	19921
728	728	19929
728	728	19938
728	728	19946
728	728	19954
728	728	19962
728	728	19971
728	728	19980
728	728	19989
728	728	19998
728	728	20006
728	728	20014
728	728	20023
728	728	20032
728	728	20041
728	728	20049
728	728	20058
728	728	20066
728	728	20074
728	728	20082
728	728	20091
728	728	20099
728	728	20107
728	728	20115
728	728	20124
728	728	20132
728	728	20140
728	728	20148
728	728	20157
728	728	20165
728	728	20173
728	728	20182
728	728	20190
728	728	20198
728	728	20206
728	728	20215
728	728	20224
728	728	20233
728	728	20242
728	728	20250
728	728	20258
728	728	20266
728	728	20274
728	728	20282
728	728	20291
728	728	20299
728	728	20307
728	728	20315
728	728	20324
728	728	20333
728	728	20341
728	728	20349
717	717	20357
717	717	20365
712	712	20374
683	683	20382
675	675	20390
665	665	20398
638	638	20406
628	628	20414
603	603	20422
596	596	20431
592	592	20439
581	581	20448
577	577	20457
570	570	20465
568	568	20473
568	568	20482
567	567	20491
566	566	20499
566	566	20507
566	566	20516
566	566	20525
566	566	20533
566	566	20541
566	566	20550
566	566	20558
566	566	20567
566	566	20576
566	566	20585
566	566	20594
566	566	20604
566	566	20613
566	566	20621
566	566	20630
566	566	20638
566	566	20647
566	566	20655
566	566	20663
566	566	20671
566	566	20680
566	566	20689
566	566	20698
566	566	20706
566	566	20714
566	566	20722
566	566	20731
566	566	20740
566	566	20748
566	566	20757
566	566	20765
566	566	20774
566	566	20782
566	566	20791
566	566	20799
566	566	20808
566	566	20817
566	566	20825
566	566	20833
566	566	20841
566	566	20849
566	566	20857
566	566	20866
566	566	20875
566	566	20883
566	566	20891
566	566	20900
566	566	20908
566	566	20916
566	566	20925
566	566	20933
566	566	20941
566	566	20950
566	566	20959
566	566	20967
566	566	20976
566	566	20984
566	566	20993
566	566	21001
566	566	21010
566	566	21018
566	566	21026
566	566	21034
566	566	21042
566	566	21050
566	566	21059
566	566	21068
566	566	21076
566	566	21084
566	566	21094
566	566	21102
566	566	21110
566	566	21118
566	566	21126
566	566	21134
566	566	21142
566	566	21151
566	566	21159
566	566	21168
566	566	21176
566	566	21186
566	566	21195
566	566	21204
566	566	21213
566	566	21221
566	566	21229
566	566	21237
566	566	21246
566	566	21255
566	566	21264
566	566	21272
566	566	21280
566	566	21289
566	566	21297
566	566	21306
566	566	21314
566	566	21322
566	566	21330
566	566	21338
566	566	21347
566	566	21355
565	565	21364
558	558	21372
551	551	21381
524	524	21389
524	524	21397
512	512	21405
476	476	21414
396	396	21422
373	373	21431
351	351	21440
286	286	21448
267	267	21456
204	204	21465
185	185	21473
164	164	21482
109	109	21490
89	89	21498
75	75	21506
37	37	21514
26	26	21523
0	0	21531
0	0	21539
0	0	21547
0	0	21556
0	0	21564
0	0	21572
0	0	21580
0	0	21589
0	0	21598
0	0	21606
0	0	21614
0	0	21623
0	0	21631
0	0	21639
1	1	21648
2	2	21657
2	2	21666
3	3	21675
4	4	21684
5	5	21693
8	8	21701
9	9	21710
14	14	21718
15	15	21726
18	18	21734
19	19	21742
21	21	21750
24	24	21758
25	25	21766
28	28	21774
29	29	21783
31	31	21792
34	34	21800
35	35	21808
38	38	21817
39	39	21825
41	41	21834
43	43	21842
44	44	21850
45	45	21858
47	47	21867
47	47	21875
47	47	21883
47	47	21892
47	47	21900
47	47	21909
47	47	21917
47	47	21925
47	47	21934
47	47	21943
47	47	21951
47	47	21959
47	47	21967
47	47	21975
47	47	21984
47	47	21993
47	47	22001
47	47	22009
47	47	22017
47	47	22025
47	47	22033
47	47	22042
47	47	22050
47	47	22058
47	47	22067
47	47	22075
47	47	22083
47	47	22091
47	47	22099
47	47	22108
47	47	22116
47	47	22124
47	47	22133
47	47	22142
47	47	22151
47	47	22159
47	47	22168
47	47	22177
47	47	22185
47	47	22193
47	47	22202
47	47	22211
47	47	22220
47	47	22229
47	47	22238
47	47	22246
47	47	22254
47	47	22262
47	47	22271
47	47	22279
47	47	22287
47	47	22295
47	47	22304
47	47	22313
47	47	22322
47	47	22331
47	47	22340
47	47	22349
47	47	22358
47	47	22367
47	47	22375
47	47	22383
47	47	22391
47	47	22400
47	47	22408
47	47	22417
47	47	22426
47	47	22435
47	47	22444
47	47	22453
47	47	22462
47	47	22471
47	47	22480
47	47	22488
47	47	22497
47	47	22505
47	47	22514
47	47	22527
47	47	22535
47	47	22544
47	47	22553
47	47	22561
47	47	22570
47	47	22579
47	47	22588
47	47	22597
47	47	22606
47	47	22614
47	47	22622
47	47	22631
47	47	22640
47	47	22648
47	47	22656
47	47	22664
47	47	22672
47	47	22680
47	47	22688
47	47	22696
47	47	22704
47	47	22712
47	47	22721
47	47	22729
47	47	22738
47	47	22746
47	47	22755
47	47	22763
47	47	22772
47	47	22781
47	47	22790
47	47	22798
47	47	22806
47	47	22814
47	47	22822
47	47	22830
47	47	22838
47	47	22847
47	47	22855
47	47	22863
47	47	22872
47	47	22881
47	47	22890
47	47	22899
47	47	22907
47	47	22916
47	47	22924
47	47	22933
47	47	22942
47	47	22951
47	47	22959
47	47	22967
47	47	22975
47	47	22983
47	47	22991
47	47	23000
47	47	23009
47	47	23017
47	47	23026
47	47	23034
47	47	23042
47	47	23051
47	47	23060
47	47	23069
47	47	23078
47	47	23086
47	47	23094
47	47	23103
47	47	23111
47	47	23119
47	47	23128
47	47	23137
47	47	23146
47	47	23155
47	47	23164
47	47	23173
47	47	23182
47	47	23190
47	47	23198
47	47	23207
47	47	23216
47	47	23224
47	47	23232
47	47	23240
47	47	23248
47	47	23257
47	47	23266
47	47	23275
47	47	23283
47	47	23291
47	47	23299
47	47	23308
47	47	23317
47	47	23326
47	47	23335
47	47	23343
47	47	23351
47	47	23359
47	47	23367
47	47	23375
47	47	23384
47	47	23394
47	47	23402
47	47	23410
47	47	23419
47	47	23427
47	47	23435
47	47	23443
47	47	23451
47	47	23459
47	47	23467
47	47	23475
47	47	23484
47	47	23493
47	47	23501
47	47	23509
47	47	23517
47	47	23525
47	47	23533
47	47	23542
47	47	23550
47	47	23559
47	47	23568
47	47	23577
47	47	23585
47	47	23593
47	47	23601
47	47	23610
47	47	23619
47	47	23627
47	47	23635
47	47	23644
47	47	23652
47	47	23660
47	47	23669
47	47	23678
47	47	23686
47	47	23695
47	47	23703
47	47	23711
47	47	23720
47	47	23729
47	47	23738
47	47	23746
47	47	23755
47	47	23764
47	47	23772
47	47	23780
47	47	23788
47	47	23797
47	47	23806
47	47	23815
47	47	23825
47	47	23833
47	47	23842
49	49	23851
49	49	23860
50	50	23869
50	50	23878
51	51	23887
51	51	23896
51	51	23905
51	51	23914
51	51	23922
51	51	23931
51	51	23939
51	51	23947
51	51	23956
51	51	23964
51	51	23973
51	51	23981
51	51	23989
51	51	23997
51	51	24005
51	51	24013
51	51	24022
51	51	24031
51	51	24040
51	51	24048
51	51	24056
51	51	24064
51	51	24073
51	51	24082
51	51	24091
51	51	24099
51	51	24108
51	51	24116
51	51	24125
51	51	24133
51	51	24141
51	51	24150
51	51	24159
51	51	24168
51	51	24176
51	51	24184
51	51	24192
51	51	24200
51	51	24209
51	51	24218
51	51	24226
51	51	24234
51	51	24242
51	51	24251
51	51	24260
51	51	24268
51	51	24276
51	51	24285
51	51	24293
51	51	24302
51	51	24310
51	51	24319
51	51	24328
51	51	24336
51	51	24345
51	51	24353
51	51	24361
53	53	24370
61	61	24378
67	67	24387
75	75	24396
100	100	24404
113	113	24412
126	126	24420
169	169	24429
192	192	24437
268	268	24445
301	301	24454
424	424	24462
460	460	24470
550	550	24478
583	583	24487
614	614	24495
693	693	24503
719	719	24512
784	784	24520
804	804	24529
821	821	24538
865	865	24547
877	877	24555
888	888	24564
912	912	24572
918	918	24580
925	925	24588
935	935	24597
940	940	24606
950	950	24614
953	953	24622
960	960	24631
962	962	24639
968	968	24647
970	970	24656
972	972	24664
974	974	24673
975	975	24681
976	976	24690
976	976	24699
976	976	24708
976	976	24718
976	976	24727
976	976	24735
976	976	24743
976	976	24752
976	976	24761
976	976	24770
976	976	24779
976	976	24787
976	976	24796
976	976	24804
976	976	24812
973	973	24821
971	971	24829
967	967	24837
965	965	24846
957	957	24854
955	955	24862
952	952	24870
947	947	24878
944	944	24886
937	937	24894
935	935	24902
933	933	24910
929	929	24918
928	928	24926
928	928	24934
927	927	24942
927	927	24950
927	927	24958
927	927	24967
927	927	24976
927	927	24985
927	927	24994
927	927	25002
927	927	25011
927	927	25019
927	927	25027
927	927	25036
927	927	25044
927	927	25054
927	927	25062
927	927	25071
927	927	25080
927	927	25088
927	927	25097
927	927	25105
927	927	25114
927	927	25123
927	927	25132
927	927	25140
927	927	25148
927	927	25157
927	927	25166
927	927	25174
927	927	25182
927	927	25190
927	927	25199
927	927	25207
927	927	25215
927	927	25223
927	927	25231
927	927	25239
927	927	25248
927	927	25256
927	927	25264
927	927	25273
927	927	25281
927	927	25290
927	927	25299
927	927	25308
927	927	25317
927	927	25325
927	927	25333
927	927	25341
927	927	25349
927	927	25357
927	927	25366
927	927	25374
927	927	25382
927	927	25392
927	927	25401
927	927	25409
927	927	25417
927	927	25426
927	927	25434
927	927	25443
927	927	25451
927	927	25459
927	927	25467
927	927	25475
927	927	25484
927	927	25492
927	927	25500
927	927	25508
927	927	25516
927	927	25524
927	927	25532
927	927	25540
927	927	25549
927	927	25557
927	927	25565
927	927	25574
927	927	25582
927	927	25590
927	927	25599
927	927	25608
927	927	25617
927	927	25626
927	927	25634
927	927	25642
927	927	25651
927	927	25659
927	927	25668
927	927	25677
927	927	25685
927	927	25694
927	927	25702
927	927	25711
927	927	25720
927	927	25728
927	927	25736
927	927	25745
927	927	25753
927	927	25762
927	927	25771
927	927	25780
927	927	25789
927	927	25798
927	927	25807
927	927	25816
927	927	25824
927	927	25833
927	927	25843
927	927	25852
927	927	25861
927	927	25870
927	927	25879
927	927	25887
927	927	25896
927	927	25904
927	927	25913
927	927	25922
927	927	25930
927	927	25938
927	927	25946
927	927	25955
927	927	25963
927	927	25971
927	927	25979
927	927	25987
927	927	25995
927	927	26003
927	927	26012
927	927	26021
927	927	26030
927	927	26038
927	927	26047
927	927	26056
927	927	26065
927	927	26074
927	927	26082
927	927	26090
927	927	26098
927	927	26106
927	927	26115
927	927	26124
927	927	26132
927	927	26141
927	927	26150
927	927	26159
927	927	26168
927	927	26176
927	927	26184
927	927	26193
927	927	26202
927	927	26211
927	927	26220
927	927	26229
927	927	26238
927	927	26247
927	927	26255
927	927	26264
927	927	26273
927	927	26282
927	927	26290
927	927	26298
927	927	26306
927	927	26314
927	927	26323
927	927	26331
927	927	26339
927	927	26348
927	927	26356
927	927	26365
927	927	26374
927	927	26383
927	927	26391
927	927	26399
927	927	26407
927	927	26416
927	927	26424
927	927	26432
927	927	26441
927	927	26449
927	927	26458
927	927	26466
927	927	26474
927	927	26483
927	927	26492
927	927	26501
927	927	26509
927	927	26518
927	927	26526
927	927	26534
927	927	26542
927	927	26551
927	927	26559
927	927	26567
927	927	26575
927	927	26583
927	927	26591
927	927	26600
927	927	26609
927	927	26618
927	927	26626
927	927	26634
927	927	26642
927	927	26651
927	927	26659
927	927	26668
927	927	26676
927	927	26685
927	927	26694
927	927	26703
927	927	26712
927	927	26720
927	927	26728
927	927	26737
927	927	26746
927	927	26755
927	927	26763
927	927	26772
927	927	26780
927	927	26789
927	927	26798
927	927	26806
927	927	26815
927	927	26823
927	927	26832
927	927	26840
927	927	26848
927	927	26857
927	927	26865
927	927	26873
927	927	26882
927	927	26890
927	927	26899
927	927	26907
927	927	26916
927	927	26924
927	927	26933
927	927	26941
927	927	26949
927	927	26957
927	927	26965
927	927	26974
927	927	26983
927	927	26991
927	927	26999
927	927	27007
927	927	27015
927	927	27024
927	927	27032
927	927	27041
927	927	27049
927	927	27058
927	927	27066
927	927	27075
927	927	27083
927	927	27092
927	927	27100
927	927	27108
927	927	27116
927	927	27125
927	927	27134
927	927	27142
927	927	27150
927	927	27158
927	927	27166
927	927	27175
927	927	27183
927	927	27191
927	927	27200
927	927	27208
927	927	27217
927	927	27226
927	927	27235
927	927	27244
927	927	27252
927	927	27261
927	927	27270
927	927	27279
927	927	27287
927	927	27295
927	927	27304
927	927	27312
927	927	27320
927	927	27328
927	927	27336
927	927	27344
927	927	27352
927	927	27360
927	927	27368
927	927	27377
927	927	27385
927	927	27393
926	926	27402
922	922	27410
911	911	27418
904	904	27427
887	887	27436
879	879	27444
869	869	27452
839	839	27461
758	758	27470
732	732	27478
701	701	27488
603	603	27497
554	554	27506
505	505	27514
391	391	27523
348	348	27532
245	245	27540
207	207	27549
171	171	27558
49	49	27566
19	19	27574
0	0	27583
0	0	27592
0	0	27600
0	0	27608
0	0	27617
0	0	27626
0	0	27634
0	0	27643
0	0	27651
0	0	27659
0	0	27667
0	0	27675
0	0	27683
0	0	27691
0	0	27699
0	0	27707
0	0	27716
0	0	27724
0	0	27733
1	1	27742
3	3	27751
4	4	27760
5	5	27769
7	7	27777
10	10	27786
11	11	27794
13	13	27802
18	18	27810
19	19	27818
23	23	27827
24	24	27835
26	26	27844
29	29	27852
30	30	27861
32	32	27870
35	35	27878
36	36	27886
39	39	27894
40	40	27903
41	41	27912
41	41	27921
41	41	27929
41	41	27938
41	41	27947
41	41	27956
41	41	27964
41	41	27972
41	41	27981
41	41	27990
41	41	27998
41	41	28006
41	41	28015
41	41	28024
41	41	28033
41	41	28042
41	41	28050
41	41	28059
41	41	28068
41	41	28076
41	41	28085
41	41	28093
41	41	28101
41	41	28109
41	41	28118
41	41	28127
41	41	28135
41	41	28143
41	41	28152
41	41	28160
41	41	28168
41	41	28176
41	41	28184
41	41	28193
41	41	28201
41	41	28209
41	41	28218
41	41	28226
41	41	28235
41	41	28243
41	41	28252
41	41	28261
41	41	28270
41	41	28278
41	41	28286
41	41	28294
41	41	28303
41	41	28311
41	41	28320
41	41	28328
41	41	28337
41	41	28346
41	41	28354
41	41	28362
41	41	28370
41	41	28378
41	41	28386
41	41	28394
41	41	28402
41	41	28410
41	41	28418
41	41	28427
41	41	28435
41	41	28444
41	41	28452
41	41	28460
41	41	28468
41	41	28477
41	41	28486
41	41	28494
41	41	28502
41	41	28511
41	41	28520
41	41	28529
41	41	28538
41	41	28547
41	41	28556
41	41	28565
41	41	28573
41	41	28582
41	41	28591
41	41	28599
41	41	28608
41	41	28616
41	41	28624
41	41	28632
41	41	28641
41	41	28649
41	41	28657
41	41	28665
41	41	28674
41	41	28682
41	41	28690
41	41	28699
41	41	28707
41	41	28715
41	41	28723
41	41	28732
41	41	28740
41	41	28748
41	41	28757
41	41	28765
41	41	28774
41	41	28782
41	41	28790
41	41	28798
41	41	28807
41	41	28815
41	41	28824
41	41	28833
41	41	28842
41	41	28851
41	41	28860
41	41	28869
41	41	28878
41	41	28886
41	41	28894
41	41	28902
41	41	28910
41	41	28918
41	41	28927
41	41	28935
41	41	28944
41	41	28952
41	41	28960
41	41	28968
41	41	28976
41	41	28984
41	41	28993
41	41	29001
41	41	29009
41	41	29018
41	41	29026
41	41	29034
41	41	29042
41	41	29050
41	41	29058
41	41	29067
41	41	29076
41	41	29085
41	41	29094
41	41	29102
41	41	29110
41	41	29118
41	41	29126
41	41	29135
41	41	29143
41	41	29152
41	41	29161
41	41	29169
41	41	29177
41	41	29186
41	41	29194
41	41	29202
41	41	29211
41	41	29219
41	41	29228
41	41	29237
41	41	29247
41	41	29256
41	41	29264
41	41	29274
41	41	29282
41	41	29290
41	41	29298
41	41	29306
41	41	29314
41	41	29323
41	41	29332
41	41	29341
41	41	29349
41	41	29358
41	41	29367
41	41	29375
41	41	29384
41	41	29393
41	41	29401
41	41	29410
41	41	29418
41	41	29426
41	41	29434
41	41	29443
41	41	29451
41	41	29459
41	41	29467
41	41	29476
41	41	29484
41	41	29492
41	41	29501
41	41	29510
41	41	29518
41	41	29526
41	41	29535
41	41	29543
41	41	29551
41	41	29560
41	41	29569
41	41	29577
41	41	29586
41	41	29594
41	41	29603
41	41	29611
41	41	29620
41	41	29628
41	41	29637
41	41	29646
41	41	29654
41	41	29662
41	41	29671
41	41	29680
41	41	29688
41	41	29697
41	41	29705
41	41	29714
41	41	29722
41	41	29730
41	41	29739
41	41	29748
41	41	29757
41	41	29766
41	41	29775
41	41	29784
41	41	29793
41	41	29802
41	41	29810
41	41	29819
41	41	29827
41	41	29835
41	41	29843
41	41	29852
41	41	29860
41	41	29868
41	41	29877
41	41	29885
41	41	29894
41	41	29902
41	41	29910
41	41	29919
41	41	29927
41	41	29936
41	41	29945
41	41	29954
41	41	29962
41	41	29971
41	41	29980
41	41	29989
41	41	29997
41	41	30006
41	41	30015
41	41	30024
41	41	30032
41	41	30041
41	41	30049
41	41	30057
41	41	30066
