Digital_Input	Screen_Position_Y_axis(px)	time(ms)
543	543	9
543	543	18
543	543	27
543	543	36
543	543	46
543	543	55
543	543	63
543	543	72
543	543	81
543	543	89
543	543	98
543	543	107
543	543	116
543	543	124
543	543	133
543	543	141
543	543	149
543	543	158
543	543	166
543	543	174
543	543	182
543	543	190
543	543	200
543	543	208
543	543	216
543	543	224
543	543	233
543	543	242
543	543	250
543	543	259
543	543	268
543	543	277
543	543	286
543	543	295
543	543	304
543	543	313
543	543	322
543	543	331
543	543	340
543	543	349
543	543	357
543	543	365
543	543	373
543	543	382
543	543	390
543	543	399
543	543	407
543	543	416
543	543	425
543	543	433
543	543	441
543	543	449
543	543	458
543	543	466
543	543	474
543	543	482
543	543	490
543	543	499
543	543	508
543	543	516
543	543	525
543	543	534
543	543	543
543	543	552
543	543	561
543	543	570
543	543	578
543	543	586
543	543	595
543	543	604
537	537	613
526	526	621
521	521	629
516	516	638
501	501	647
486	486	656
478	478	664
468	468	672
438	438	680
423	423	689
381	381	698
361	361	706
342	342	714
288	288	723
270	270	731
252	252	740
205	205	748
193	193	757
148	148	766
138	138	774
112	112	783
104	104	791
82	82	799
75	75	807
69	69	816
57	57	825
54	54	833
48	48	841
46	46	850
44	44	858
43	43	867
41	41	875
40	40	884
39	39	893
36	36	902
36	36	911
35	35	919
35	35	928
35	35	936
35	35	944
35	35	953
35	35	961
35	35	970
35	35	979
35	35	988
35	35	997
35	35	1006
35	35	1015
36	36	1023
36	36	1032
36	36	1040
36	36	1049
36	36	1058
36	36	1066
36	36	1074
36	36	1083
36	36	1092
36	36	1100
36	36	1109
36	36	1118
36	36	1127
37	37	1136
37	37	1145
37	37	1153
37	37	1162
37	37	1170
37	37	1178
37	37	1187
37	37	1196
37	37	1204
37	37	1213
37	37	1222
37	37	1230
37	37	1238
37	37	1246
38	38	1255
39	39	1263
40	40	1272
41	41	1280
41	41	1288
43	43	1296
43	43	1304
43	43	1312
43	43	1321
43	43	1330
43	43	1338
43	43	1346
43	43	1355
43	43	1363
43	43	1372
43	43	1380
41	41	1388
37	37	1396
37	37	1405
35	35	1413
33	33	1422
32	32	1430
30	30	1439
29	29	1448
28	28	1457
27	27	1466
27	27	1474
26	26	1483
25	25	1492
25	25	1500
24	24	1508
24	24	1516
24	24	1525
24	24	1534
24	24	1543
24	24	1551
24	24	1560
24	24	1569
24	24	1578
24	24	1587
24	24	1596
24	24	1605
24	24	1614
24	24	1623
25	25	1632
26	26	1641
27	27	1650
30	30	1659
32	32	1668
36	36	1677
41	41	1686
49	49	1694
54	54	1703
66	66	1711
73	73	1719
86	86	1728
93	93	1736
113	113	1744
122	122	1753
130	130	1761
154	154	1769
164	164	1777
173	173	1785
190	190	1794
195	195	1803
209	209	1812
213	213	1820
226	226	1829
228	228	1837
231	231	1845
232	232	1854
233	233	1863
233	233	1871
234	234	1880
234	234	1889
234	234	1898
234	234	1907
234	234	1916
234	234	1925
234	234	1933
234	234	1942
234	234	1950
234	234	1958
234	234	1966
234	234	1975
234	234	1983
234	234	1992
234	234	2000
234	234	2009
234	234	2018
234	234	2027
234	234	2035
233	233	2044
233	233	2052
233	233	2060
232	232	2068
232	232	2077
232	232	2085
232	232	2094
232	232	2103
232	232	2112
232	232	2120
232	232	2129
232	232	2138
232	232	2147
232	232	2156
232	232	2165
232	232	2174
232	232	2183
232	232	2192
232	232	2201
232	232	2209
232	232	2218
232	232	2226
232	232	2234
231	231	2243
229	229	2251
227	227	2259
224	224	2268
222	222	2277
218	218	2285
217	217	2293
213	213	2301
211	211	2310
209	209	2318
204	204	2327
202	202	2335
196	196	2344
194	194	2353
191	191	2361
184	184	2370
180	180	2379
177	177	2388
169	169	2396
166	166	2404
157	157	2413
149	149	2422
141	141	2431
139	139	2439
129	129	2448
124	124	2457
121	121	2465
112	112	2473
108	108	2481
105	105	2489
98	98	2498
92	92	2506
81	81	2514
77	77	2522
73	73	2530
61	61	2538
56	56	2546
46	46	2555
43	43	2563
40	40	2571
31	31	2579
28	28	2587
21	21	2596
19	19	2605
15	15	2614
14	14	2623
14	14	2631
14	14	2639
14	14	2648
14	14	2656
14	14	2664
14	14	2672
14	14	2681
14	14	2690
14	14	2698
14	14	2707
14	14	2716
14	14	2725
14	14	2733
14	14	2742
14	14	2750
15	15	2759
15	15	2768
16	16	2777
18	18	2785
18	18	2794
19	19	2803
22	22	2811
24	24	2820
29	29	2829
35	35	2838
43	43	2848
47	47	2856
58	58	2864
64	64	2872
69	69	2881
81	81	2890
85	85	2898
89	89	2907
101	101	2916
106	106	2925
122	122	2933
126	126	2942
141	141	2950
146	146	2959
150	150	2968
162	162	2977
166	166	2985
176	176	2994
180	180	3003
183	183	3012
189	189	3020
192	192	3030
200	200	3039
202	202	3048
209	209	3056
212	212	3065
215	215	3074
223	223	3083
226	226	3092
234	234	3100
238	238	3109
241	241	3118
255	255	3127
267	267	3136
272	272	3144
277	277	3153
287	287	3162
293	293	3171
297	297	3180
308	308	3188
313	313	3197
326	326	3205
331	331	3213
341	341	3222
346	346	3230
351	351	3239
362	362	3247
366	366	3255
377	377	3264
383	383	3273
386	386	3282
395	395	3290
400	400	3299
407	407	3307
410	410	3316
412	412	3325
419	419	3333
425	425	3341
435	435	3350
439	439	3359
451	451	3368
456	456	3376
459	459	3385
467	467	3393
470	470	3402
478	478	3411
483	483	3420
487	487	3428
497	497	3437
512	512	3446
516	516	3454
520	520	3463
532	532	3472
543	543	3481
547	547	3490
553	553	3498
564	564	3507
570	570	3516
574	574	3524
585	585	3532
589	589	3541
602	602	3549
606	606	3557
611	611	3567
612	612	3576
614	614	3584
616	616	3593
617	617	3601
618	618	3610
620	620	3618
620	620	3627
620	620	3635
620	620	3644
620	620	3652
620	620	3661
620	620	3670
620	620	3679
616	616	3687
607	607	3695
602	602	3703
592	592	3712
586	586	3721
580	580	3730
577	577	3738
574	574	3747
564	564	3756
562	562	3764
551	551	3772
543	543	3780
543	543	3789
533	533	3798
530	530	3807
529	529	3815
529	529	3824
529	529	3832
529	529	3841
529	529	3849
529	529	3857
529	529	3866
529	529	3874
529	529	3882
529	529	3891
529	529	3900
529	529	3909
529	529	3917
529	529	3926
529	529	3934
528	528	3943
527	527	3951
520	520	3960
516	516	3968
513	513	3977
503	503	3985
497	497	3993
491	491	4002
473	473	4010
465	465	4018
457	457	4027
434	434	4036
426	426	4044
417	417	4052
395	395	4061
362	362	4070
352	352	4079
341	341	4088
317	317	4097
307	307	4106
281	281	4114
272	272	4122
264	264	4130
241	241	4138
232	232	4146
222	222	4155
202	202	4164
192	192	4173
167	167	4181
160	160	4190
146	146	4198
141	141	4207
128	128	4216
123	123	4225
119	119	4234
110	110	4243
106	106	4252
96	96	4261
94	94	4270
90	90	4279
88	88	4288
86	86	4297
83	83	4306
81	81	4314
77	77	4322
75	75	4330
73	73	4339
68	68	4348
65	65	4356
59	59	4364
57	57	4372
55	55	4381
48	48	4389
43	43	4398
37	37	4407
35	35	4416
34	34	4425
30	30	4434
28	28	4443
26	26	4452
26	26	4460
25	25	4469
25	25	4477
25	25	4485
25	25	4494
25	25	4503
25	25	4512
26	26	4521
37	37	4530
40	40	4539
52	52	4547
60	60	4555
68	68	4564
81	81	4573
87	87	4581
108	108	4589
127	127	4598
137	137	4606
145	145	4615
167	167	4623
178	178	4631
205	205	4640
214	214	4649
225	225	4657
249	249	4665
260	260	4673
284	284	4681
292	292	4689
300	300	4698
316	316	4706
321	321	4714
333	333	4723
337	337	4731
340	340	4739
348	348	4748
350	350	4756
352	352	4764
354	354	4773
359	359	4782
360	360	4791
361	361	4800
363	363	4809
363	363	4817
364	364	4825
365	365	4833
367	367	4842
367	367	4851
369	369	4859
370	370	4867
371	371	4875
371	371	4883
371	371	4892
371	371	4900
371	371	4909
371	371	4919
371	371	4928
371	371	4937
370	370	4946
365	365	4955
361	361	4964
355	355	4973
343	343	4981
330	330	4989
323	323	4998
312	312	5007
309	309	5015
307	307	5024
303	303	5033
302	302	5042
301	301	5050
301	301	5058
300	300	5067
299	299	5076
299	299	5084
299	299	5093
298	298	5101
298	298	5110
298	298	5119
298	298	5128
298	298	5137
298	298	5145
298	298	5153
298	298	5161
298	298	5169
298	298	5178
298	298	5187
298	298	5196
299	299	5205
299	299	5214
299	299	5223
299	299	5232
299	299	5241
299	299	5250
299	299	5259
299	299	5268
299	299	5277
297	297	5285
296	296	5293
296	296	5302
295	295	5310
294	294	5319
293	293	5327
290	290	5336
284	284	5344
280	280	5353
273	273	5361
249	249	5370
240	240	5378
215	215	5387
207	207	5395
185	185	5404
177	177	5413
144	144	5421
135	135	5430
117	117	5438
111	111	5446
99	99	5455
95	95	5463
92	92	5472
85	85	5480
82	82	5488
79	79	5498
74	74	5507
74	74	5516
71	71	5524
71	71	5533
71	71	5542
71	71	5551
71	71	5560
71	71	5569
74	74	5578
78	78	5586
83	83	5595
103	103	5603
111	111	5612
120	120	5621
170	170	5630
180	180	5639
206	206	5648
215	215	5657
226	226	5665
252	252	5674
262	262	5683
270	270	5692
294	294	5701
320	320	5709
327	327	5717
332	332	5726
344	344	5734
349	349	5743
354	354	5751
355	355	5759
356	356	5768
356	356	5776
356	356	5784
356	356	5793
356	356	5801
356	356	5810
356	356	5818
356	356	5827
356	356	5835
354	354	5843
353	353	5851
348	348	5860
348	348	5869
345	345	5878
336	336	5886
331	331	5895
328	328	5903
326	326	5911
323	323	5920
323	323	5928
321	321	5936
319	319	5945
319	319	5954
317	317	5963
316	316	5971
315	315	5980
315	315	5989
314	314	5998
312	312	6007
312	312	6015
311	311	6023
311	311	6031
311	311	6040
311	311	6049
311	311	6057
311	311	6065
311	311	6073
311	311	6081
311	311	6089
311	311	6098
311	311	6107
311	311	6116
311	311	6126
311	311	6134
311	311	6143
311	311	6151
311	311	6159
311	311	6167
311	311	6176
311	311	6184
309	309	6192
303	303	6201
293	293	6209
288	288	6217
281	281	6226
263	263	6234
255	255	6243
234	234	6251
224	224	6259
213	213	6267
188	188	6275
163	163	6284
153	153	6292
145	145	6300
113	113	6308
90	90	6316
84	84	6325
77	77	6333
61	61	6341
57	57	6350
53	53	6359
42	42	6368
40	40	6377
34	34	6385
32	32	6393
30	30	6401
28	28	6409
26	26	6417
23	23	6426
22	22	6435
19	19	6443
18	18	6452
18	18	6460
17	17	6468
17	17	6477
17	17	6486
17	17	6495
17	17	6504
17	17	6513
17	17	6522
17	17	6530
17	17	6538
17	17	6546
17	17	6554
17	17	6562
17	17	6570
17	17	6579
17	17	6588
17	17	6597
21	21	6605
22	22	6613
25	25	6622
31	31	6630
34	34	6638
40	40	6646
50	50	6654
56	56	6663
71	71	6672
84	84	6681
91	91	6689
99	99	6698
119	119	6706
128	128	6714
136	136	6722
161	161	6731
172	172	6740
201	201	6749
212	212	6758
246	246	6767
256	256	6776
276	276	6784
284	284	6793
292	292	6801
310	310	6810
317	317	6819
324	324	6828
337	337	6837
352	352	6846
358	358	6854
361	361	6863
369	369	6872
372	372	6881
375	375	6890
382	382	6899
384	384	6907
388	388	6916
390	390	6924
398	398	6933
402	402	6941
409	409	6949
412	412	6958
415	415	6966
424	424	6974
428	428	6982
434	434	6990
447	447	6998
454	454	7006
472	472	7014
481	481	7023
487	487	7031
502	502	7040
511	511	7049
528	528	7058
534	534	7066
541	541	7074
560	560	7083
567	567	7091
580	580	7099
584	584	7108
596	596	7116
598	598	7124
598	598	7133
600	600	7142
600	600	7150
600	600	7159
600	600	7168
600	600	7176
600	600	7185
600	600	7194
600	600	7203
599	599	7211
596	596	7220
579	579	7228
572	572	7236
557	557	7244
549	549	7252
523	523	7260
510	510	7268
466	466	7276
466	466	7285
427	427	7294
419	419	7303
400	400	7312
394	394	7321
388	388	7330
381	381	7338
381	381	7346
380	380	7355
380	380	7363
380	380	7372
380	380	7380
380	380	7389
380	380	7398
380	380	7406
380	380	7415
383	383	7424
391	391	7433
394	394	7442
397	397	7450
403	403	7458
406	406	7466
414	414	7475
416	416	7484
422	422	7493
424	424	7502
425	425	7510
427	427	7519
428	428	7528
428	428	7536
428	428	7545
428	428	7554
428	428	7563
428	428	7572
428	428	7580
428	428	7589
428	428	7598
428	428	7606
428	428	7614
428	428	7623
428	428	7632
428	428	7642
428	428	7650
428	428	7659
428	428	7668
428	428	7676
427	427	7685
425	425	7693
425	425	7702
421	421	7711
418	418	7719
409	409	7727
403	403	7736
390	390	7744
385	385	7752
366	366	7761
358	358	7770
333	333	7779
324	324	7789
312	312	7798
266	266	7807
228	228	7815
215	215	7824
201	201	7833
165	165	7841
152	152	7849
139	139	7858
108	108	7867
98	98	7876
71	71	7884
51	51	7893
31	31	7901
23	23	7909
4	4	7918
0	0	7927
0	0	7936
0	0	7944
0	0	7953
0	0	7961
0	0	7970
0	0	7979
0	0	7987
0	0	7995
0	0	8004
0	0	8012
0	0	8021
0	0	8029
0	0	8037
0	0	8046
0	0	8054
0	0	8063
0	0	8072
0	0	8081
0	0	8089
4	4	8097
8	8	8106
16	16	8115
21	21	8124
26	26	8132
44	44	8141
61	61	8149
90	90	8158
103	103	8166
134	134	8175
146	146	8183
158	158	8191
193	193	8200
206	206	8209
218	218	8217
249	249	8226
261	261	8235
288	288	8244
299	299	8252
308	308	8261
335	335	8270
367	367	8279
375	375	8288
385	385	8297
407	407	8305
416	416	8314
426	426	8323
448	448	8331
456	456	8339
476	476	8348
484	484	8356
491	491	8364
509	509	8373
532	532	8382
537	537	8391
543	543	8399
556	556	8408
561	561	8416
573	573	8424
577	577	8433
580	580	8441
589	589	8449
591	591	8457
593	593	8465
596	596	8474
597	597	8483
601	601	8491
603	603	8500
607	607	8508
608	608	8516
611	611	8525
620	620	8533
622	622	8541
630	630	8549
633	633	8558
641	641	8567
645	645	8575
650	650	8584
659	659	8592
661	661	8601
668	668	8610
670	670	8618
671	671	8626
673	673	8635
675	675	8644
675	675	8653
675	675	8661
675	675	8669
675	675	8678
675	675	8687
675	675	8696
675	675	8704
675	675	8713
675	675	8721
675	675	8730
673	673	8740
671	671	8748
667	667	8756
665	665	8764
665	665	8773
654	654	8782
650	650	8790
643	643	8798
640	640	8807
637	637	8816
634	634	8825
632	632	8834
629	629	8842
627	627	8850
627	627	8858
625	625	8867
624	624	8875
623	623	8883
622	622	8891
622	622	8900
622	622	8908
622	622	8917
622	622	8926
622	622	8934
622	622	8943
622	622	8952
622	622	8961
622	622	8970
622	622	8978
622	622	8986
622	622	8996
622	622	9004
622	622	9013
622	622	9022
627	627	9030
628	628	9039
632	632	9048
635	635	9057
637	637	9065
640	640	9074
642	642	9083
643	643	9092
646	646	9101
651	651	9110
652	652	9119
655	655	9128
660	660	9137
661	661	9145
667	667	9154
669	669	9163
671	671	9172
676	676	9181
680	680	9190
686	686	9199
688	688	9208
694	694	9217
697	697	9225
700	700	9233
708	708	9242
712	712	9251
721	721	9260
725	725	9268
729	729	9277
748	748	9286
759	759	9295
766	766	9304
770	770	9313
777	777	9322
779	779	9330
780	780	9338
781	781	9347
782	782	9356
782	782	9365
782	782	9374
782	782	9382
782	782	9390
782	782	9399
782	782	9408
782	782	9416
782	782	9424
782	782	9433
782	782	9442
782	782	9451
782	782	9459
780	780	9468
775	775	9476
773	773	9485
766	766	9493
764	764	9502
760	760	9510
757	757	9519
754	754	9528
754	754	9537
752	752	9546
750	750	9555
748	748	9563
745	745	9571
743	743	9579
741	741	9587
737	737	9596
736	736	9605
735	735	9613
733	733	9621
733	733	9630
732	732	9638
732	732	9646
732	732	9655
732	732	9663
732	732	9672
732	732	9681
732	732	9690
732	732	9699
732	732	9707
732	732	9716
732	732	9725
732	732	9733
732	732	9742
732	732	9751
732	732	9760
732	732	9769
732	732	9778
732	732	9787
732	732	9796
732	732	9805
732	732	9814
732	732	9822
732	732	9830
732	732	9838
732	732	9847
732	732	9855
732	732	9864
732	732	9872
732	732	9881
732	732	9889
732	732	9897
732	732	9905
732	732	9914
732	732	9922
732	732	9931
732	732	9940
732	732	9949
732	732	9958
732	732	9966
732	732	9974
732	732	9983
732	732	9992
732	732	10001
732	732	10010
732	732	10019
732	732	10027
732	732	10037
732	732	10046
730	730	10055
723	723	10063
710	710	10072
704	704	10080
692	692	10088
687	687	10096
667	667	10105
658	658	10114
647	647	10122
615	615	10131
602	602	10139
562	562	10148
529	529	10157
472	472	10165
453	453	10173
436	436	10182
377	377	10191
357	357	10200
298	298	10209
279	279	10218
261	261	10227
215	215	10236
202	202	10245
168	168	10254
144	144	10262
117	117	10270
109	109	10278
101	101	10288
80	80	10297
72	72	10306
56	56	10315
50	50	10324
44	44	10333
24	24	10341
18	18	10350
5	5	10358
0	0	10367
0	0	10376
0	0	10385
0	0	10393
0	0	10402
0	0	10410
0	0	10418
0	0	10426
0	0	10434
0	0	10442
0	0	10451
0	0	10460
0	0	10469
0	0	10478
76	76	10487
76	76	10496
76	76	10504
76	76	10512
76	76	10520
76	76	10528
76	76	10537
76	76	10546
76	76	10555
76	76	10564
76	76	10573
76	76	10581
76	76	10589
76	76	10598
76	76	10607
76	76	10616
76	76	10625
76	76	10633
76	76	10641
76	76	10650
76	76	10659
76	76	10668
76	76	10677
76	76	10685
76	76	10694
76	76	10702
76	76	10711
76	76	10720
76	76	10729
76	76	10737
76	76	10746
76	76	10755
76	76	10763
76	76	10772
76	76	10781
76	76	10790
76	76	10799
76	76	10807
76	76	10816
70	70	10825
69	69	10833
68	68	10843
68	68	10852
68	68	10861
68	68	10869
68	68	10877
68	68	10885
68	68	10894
68	68	10902
68	68	10911
68	68	10920
68	68	10928
68	68	10937
68	68	10945
68	68	10953
68	68	10961
68	68	10969
68	68	10977
69	69	10986
71	71	10994
72	72	11003
75	75	11012
76	76	11020
78	78	11028
84	84	11036
86	86	11045
93	93	11053
96	96	11062
100	100	11071
113	113	11079
118	118	11088
133	133	11098
153	153	11107
159	159	11115
171	171	11124
175	175	11133
179	179	11141
185	185	11150
188	188	11159
190	190	11167
191	191	11176
192	192	11184
194	194	11193
196	196	11202
196	196	11210
196	196	11219
197	197	11227
197	197	11236
197	197	11245
197	197	11254
197	197	11262
197	197	11271
197	197	11280
197	197	11289
199	199	11298
200	200	11307
201	201	11316
203	203	11324
206	206	11333
208	208	11342
212	212	11351
214	214	11359
215	215	11368
215	215	11377
215	215	11385
215	215	11394
215	215	11402
215	215	11410
215	215	11419
215	215	11428
215	215	11437
215	215	11446
215	215	11454
215	215	11462
215	215	11471
215	215	11479
215	215	11487
215	215	11496
215	215	11505
215	215	11513
215	215	11521
215	215	11529
215	215	11538
215	215	11547
215	215	11556
215	215	11565
215	215	11574
215	215	11583
215	215	11592
215	215	11600
215	215	11608
215	215	11616
214	214	11625
205	205	11634
202	202	11642
193	193	11651
189	189	11659
184	184	11668
175	175	11676
171	171	11685
159	159	11694
155	155	11702
149	149	11710
139	139	11719
134	134	11728
130	130	11736
120	120	11744
117	117	11753
106	106	11762
105	105	11771
101	101	11780
99	99	11788
96	96	11797
95	95	11806
92	92	11815
91	91	11823
89	89	11832
87	87	11841
87	87	11850
86	86	11859
86	86	11868
85	85	11877
85	85	11886
84	84	11895
83	83	11904
80	80	11912
80	80	11921
79	79	11930
78	78	11939
76	76	11947
76	76	11956
72	72	11964
72	72	11974
68	68	11983
66	66	11991
65	65	11999
60	60	12008
59	59	12017
53	53	12026
51	51	12034
46	46	12043
45	45	12052
43	43	12061
39	39	12069
38	38	12077
34	34	12086
32	32	12094
31	31	12104
27	27	12112
23	23	12121
21	21	12129
20	20	12138
19	19	12147
18	18	12156
18	18	12165
18	18	12174
18	18	12182
18	18	12191
16	16	12199
16	16	12208
15	15	12217
13	13	12226
13	13	12234
13	13	12243
12	12	12251
12	12	12260
12	12	12269
12	12	12277
11	11	12285
11	11	12294
11	11	12303
11	11	12312
11	11	12320
11	11	12329
11	11	12337
11	11	12346
11	11	12355
12	12	12363
13	13	12371
18	18	12380
21	21	12388
31	31	12397
37	37	12405
41	41	12414
52	52	12423
67	67	12432
74	74	12441
99	99	12450
104	104	12458
116	116	12466
120	120	12474
123	123	12482
133	133	12490
137	137	12499
142	142	12508
154	154	12517
160	160	12525
177	177	12533
183	183	12542
189	189	12550
206	206	12558
211	211	12567
216	216	12576
225	225	12585
233	233	12593
234	234	12602
237	237	12611
239	239	12620
240	240	12629
242	242	12637
243	243	12646
245	245	12654
247	247	12664
248	248	12672
252	252	12681
256	256	12689
256	256	12698
258	258	12708
259	259	12716
260	260	12725
261	261	12734
264	264	12742
265	265	12750
269	269	12759
271	271	12768
274	274	12776
281	281	12785
290	290	12794
292	292	12802
295	295	12811
301	301	12819
302	302	12827
303	303	12836
305	305	12844
306	306	12853
306	306	12862
306	306	12871
306	306	12879
306	306	12888
306	306	12897
306	306	12906
308	308	12915
310	310	12923
310	310	12931
311	311	12940
311	311	12948
311	311	12956
311	311	12965
312	312	12974
312	312	12983
313	313	12991
313	313	13000
314	314	13009
314	314	13018
314	314	13027
314	314	13035
314	314	13044
314	314	13053
314	314	13062
314	314	13071
305	305	13079
302	302	13088
295	295	13097
289	289	13106
280	280	13114
275	275	13122
260	260	13131
253	253	13140
247	247	13148
224	224	13157
217	217	13166
196	196	13174
189	189	13184
176	176	13194
161	161	13202
157	157	13211
153	153	13220
144	144	13228
141	141	13237
139	139	13246
131	131	13254
128	128	13262
121	121	13271
118	118	13279
116	116	13287
110	110	13296
107	107	13304
102	102	13312
100	100	13320
94	94	13328
94	94	13337
89	89	13345
85	85	13353
83	83	13362
78	78	13371
76	76	13380
74	74	13388
69	69	13396
66	66	13404
62	62	13414
61	61	13422
57	57	13431
54	54	13439
52	52	13448
45	45	13457
35	35	13466
33	33	13475
31	31	13483
25	25	13492
22	22	13501
20	20	13510
16	16	13519
14	14	13527
11	11	13535
11	11	13544
10	10	13552
9	9	13561
9	9	13570
9	9	13579
9	9	13588
9	9	13597
9	9	13606
9	9	13615
9	9	13624
9	9	13632
9	9	13641
9	9	13650
9	9	13659
9	9	13667
9	9	13675
10	10	13683
12	12	13692
18	18	13701
22	22	13709
26	26	13717
40	40	13725
48	48	13734
62	62	13743
67	67	13752
96	96	13760
121	121	13768
121	121	13776
131	131	13784
176	176	13793
188	188	13801
200	200	13810
234	234	13818
243	243	13827
266	266	13836
274	274	13845
283	283	13854
302	302	13862
310	310	13870
328	328	13879
335	335	13887
341	341	13895
353	353	13903
358	358	13912
362	362	13921
375	375	13929
382	382	13937
384	384	13945
387	387	13954
389	389	13964
389	389	13973
389	389	13981
391	391	13989
392	392	13997
393	393	14006
393	393	14015
394	394	14023
394	394	14031
394	394	14040
394	394	14049
394	394	14057
394	394	14066
394	394	14075
394	394	14084
394	394	14092
394	394	14100
394	394	14108
394	394	14117
394	394	14126
395	395	14135
395	395	14144
395	395	14153
395	395	14162
395	395	14171
395	395	14179
396	396	14188
397	397	14197
398	398	14205
401	401	14213
403	403	14221
405	405	14229
409	409	14238
410	410	14247
415	415	14255
417	417	14263
418	418	14272
422	422	14281
429	429	14290
430	430	14299
432	432	14307
436	436	14315
439	439	14324
440	440	14333
447	447	14341
450	450	14350
455	455	14359
457	457	14367
459	459	14375
464	464	14384
466	466	14394
475	475	14402
478	478	14410
484	484	14418
487	487	14427
489	489	14436
495	495	14444
496	496	14452
501	501	14461
502	502	14469
503	503	14477
507	507	14485
510	510	14494
512	512	14502
515	515	14511
517	517	14520
520	520	14529
522	522	14538
527	527	14546
529	529	14554
536	536	14563
538	538	14572
540	540	14581
543	543	14590
543	543	14598
544	544	14606
545	545	14615
545	545	14624
545	545	14633
545	545	14642
545	545	14651
545	545	14660
545	545	14669
545	545	14678
545	545	14686
544	544	14695
541	541	14704
540	540	14713
536	536	14721
533	533	14729
531	531	14737
531	531	14746
528	528	14754
527	527	14762
526	526	14771
517	517	14780
512	512	14789
497	497	14798
489	489	14807
471	471	14816
463	463	14826
424	424	14834
412	412	14843
384	384	14851
372	372	14859
341	341	14867
329	329	14876
316	316	14885
280	280	14894
266	266	14903
229	229	14912
216	216	14921
173	173	14929
162	162	14937
151	151	14946
129	129	14955
122	122	14964
108	108	14972
101	101	14981
94	94	14990
82	82	14999
77	77	15008
62	62	15017
59	59	15026
49	49	15034
46	46	15042
42	42	15051
34	34	15060
32	32	15068
24	24	15077
22	22	15087
20	20	15096
12	12	15104
7	7	15113
5	5	15121
3	3	15130
1	1	15138
1	1	15146
1	1	15155
1	1	15163
1	1	15172
1	1	15181
1	1	15189
1	1	15198
1	1	15207
1	1	15216
1	1	15225
1	1	15233
2	2	15241
5	5	15250
13	13	15258
17	17	15267
21	21	15276
32	32	15284
46	46	15292
53	53	15301
60	60	15309
81	81	15317
90	90	15326
115	115	15335
124	124	15344
135	135	15352
161	161	15360
170	170	15369
195	195	15378
213	213	15387
237	237	15396
247	247	15405
256	256	15413
281	281	15422
290	290	15431
312	312	15439
321	321	15448
327	327	15457
346	346	15466
349	349	15474
357	357	15482
360	360	15491
365	365	15500
367	367	15508
369	369	15517
373	373	15525
374	374	15533
375	375	15542
376	376	15551
376	376	15560
376	376	15568
376	376	15577
376	376	15585
376	376	15593
376	376	15601
376	376	15609
375	375	15618
374	374	15627
372	372	15636
368	368	15644
367	367	15653
364	364	15661
364	364	15670
363	363	15678
363	363	15686
363	363	15695
363	363	15704
363	363	15712
363	363	15720
363	363	15728
363	363	15736
363	363	15744
363	363	15752
364	364	15761
368	368	15770
369	369	15779
369	369	15788
369	369	15797
369	369	15806
369	369	15815
369	369	15823
365	365	15832
362	362	15841
353	353	15850
350	350	15858
345	345	15867
344	344	15876
343	343	15885
340	340	15894
339	339	15902
337	337	15911
336	336	15920
335	335	15928
334	334	15936
334	334	15944
333	333	15953
330	330	15961
328	328	15969
328	328	15977
327	327	15986
325	325	15994
325	325	16002
325	325	16011
324	324	16020
323	323	16028
323	323	16037
323	323	16046
323	323	16054
323	323	16063
323	323	16072
323	323	16080
323	323	16089
323	323	16097
323	323	16105
323	323	16114
323	323	16123
323	323	16131
323	323	16139
322	322	16148
318	318	16156
311	311	16165
307	307	16174
296	296	16182
291	291	16190
287	287	16199
273	273	16208
268	268	16217
246	246	16226
240	240	16234
225	225	16243
207	207	16251
199	199	16259
191	191	16267
171	171	16276
163	163	16284
153	153	16293
133	133	16302
124	124	16310
105	105	16318
97	97	16327
91	91	16336
72	72	16344
66	66	16352
59	59	16361
42	42	16369
42	42	16378
27	27	16387
24	24	16396
17	17	16404
14	14	16412
8	8	16420
6	6	16429
4	4	16438
1	1	16446
0	0	16454
0	0	16462
0	0	16470
0	0	16479
0	0	16488
0	0	16496
0	0	16504
0	0	16513
0	0	16522
0	0	16531
0	0	16539
0	0	16548
0	0	16557
0	0	16566
0	0	16574
1	1	16582
3	3	16590
6	6	16598
12	12	16606
15	15	16615
18	18	16623
26	26	16631
32	32	16640
37	37	16648
52	52	16657
68	68	16666
88	88	16674
99	99	16683
110	110	16692
148	148	16701
162	162	16709
178	178	16717
233	233	16726
249	249	16734
307	307	16742
323	323	16750
341	341	16758
388	388	16767
401	401	16776
434	434	16785
444	444	16793
465	465	16802
470	470	16811
472	472	16819
472	472	16827
472	472	16835
472	472	16844
472	472	16852
472	472	16861
472	472	16870
472	472	16879
472	472	16888
472	472	16896
472	472	16905
472	472	16913
472	472	16921
472	472	16929
473	473	16938
478	478	16947
480	480	16956
483	483	16965
483	483	16974
483	483	16982
483	483	16991
483	483	16999
483	483	17007
483	483	17015
483	483	17024
483	483	17032
482	482	17040
479	479	17049
476	476	17058
470	470	17067
467	467	17076
465	465	17085
458	458	17094
456	456	17103
453	453	17111
449	449	17120
447	447	17128
445	445	17137
443	443	17145
443	443	17153
443	443	17162
442	442	17171
442	442	17179
442	442	17188
442	442	17197
441	441	17206
441	441	17215
441	441	17224
441	441	17232
441	441	17240
441	441	17248
441	441	17256
441	441	17265
441	441	17274
441	441	17282
441	441	17291
441	441	17300
441	441	17308
436	436	17317
434	434	17326
432	432	17335
422	422	17344
418	418	17352
413	413	17360
399	399	17369
373	373	17377
367	367	17385
350	350	17394
343	343	17402
321	321	17411
312	312	17419
304	304	17427
280	280	17436
271	271	17446
262	262	17455
237	237	17463
229	229	17472
206	206	17481
187	187	17489
166	166	17497
158	158	17505
139	139	17513
133	133	17522
126	126	17530
116	116	17539
111	111	17548
102	102	17557
99	99	17566
97	97	17574
93	93	17583
92	92	17592
89	89	17601
87	87	17609
86	86	17617
85	85	17625
85	85	17634
83	83	17643
83	83	17651
83	83	17660
83	83	17668
83	83	17677
83	83	17686
83	83	17694
83	83	17702
83	83	17711
83	83	17719
83	83	17728
82	82	17737
80	80	17746
79	79	17755
77	77	17764
77	77	17773
75	75	17782
73	73	17791
72	72	17800
63	63	17808
60	60	17816
60	60	17825
49	49	17834
47	47	17843
40	40	17852
38	38	17861
35	35	17869
32	32	17878
31	31	17886
28	28	17894
26	26	17902
25	25	17911
24	24	17919
23	23	17927
23	23	17936
23	23	17945
23	23	17953
23	23	17961
23	23	17969
23	23	17977
23	23	17986
23	23	17994
25	25	18002
27	27	18011
33	33	18020
35	35	18029
47	47	18038
50	50	18047
58	58	18056
65	65	18065
91	91	18074
102	102	18082
136	136	18091
151	151	18100
204	204	18108
222	222	18117
242	242	18126
306	306	18135
329	329	18144
352	352	18152
418	418	18161
510	510	18169
531	531	18178
553	553	18187
604	604	18195
619	619	18203
631	631	18211
663	663	18220
674	674	18228
695	695	18237
702	702	18246
708	708	18254
718	718	18262
721	721	18271
721	721	18280
721	721	18289
721	721	18298
721	721	18307
721	721	18316
721	721	18325
721	721	18334
721	721	18342
721	721	18350
721	721	18359
720	720	18368
719	719	18377
718	718	18386
715	715	18395
713	713	18404
711	711	18412
703	703	18421
701	701	18430
697	697	18439
689	689	18449
683	683	18458
683	683	18467
682	682	18475
682	682	18483
682	682	18492
682	682	18501
682	682	18510
682	682	18519
682	682	18528
682	682	18537
684	684	18545
689	689	18553
698	698	18562
703	703	18571
706	706	18580
717	717	18589
720	720	18598
726	726	18606
726	726	18615
726	726	18623
726	726	18632
726	726	18641
725	725	18650
720	720	18658
714	714	18667
701	701	18675
693	693	18683
685	685	18691
664	664	18699
655	655	18708
644	644	18716
615	615	18725
603	603	18733
570	570	18741
557	557	18749
543	543	18758
504	504	18767
488	488	18775
475	475	18784
424	424	18792
424	424	18800
386	386	18808
373	373	18817
324	324	18826
311	311	18835
277	277	18844
265	265	18853
254	254	18862
228	228	18870
219	219	18878
209	209	18887
187	187	18896
180	180	18906
157	157	18915
151	151	18923
141	141	18932
137	137	18940
127	127	18948
123	123	18957
120	120	18965
110	110	18974
108	108	18982
105	105	18990
100	100	18998
98	98	19006
92	92	19015
91	91	19023
90	90	19031
86	86	19039
84	84	19048
82	82	19058
80	80	19066
80	80	19074
79	79	19082
79	79	19091
78	78	19100
77	77	19109
77	77	19118
77	77	19126
75	75	19134
73	73	19142
71	71	19150
66	66	19159
64	64	19167
62	62	19176
58	58	19185
53	53	19194
50	50	19203
48	48	19211
43	43	19220
42	42	19228
37	37	19237
34	34	19246
33	33	19255
29	29	19264
27	27	19272
24	24	19280
22	22	19288
22	22	19297
18	18	19306
18	18	19314
17	17	19322
16	16	19331
15	15	19340
15	15	19348
15	15	19356
14	14	19365
14	14	19374
766	766	19383
766	766	19392
766	766	19401
766	766	19410
766	766	19419
766	766	19428
766	766	19437
766	766	19446
766	766	19455
766	766	19463
766	766	19472
766	766	19481
766	766	19490
766	766	19498
766	766	19507
766	766	19515
766	766	19525
766	766	19533
766	766	19541
766	766	19549
766	766	19558
766	766	19567
766	766	19576
766	766	19585
766	766	19594
766	766	19603
766	766	19612
766	766	19621
766	766	19629
766	766	19637
766	766	19646
766	766	19655
766	766	19663
766	766	19671
766	766	19680
766	766	19688
766	766	19697
766	766	19706
766	766	19715
766	766	19723
766	766	19732
766	766	19741
766	766	19750
766	766	19758
766	766	19766
766	766	19775
766	766	19784
766	766	19793
766	766	19801
766	766	19810
766	766	19819
766	766	19828
766	766	19836
766	766	19845
766	766	19853
766	766	19861
766	766	19870
766	766	19879
766	766	19888
766	766	19897
766	766	19906
766	766	19915
766	766	19923
766	766	19931
766	766	19940
766	766	19948
766	766	19957
766	766	19965
766	766	19974
766	766	19983
766	766	19991
766	766	20000
766	766	20008
766	766	20017
766	766	20026
766	766	20035
766	766	20043
766	766	20051
766	766	20060
766	766	20068
766	766	20077
766	766	20086
766	766	20095
766	766	20103
766	766	20112
766	766	20120
766	766	20129
766	766	20138
766	766	20147
766	766	20156
766	766	20164
766	766	20173
766	766	20181
766	766	20190
766	766	20199
766	766	20207
766	766	20216
766	766	20225
766	766	20234
766	766	20243
766	766	20252
766	766	20260
766	766	20269
766	766	20278
766	766	20287
766	766	20296
766	766	20305
766	766	20313
766	766	20321
766	766	20330
766	766	20338
766	766	20347
766	766	20355
766	766	20364
766	766	20373
766	766	20381
766	766	20390
766	766	20399
766	766	20408
766	766	20417
766	766	20426
766	766	20435
766	766	20444
766	766	20453
761	761	20462
756	756	20471
740	740	20479
726	726	20488
718	718	20497
690	690	20505
678	678	20514
666	666	20522
630	630	20531
616	616	20540
602	602	20549
564	564	20558
515	515	20567
504	504	20576
492	492	20585
464	464	20594
454	454	20603
427	427	20612
418	418	20621
409	409	20629
377	377	20638
369	369	20647
347	347	20656
340	340	20665
323	323	20673
317	317	20682
312	312	20690
302	302	20699
298	298	20707
290	290	20716
287	287	20725
285	285	20733
278	278	20741
277	277	20749
275	275	20757
273	273	20766
270	270	20775
269	269	20784
267	267	20793
266	266	20801
266	266	20810
263	263	20819
262	262	20828
260	260	20837
254	254	20846
247	247	20854
245	245	20862
245	245	20871
243	243	20880
243	243	20889
243	243	20897
242	242	20906
242	242	20914
242	242	20923
242	242	20932
242	242	20940
241	241	20949
240	240	20958
240	240	20967
240	240	20975
240	240	20983
240	240	20992
240	240	21000
240	240	21009
240	240	21017
240	240	21025
240	240	21034
240	240	21043
240	240	21052
240	240	21060
240	240	21069
240	240	21077
240	240	21086
240	240	21095
240	240	21104
240	240	21112
240	240	21120
240	240	21129
240	240	21137
240	240	21145
240	240	21154
240	240	21162
240	240	21170
240	240	21179
240	240	21188
240	240	21197
240	240	21206
240	240	21215
240	240	21224
240	240	21232
240	240	21241
240	240	21250
240	240	21258
240	240	21267
240	240	21276
240	240	21284
240	240	21293
242	242	21302
247	247	21310
249	249	21318
251	251	21326
256	256	21334
258	258	21343
260	260	21352
264	264	21360
266	266	21369
268	268	21378
275	275	21387
277	277	21395
284	284	21403
287	287	21412
289	289	21421
297	297	21429
300	300	21438
308	308	21447
314	314	21456
321	321	21464
324	324	21472
331	331	21480
333	333	21488
337	337	21496
349	349	21504
355	355	21512
359	359	21521
374	374	21529
379	379	21538
391	391	21547
395	395	21555
399	399	21564
407	407	21573
410	410	21582
419	419	21591
423	423	21599
435	435	21608
440	440	21617
444	444	21626
454	454	21634
460	460	21642
472	472	21651
476	476	21660
480	480	21668
490	490	21677
493	493	21685
500	500	21694
503	503	21703
505	505	21711
505	505	21720
505	505	21729
505	505	21737
505	505	21746
505	505	21754
505	505	21762
505	505	21770
505	505	21778
505	505	21787
505	505	21795
505	505	21803
505	505	21812
505	505	21820
505	505	21829
505	505	21837
504	504	21846
504	504	21855
504	504	21864
504	504	21873
504	504	21882
504	504	21890
504	504	21898
504	504	21907
503	503	21915
500	500	21924
497	497	21932
493	493	21941
483	483	21949
475	475	21958
463	463	21967
444	444	21975
434	434	21983
403	403	21992
391	391	22001
378	378	22010
338	338	22019
322	322	22027
270	270	22035
250	250	22044
233	233	22053
181	181	22062
149	149	22071
111	111	22080
96	96	22089
83	83	22097
42	42	22106
30	30	22115
0	0	22123
0	0	22132
0	0	22140
0	0	22149
0	0	22158
0	0	22167
0	0	22175
0	0	22184
0	0	22193
0	0	22202
0	0	22210
0	0	22219
0	0	22227
0	0	22236
0	0	22245
0	0	22253
0	0	22261
0	0	22270
2	2	22278
3	3	22287
4	4	22295
8	8	22303
9	9	22311
16	16	22319
19	19	22327
23	23	22335
31	31	22343
36	36	22351
39	39	22360
46	46	22369
47	47	22378
49	49	22387
49	49	22396
49	49	22405
50	50	22414
50	50	22423
52	52	22432
52	52	22441
54	54	22449
55	55	22458
55	55	22466
57	57	22474
58	58	22482
61	61	22490
64	64	22498
67	67	22507
76	76	22515
81	81	22523
97	97	22531
104	104	22540
112	112	22549
128	128	22557
160	160	22566
172	172	22575
206	206	22584
221	221	22593
234	234	22602
276	276	22611
291	291	22620
327	327	22628
339	339	22636
350	350	22645
379	379	22653
416	416	22661
416	416	22669
424	424	22678
453	453	22687
460	460	22696
466	466	22705
477	477	22713
479	479	22721
480	480	22730
481	481	22739
481	481	22748
481	481	22757
481	481	22766
482	482	22774
482	482	22782
483	483	22790
483	483	22799
483	483	22808
483	483	22817
483	483	22825
483	483	22834
483	483	22843
483	483	22852
483	483	22860
483	483	22869
483	483	22878
483	483	22887
483	483	22896
483	483	22905
483	483	22914
483	483	22922
483	483	22931
483	483	22939
483	483	22948
483	483	22957
483	483	22966
483	483	22974
487	487	22983
489	489	22992
495	495	23000
497	497	23009
503	503	23017
507	507	23025
509	509	23034
513	513	23043
514	514	23051
514	514	23060
515	515	23069
515	515	23077
515	515	23086
515	515	23095
515	515	23104
515	515	23112
515	515	23120
515	515	23129
515	515	23137
515	515	23145
515	515	23153
515	515	23161
515	515	23170
515	515	23178
515	515	23186
515	515	23194
515	515	23203
515	515	23212
512	512	23221
503	503	23229
500	500	23237
492	492	23245
488	488	23253
484	484	23261
473	473	23270
466	466	23278
450	450	23286
443	443	23295
435	435	23303
418	418	23311
395	395	23320
387	387	23328
378	378	23337
353	353	23346
344	344	23355
315	315	23363
305	305	23372
295	295	23380
268	268	23388
259	259	23396
249	249	23405
225	225	23413
217	217	23421
194	194	23429
186	186	23438
157	157	23447
150	150	23456
131	131	23465
126	126	23473
120	120	23481
108	108	23490
103	103	23499
98	98	23508
89	89	23516
85	85	23525
82	82	23533
75	75	23541
72	72	23550
63	63	23558
61	61	23566
55	55	23574
55	55	23582
51	51	23591
49	49	23599
45	45	23607
44	44	23616
42	42	23625
38	38	23633
37	37	23642
34	34	23650
32	32	23658
30	30	23667
27	27	23675
26	26	23684
24	24	23693
22	22	23701
21	21	23710
18	18	23718
18	18	23727
17	17	23736
15	15	23745
14	14	23753
13	13	23762
11	11	23771
9	9	23779
8	8	23788
7	7	23797
5	5	23806
0	0	23815
0	0	23824
0	0	23833
0	0	23841
0	0	23850
0	0	23858
0	0	23867
0	0	23876
0	0	23885
0	0	23894
0	0	23903
0	0	23912
0	0	23921
0	0	23930
0	0	23938
0	0	23947
0	0	23956
0	0	23965
5	5	23973
7	7	23981
18	18	23990
31	31	23998
54	54	24007
69	69	24015
76	76	24023
83	83	24032
103	103	24041
111	111	24050
133	133	24059
143	143	24067
151	151	24075
175	175	24084
183	183	24093
205	205	24101
213	213	24109
222	222	24117
241	241	24126
249	249	24134
275	275	24143
281	281	24152
295	295	24160
299	299	24168
304	304	24177
313	313	24185
317	317	24194
324	324	24203
326	326	24212
328	328	24220
331	331	24228
332	332	24237
335	335	24245
337	337	24254
338	338	24263
344	344	24271
348	348	24280
349	349	24289
351	351	24298
353	353	24307
353	353	24316
353	353	24325
353	353	24334
353	353	24343
353	353	24351
353	353	24360
353	353	24369
353	353	24377
353	353	24385
353	353	24393
353	353	24402
353	353	24410
350	350	24419
348	348	24427
344	344	24436
342	342	24445
337	337	24454
331	331	24463
326	326	24472
324	324	24480
319	319	24489
318	318	24498
316	316	24507
313	313	24515
313	313	24523
311	311	24532
310	310	24541
309	309	24549
309	309	24557
309	309	24566
308	308	24574
308	308	24583
308	308	24592
308	308	24600
308	308	24609
308	308	24617
308	308	24625
308	308	24634
308	308	24642
308	308	24650
306	306	24658
300	300	24666
295	295	24675
285	285	24683
280	280	24691
268	268	24699
264	264	24707
258	258	24716
247	247	24725
243	243	24734
224	224	24743
219	219	24752
204	204	24760
197	197	24768
190	190	24777
171	171	24786
164	164	24794
158	158	24802
141	141	24810
133	133	24818
119	119	24827
104	104	24836
98	98	24845
93	93	24854
74	74	24862
70	70	24871
58	58	24879
54	54	24888
45	45	24896
42	42	24905
39	39	24913
30	30	24923
28	28	24931
23	23	24940
21	21	24948
19	19	24956
17	17	24965
15	15	24974
12	12	24983
12	12	24991
11	11	24999
11	11	25007
11	11	25015
11	11	25023
11	11	25031
11	11	25040
11	11	25048
11	11	25057
11	11	25067
11	11	25076
11	11	25085
11	11	25093
11	11	25101
11	11	25110
11	11	25119
11	11	25128
11	11	25137
11	11	25146
11	11	25154
11	11	25163
11	11	25171
13	13	25179
14	14	25188
17	17	25197
19	19	25206
29	29	25215
34	34	25224
38	38	25232
52	52	25240
59	59	25248
77	77	25257
85	85	25265
93	93	25273
114	114	25281
122	122	25290
143	143	25299
152	152	25307
160	160	25316
180	180	25324
198	198	25333
218	218	25341
218	218	25350
245	245	25358
253	253	25367
261	261	25376
278	278	25385
285	285	25393
298	298	25401
303	303	25410
309	309	25419
318	318	25427
322	322	25436
331	331	25445
334	334	25454
343	343	25462
345	345	25471
347	347	25480
349	349	25489
352	352	25498
355	355	25506
356	356	25514
360	360	25523
363	363	25531
366	366	25540
373	373	25549
377	377	25558
393	393	25567
396	396	25575
405	405	25583
416	416	25592
421	421	25601
425	425	25610
440	440	25619
446	446	25627
465	465	25636
473	473	25645
480	480	25654
505	505	25662
510	510	25671
518	518	25680
518	518	25689
519	519	25697
519	519	25706
519	519	25714
519	519	25722
519	519	25731
519	519	25740
519	519	25748
518	518	25757
503	503	25765
503	503	25773
483	483	25782
478	478	25790
466	466	25799
461	461	25807
449	449	25815
446	446	25824
442	442	25832
431	431	25840
426	426	25848
424	424	25857
415	415	25866
410	410	25875
400	400	25884
397	397	25892
395	395	25901
390	390	25909
386	386	25917
386	386	25926
385	385	25935
385	385	25943
385	385	25952
385	385	25960
385	385	25968
385	385	25977
385	385	25986
385	385	25995
385	385	26004
385	385	26013
385	385	26023
385	385	26032
385	385	26041
385	385	26049
385	385	26058
385	385	26066
384	384	26075
383	383	26084
382	382	26093
379	379	26102
377	377	26111
375	375	26121
373	373	26129
365	365	26137
361	361	26146
344	344	26155
336	336	26164
322	322	26172
315	315	26180
295	295	26189
285	285	26198
253	253	26207
244	244	26216
219	219	26224
209	209	26232
198	198	26240
171	171	26249
161	161	26258
130	130	26266
120	120	26275
109	109	26284
82	82	26292
72	72	26301
62	62	26309
38	38	26317
28	28	26326
1	1	26334
1	1	26342
0	0	26350
0	0	26358
0	0	26366
0	0	26375
0	0	26384
0	0	26393
0	0	26401
0	0	26409
0	0	26418
0	0	26426
0	0	26435
0	0	26443
0	0	26451
0	0	26460
0	0	26469
0	0	26478
0	0	26487
1	1	26495
4	4	26503
10	10	26512
17	17	26520
23	23	26529
37	37	26537
53	53	26546
59	59	26555
69	69	26564
93	93	26573
104	104	26583
150	150	26592
164	164	26600
207	207	26609
225	225	26617
288	288	26625
310	310	26634
334	334	26642
404	404	26650
430	430	26658
452	452	26667
515	515	26675
535	535	26683
599	599	26691
619	619	26700
637	637	26708
693	693	26717
709	709	26725
760	760	26735
783	783	26743
812	812	26752
823	823	26761
848	848	26770
857	857	26779
866	866	26788
881	881	26796
886	886	26804
890	890	26812
892	892	26821
892	892	26830
892	892	26838
892	892	26847
892	892	26855
892	892	26863
892	892	26872
892	892	26881
892	892	26890
890	890	26898
890	890	26907
889	889	26916
886	886	26925
876	876	26934
869	869	26942
853	853	26951
847	847	26960
831	831	26969
826	826	26977
809	809	26985
804	804	26993
797	797	27002
784	784	27010
778	778	27018
773	773	27026
759	759	27035
754	754	27044
743	743	27053
740	740	27061
737	737	27069
733	733	27077
733	733	27086
731	731	27094
731	731	27103
731	731	27111
731	731	27120
731	731	27129
731	731	27138
731	731	27146
731	731	27155
731	731	27164
731	731	27173
731	731	27181
731	731	27189
731	731	27197
731	731	27205
731	731	27214
731	731	27223
731	731	27232
731	731	27242
731	731	27251
731	731	27259
731	731	27268
731	731	27276
731	731	27284
731	731	27293
731	731	27301
729	729	27310
722	722	27318
720	720	27327
712	712	27335
705	705	27344
699	699	27353
686	686	27362
677	677	27370
660	660	27379
652	652	27388
630	630	27397
583	583	27406
568	568	27415
552	552	27423
499	499	27431
483	483	27440
425	425	27449
405	405	27458
390	390	27467
338	338	27476
323	323	27485
310	310	27493
277	277	27503
238	238	27511
228	228	27520
218	218	27529
191	191	27538
181	181	27547
156	156	27556
146	146	27565
138	138	27574
108	108	27582
95	95	27591
89	89	27600
83	83	27608
74	74	27617
70	70	27625
66	66	27633
58	58	27641
56	56	27650
52	52	27659
51	51	27667
50	50	27676
49	49	27685
48	48	27693
46	46	27701
46	46	27710
45	45	27718
44	44	27726
43	43	27735
42	42	27743
42	42	27752
42	42	27761
42	42	27770
42	42	27778
42	42	27787
42	42	27796
42	42	27805
42	42	27814
42	42	27823
42	42	27832
42	42	27841
42	42	27849
42	42	27857
42	42	27865
42	42	27874
42	42	27882
42	42	27890
42	42	27898
42	42	27906
43	43	27915
45	45	27924
49	49	27933
51	51	27942
63	63	27950
67	67	27958
74	74	27967
77	77	27975
79	79	27984
79	79	27993
79	79	28002
79	79	28010
79	79	28018
79	79	28027
79	79	28035
79	79	28044
72	72	28053
70	70	28061
59	59	28070
55	55	28078
53	53	28087
46	46	28096
43	43	28105
38	38	28113
37	37	28122
36	36	28130
32	32	28139
30	30	28148
28	28	28157
27	27	28166
25	25	28174
25	25	28183
25	25	28191
25	25	28199
25	25	28208
25	25	28217
25	25	28226
25	25	28235
25	25	28244
27	27	28253
