Digital_Input	Screen_Position_Y_axis(px)	time(ms)
583	583	9
583	583	17
583	583	25
583	583	34
583	583	43
583	583	52
583	583	61
583	583	70
583	583	78
583	583	87
583	583	96
583	583	105
583	583	113
583	583	122
583	583	130
583	583	139
583	583	147
583	583	155
583	583	164
583	583	173
583	583	182
583	583	190
583	583	199
583	583	208
583	583	217
583	583	225
583	583	234
583	583	243
583	583	252
583	583	261
583	583	269
583	583	278
583	583	286
583	583	294
583	583	303
583	583	311
583	583	320
583	583	328
583	583	337
583	583	345
583	583	353
583	583	361
583	583	370
583	583	379
583	583	388
583	583	396
583	583	404
583	583	413
583	583	422
583	583	431
583	583	440
583	583	448
583	583	456
583	583	464
583	583	472
583	583	480
583	583	488
583	583	497
583	583	505
583	583	514
583	583	522
583	583	531
583	583	540
583	583	548
583	583	556
583	583	565
583	583	573
583	583	582
583	583	590
583	583	598
583	583	607
583	583	616
583	583	624
583	583	633
583	583	642
583	583	651
583	583	660
583	583	669
583	583	677
583	583	686
583	583	695
583	583	704
586	586	713
588	588	722
595	595	730
597	597	738
605	605	746
607	607	754
611	611	762
621	621	771
623	623	779
630	630	788
633	633	796
636	636	805
642	642	813
644	644	822
646	646	830
650	650	839
652	652	848
653	653	856
653	653	865
654	654	873
654	654	882
654	654	890
654	654	898
654	654	906
654	654	915
654	654	924
654	654	933
654	654	941
654	654	949
654	654	957
654	654	965
654	654	974
654	654	982
654	654	990
654	654	998
654	654	1006
654	654	1014
654	654	1022
654	654	1031
654	654	1039
654	654	1047
654	654	1055
654	654	1064
654	654	1073
654	654	1082
654	654	1090
654	654	1098
654	654	1106
654	654	1115
654	654	1123
654	654	1131
654	654	1140
654	654	1149
654	654	1158
654	654	1167
654	654	1175
654	654	1183
654	654	1192
654	654	1200
654	654	1208
654	654	1217
654	654	1226
654	654	1235
654	654	1244
654	654	1253
654	654	1262
654	654	1271
654	654	1279
654	654	1287
654	654	1295
654	654	1303
654	654	1311
654	654	1319
654	654	1328
654	654	1337
649	649	1345
644	644	1353
636	636	1361
632	632	1370
627	627	1379
617	617	1388
611	611	1397
597	597	1406
590	590	1415
561	561	1424
553	553	1432
545	545	1441
520	520	1450
511	511	1459
485	485	1468
473	473	1476
463	463	1485
435	435	1494
425	425	1502
414	414	1511
375	375	1519
349	349	1528
340	340	1537
330	330	1545
304	304	1553
295	295	1561
275	275	1569
265	265	1578
257	257	1586
239	239	1594
231	231	1603
224	224	1612
206	206	1621
200	200	1630
181	181	1638
168	168	1647
152	152	1655
145	145	1663
129	129	1672
123	123	1681
117	117	1690
103	103	1699
99	99	1708
89	89	1716
86	86	1724
83	83	1732
81	81	1740
81	81	1749
80	80	1758
79	79	1767
78	78	1776
77	77	1785
77	77	1793
75	75	1802
73	73	1811
70	70	1819
68	68	1828
66	66	1837
60	60	1846
58	58	1854
54	54	1862
52	52	1870
51	51	1879
46	46	1888
45	45	1896
41	41	1904
39	39	1913
35	35	1922
32	32	1931
31	31	1940
28	28	1948
27	27	1956
26	26	1964
26	26	1972
25	25	1981
25	25	1989
24	24	1997
24	24	2005
23	23	2013
23	23	2021
22	22	2029
22	22	2038
21	21	2047
21	21	2056
21	21	2065
21	21	2073
21	21	2082
21	21	2091
21	21	2100
21	21	2109
21	21	2118
21	21	2127
21	21	2135
21	21	2143
21	21	2152
21	21	2161
21	21	2169
21	21	2178
21	21	2187
22	22	2195
24	24	2204
25	25	2212
29	29	2221
31	31	2229
36	36	2238
37	37	2246
42	42	2254
42	42	2262
47	47	2270
47	47	2278
50	50	2286
50	50	2294
55	55	2302
58	58	2311
69	69	2319
73	73	2328
77	77	2337
88	88	2345
92	92	2354
99	99	2362
101	101	2370
103	103	2379
107	107	2387
109	109	2396
113	113	2405
114	114	2414
119	119	2422
119	119	2431
125	125	2439
129	129	2447
132	132	2455
138	138	2463
141	141	2472
144	144	2480
151	151	2488
154	154	2497
159	159	2505
162	162	2514
164	164	2523
170	170	2531
173	173	2540
181	181	2548
186	186	2556
190	190	2564
201	201	2572
205	205	2581
210	210	2589
233	233	2597
246	246	2605
251	251	2613
256	256	2622
269	269	2631
289	289	2639
294	294	2648
301	301	2657
317	317	2666
324	324	2675
340	340	2684
347	347	2692
355	355	2701
373	373	2710
380	380	2719
402	402	2727
408	408	2736
425	425	2745
432	432	2754
439	439	2763
457	457	2771
464	464	2780
484	484	2788
492	492	2797
500	500	2805
518	518	2814
525	525	2822
533	533	2831
559	559	2840
579	579	2848
586	586	2857
593	593	2866
609	609	2875
617	617	2884
625	625	2893
645	645	2902
653	653	2911
681	681	2920
689	689	2928
714	714	2936
723	723	2944
747	747	2952
756	756	2960
766	766	2969
786	786	2978
794	794	2986
801	801	2995
815	815	3004
822	822	3012
834	834	3021
839	839	3029
842	842	3038
850	850	3046
854	854	3054
854	854	3063
858	858	3071
859	859	3079
860	860	3088
863	863	3096
864	864	3104
864	864	3112
867	867	3120
867	867	3128
870	870	3136
871	871	3144
873	873	3152
877	877	3161
878	878	3170
880	880	3178
884	884	3186
886	886	3194
891	891	3202
893	893	3211
896	896	3220
903	903	3229
905	905	3238
913	913	3247
918	918	3256
923	923	3265
925	925	3273
926	926	3281
928	928	3290
930	930	3299
931	931	3307
932	932	3315
934	934	3324
936	936	3332
938	938	3340
940	940	3349
942	942	3358
942	942	3367
948	948	3376
949	949	3385
951	951	3394
952	952	3403
953	953	3412
954	954	3420
954	954	3428
954	954	3436
955	955	3444
955	955	3452
955	955	3461
955	955	3469
955	955	3477
955	955	3485
955	955	3493
955	955	3502
955	955	3511
955	955	3520
955	955	3529
955	955	3538
955	955	3547
955	955	3555
955	955	3563
955	955	3571
955	955	3579
955	955	3588
955	955	3596
955	955	3605
955	955	3614
955	955	3622
955	955	3630
953	953	3639
953	953	3648
953	953	3656
953	953	3665
953	953	3673
952	952	3682
952	952	3691
951	951	3700
951	951	3709
951	951	3718
951	951	3726
951	951	3734
951	951	3742
951	951	3751
951	951	3760
951	951	3768
951	951	3778
951	951	3787
951	951	3795
951	951	3804
951	951	3813
951	951	3821
951	951	3830
951	951	3839
952	952	3848
953	953	3857
954	954	3865
954	954	3873
955	955	3882
955	955	3890
958	958	3899
958	958	3908
959	959	3916
961	961	3924
962	962	3932
963	963	3940
964	964	3948
965	965	3956
967	967	3965
969	969	3974
972	972	3983
974	974	3992
977	977	4000
977	977	4009
979	979	4018
981	981	4027
982	982	4036
984	984	4044
986	986	4053
986	986	4061
988	988	4069
989	989	4078
991	991	4086
991	991	4095
992	992	4104
992	992	4113
992	992	4122
993	993	4130
993	993	4138
994	994	4147
994	994	4156
994	994	4164
994	994	4173
994	994	4182
995	995	4191
995	995	4199
995	995	4208
995	995	4216
995	995	4226
995	995	4235
995	995	4244
995	995	4253
995	995	4262
995	995	4270
995	995	4279
995	995	4288
994	994	4296
993	993	4304
992	992	4313
992	992	4322
990	990	4331
989	989	4340
988	988	4348
987	987	4357
985	985	4365
985	985	4373
981	981	4381
979	979	4389
976	976	4397
965	965	4405
960	960	4414
946	946	4423
938	938	4432
917	917	4441
901	901	4449
894	894	4458
886	886	4466
862	862	4475
853	853	4484
822	822	4493
812	812	4501
800	800	4509
765	765	4518
752	752	4527
712	712	4536
701	701	4544
678	678	4553
670	670	4561
662	662	4570
639	639	4578
629	629	4586
604	604	4595
595	595	4604
584	584	4612
555	555	4621
545	545	4629
534	534	4638
512	512	4647
490	490	4655
485	485	4664
479	479	4673
467	467	4682
460	460	4690
453	453	4698
432	432	4707
423	423	4715
398	398	4723
389	389	4732
381	381	4740
362	362	4748
355	355	4756
340	340	4765
336	336	4774
330	330	4783
314	314	4791
310	310	4799
299	299	4808
294	294	4816
284	284	4825
279	279	4834
275	275	4843
264	264	4852
261	261	4861
253	253	4870
250	250	4879
239	239	4887
235	235	4895
232	232	4904
221	221	4913
217	217	4922
204	204	4930
200	200	4939
196	196	4948
190	190	4956
190	190	4964
187	187	4973
186	186	4982
185	185	4991
182	182	5000
173	173	5009
170	170	5017
164	164	5026
161	161	5035
149	149	5044
143	143	5053
138	138	5061
127	127	5069
123	123	5077
112	112	5086
108	108	5095
95	95	5103
92	92	5112
85	85	5120
81	81	5129
77	77	5138
67	67	5147
63	63	5155
60	60	5164
54	54	5172
51	51	5180
47	47	5188
45	45	5197
44	44	5205
42	42	5214
40	40	5222
37	37	5231
35	35	5240
34	34	5249
34	34	5257
34	34	5266
34	34	5274
34	34	5282
34	34	5290
34	34	5299
34	34	5308
34	34	5317
34	34	5325
34	34	5334
34	34	5343
34	34	5352
34	34	5361
34	34	5370
34	34	5379
34	34	5388
33	33	5397
33	33	5405
33	33	5413
33	33	5421
31	31	5430
30	30	5439
30	30	5447
30	30	5455
30	30	5463
30	30	5472
30	30	5480
30	30	5488
30	30	5497
30	30	5505
30	30	5514
30	30	5523
30	30	5532
30	30	5541
30	30	5550
30	30	5558
30	30	5567
30	30	5575
30	30	5583
30	30	5592
30	30	5600
30	30	5609
30	30	5618
33	33	5626
35	35	5634
41	41	5642
44	44	5650
46	46	5658
52	52	5667
55	55	5676
61	61	5685
64	64	5693
67	67	5702
74	74	5710
77	77	5718
84	84	5726
87	87	5735
96	96	5743
100	100	5752
103	103	5760
110	110	5768
113	113	5776
117	117	5785
125	125	5793
129	129	5801
140	140	5809
144	144	5818
148	148	5827
159	159	5836
162	162	5845
170	170	5854
173	173	5864
185	185	5873
195	195	5883
198	198	5891
201	201	5899
208	208	5908
212	212	5916
221	221	5924
224	224	5932
228	228	5940
238	238	5949
242	242	5958
246	246	5966
259	259	5974
259	259	5983
273	273	5992
279	279	6000
289	289	6008
293	293	6017
305	305	6026
311	311	6034
316	316	6043
332	332	6051
338	338	6059
356	356	6067
363	363	6075
371	371	6084
391	391	6093
398	398	6102
406	406	6111
430	430	6119
437	437	6128
456	456	6136
464	464	6144
483	483	6153
489	489	6162
498	498	6171
514	514	6179
521	521	6187
540	540	6195
546	546	6203
554	554	6212
573	573	6220
582	582	6228
592	592	6236
614	614	6244
623	623	6253
646	646	6262
655	655	6271
689	689	6280
700	700	6289
709	709	6297
734	734	6305
742	742	6313
766	766	6321
776	776	6330
785	785	6338
807	807	6347
814	814	6355
829	829	6363
833	833	6371
837	837	6379
845	845	6387
849	849	6396
851	851	6404
857	857	6412
858	858	6421
860	860	6430
862	862	6439
866	866	6447
867	867	6456
870	870	6465
871	871	6474
874	874	6482
876	876	6491
876	876	6501
877	877	6509
879	879	6518
879	879	6526
879	879	6535
879	879	6544
879	879	6553
879	879	6561
879	879	6569
879	879	6578
879	879	6586
877	877	6594
877	877	6603
875	875	6612
874	874	6621
873	873	6630
872	872	6638
871	871	6647
868	868	6655
867	867	6664
864	864	6672
863	863	6681
860	860	6690
859	859	6699
857	857	6708
855	855	6717
854	854	6725
853	853	6734
851	851	6742
849	849	6751
849	849	6759
847	847	6767
846	846	6775
845	845	6784
843	843	6793
840	840	6801
838	838	6809
835	835	6817
833	833	6826
832	832	6834
828	828	6843
826	826	6852
821	821	6861
819	819	6869
818	818	6878
814	814	6886
809	809	6895
804	804	6903
801	801	6911
797	797	6919
796	796	6927
794	794	6936
791	791	6944
790	790	6952
787	787	6961
787	787	6969
785	785	6977
782	782	6986
781	781	6995
775	775	7004
774	774	7013
772	772	7022
769	769	7031
766	766	7039
763	763	7048
762	762	7057
762	762	7066
760	760	7074
759	759	7083
758	758	7092
758	758	7100
757	757	7108
757	757	7117
756	756	7125
756	756	7134
756	756	7143
756	756	7152
756	756	7161
756	756	7170
756	756	7178
756	756	7186
756	756	7194
756	756	7202
756	756	7210
756	756	7219
756	756	7227
756	756	7236
756	756	7245
756	756	7253
756	756	7261
756	756	7269
756	756	7277
756	756	7285
756	756	7294
756	756	7302
756	756	7310
756	756	7318
756	756	7326
756	756	7335
756	756	7344
756	756	7353
756	756	7362
756	756	7371
756	756	7379
756	756	7388
756	756	7397
756	756	7405
756	756	7413
756	756	7422
756	756	7431
756	756	7440
756	756	7449
756	756	7457
754	754	7465
753	753	7473
751	751	7482
743	743	7491
739	739	7499
729	729	7507
725	725	7516
711	711	7525
705	705	7533
687	687	7542
677	677	7551
644	644	7559
635	635	7567
635	635	7575
596	596	7584
584	584	7593
550	550	7601
537	537	7610
522	522	7619
482	482	7628
467	467	7637
431	431	7645
417	417	7654
407	407	7662
376	376	7670
366	366	7678
356	356	7687
330	330	7696
295	295	7705
285	285	7713
277	277	7721
253	253	7729
245	245	7737
227	227	7745
219	219	7753
212	212	7761
194	194	7769
189	189	7778
182	182	7787
169	169	7795
163	163	7804
149	149	7813
143	143	7822
137	137	7830
122	122	7838
115	115	7846
99	99	7855
86	86	7863
73	73	7871
66	66	7880
53	53	7889
47	47	7897
43	43	7906
31	31	7915
28	28	7923
26	26	7931
21	21	7939
19	19	7947
18	18	7956
16	16	7965
14	14	7973
13	13	7982
12	12	7991
11	11	8000
11	11	8009
11	11	8018
11	11	8026
11	11	8034
11	11	8042
11	11	8051
11	11	8060
11	11	8069
11	11	8078
11	11	8087
11	11	8095
11	11	8104
11	11	8112
11	11	8121
11	11	8129
11	11	8138
11	11	8147
11	11	8156
11	11	8165
11	11	8174
11	11	8182
11	11	8190
11	11	8199
11	11	8208
11	11	8216
11	11	8224
11	11	8232
11	11	8240
11	11	8249
11	11	8258
11	11	8267
11	11	8276
11	11	8284
14	14	8292
15	15	8301
17	17	8310
18	18	8319
20	20	8327
21	21	8335
22	22	8344
25	25	8352
26	26	8360
28	28	8368
30	30	8377
32	32	8385
35	35	8393
36	36	8401
38	38	8409
42	42	8418
43	43	8426
49	49	8435
51	51	8444
54	54	8452
59	59	8460
63	63	8468
65	65	8477
72	72	8485
74	74	8494
77	77	8502
83	83	8511
96	96	8520
99	99	8529
102	102	8538
111	111	8546
114	114	8554
127	127	8563
130	130	8572
139	139	8581
143	143	8590
152	152	8598
156	156	8606
174	174	8615
178	178	8623
189	189	8632
194	194	8641
198	198	8650
211	211	8659
216	216	8668
220	220	8677
230	230	8685
233	233	8693
243	243	8701
248	248	8709
252	252	8717
266	266	8725
271	271	8733
283	283	8742
294	294	8751
306	306	8760
312	312	8768
324	324	8776
329	329	8785
333	333	8793
343	343	8801
346	346	8810
350	350	8818
358	358	8826
361	361	8834
364	364	8843
371	371	8851
374	374	8860
380	380	8869
383	383	8877
386	386	8886
392	392	8895
402	402	8904
404	404	8912
407	407	8921
413	413	8929
415	415	8937
422	422	8946
424	424	8954
427	427	8962
435	435	8971
439	439	8980
441	441	8988
447	447	8997
449	449	9006
455	455	9014
457	457	9023
466	466	9031
469	469	9039
474	474	9048
477	477	9056
479	479	9066
485	485	9075
488	488	9084
489	489	9093
492	492	9101
493	493	9110
496	496	9118
498	498	9126
500	500	9134
503	503	9143
510	510	9151
511	511	9160
514	514	9169
520	520	9177
523	523	9186
530	530	9195
534	534	9204
537	537	9213
545	545	9222
549	549	9231
559	559	9239
561	561	9247
568	568	9256
571	571	9265
574	574	9274
581	581	9282
584	584	9290
591	591	9299
593	593	9308
594	594	9316
598	598	9324
599	599	9333
600	600	9342
602	602	9351
602	602	9359
602	602	9368
602	602	9376
602	602	9384
602	602	9393
602	602	9402
602	602	9410
602	602	9418
602	602	9426
602	602	9434
602	602	9442
602	602	9450
602	602	9458
602	602	9466
602	602	9474
602	602	9483
599	599	9492
598	598	9500
593	593	9508
592	592	9516
590	590	9524
585	585	9533
583	583	9542
582	582	9551
577	577	9559
573	573	9568
571	571	9577
569	569	9585
564	564	9594
562	562	9602
559	559	9611
553	553	9619
550	550	9628
539	539	9636
535	535	9644
528	528	9653
515	515	9662
511	511	9670
490	490	9679
490	490	9688
459	459	9698
452	452	9707
431	431	9715
425	425	9724
404	404	9733
396	396	9741
375	375	9750
368	368	9759
341	341	9768
333	333	9777
327	327	9785
311	311	9794
305	305	9802
294	294	9811
290	290	9820
286	286	9828
276	276	9836
271	271	9845
267	267	9853
256	256	9861
253	253	9869
245	245	9878
243	243	9886
241	241	9895
234	234	9904
230	230	9912
229	229	9920
229	229	9929
226	226	9937
225	225	9945
223	223	9954
221	221	9963
218	218	9972
213	213	9981
211	211	9990
207	207	9999
206	206	10008
205	205	10017
205	205	10025
205	205	10034
205	205	10043
205	205	10052
205	205	10061
205	205	10069
205	205	10077
205	205	10085
205	205	10094
205	205	10103
205	205	10112
205	205	10121
205	205	10130
205	205	10139
205	205	10148
205	205	10157
205	205	10166
205	205	10174
200	200	10183
198	198	10192
193	193	10201
191	191	10209
190	190	10218
188	188	10227
187	187	10236
187	187	10245
187	187	10254
186	186	10262
184	184	10270
177	177	10278
173	173	10287
158	158	10295
152	152	10303
143	143	10311
123	123	10319
114	114	10327
90	90	10335
79	79	10344
70	70	10353
45	45	10362
36	36	10370
14	14	10379
4	4	10387
0	0	10395
0	0	10404
0	0	10413
0	0	10422
0	0	10431
0	0	10440
0	0	10448
0	0	10457
0	0	10465
0	0	10474
0	0	10483
0	0	10492
0	0	10501
0	0	10511
0	0	10519
0	0	10528
0	0	10536
0	0	10545
0	0	10553
0	0	10562
0	0	10570
0	0	10578
1	1	10586
3	3	10595
7	7	10604
8	8	10613
10	10	10621
15	15	10629
17	17	10638
19	19	10647
22	22	10655
24	24	10663
26	26	10672
27	27	10681
30	30	10690
32	32	10698
37	37	10706
40	40	10715
42	42	10724
52	52	10732
55	55	10740
59	59	10748
66	66	10756
68	68	10764
70	70	10773
73	73	10781
73	73	10789
74	74	10798
75	75	10807
77	77	10816
77	77	10826
79	79	10834
79	79	10843
79	79	10852
79	79	10861
79	79	10869
79	79	10877
79	79	10886
79	79	10895
79	79	10904
79	79	10913
79	79	10921
79	79	10930
79	79	10938
79	79	10946
79	79	10955
78	78	10963
78	78	10972
77	77	10981
77	77	10990
77	77	10999
77	77	11008
77	77	11017
77	77	11026
77	77	11034
77	77	11042
77	77	11050
77	77	11059
77	77	11068
77	77	11076
78	78	11084
84	84	11092
88	88	11100
99	99	11109
102	102	11118
122	122	11127
128	128	11135
141	141	11144
148	148	11153
155	155	11162
169	169	11171
173	173	11180
180	180	11188
192	192	11196
204	204	11204
210	210	11212
223	223	11220
229	229	11229
233	233	11238
245	245	11246
253	253	11254
253	253	11263
263	263	11271
265	265	11280
267	267	11288
267	267	11297
268	268	11306
269	269	11315
271	271	11324
271	271	11333
272	272	11342
273	273	11351
273	273	11359
273	273	11368
273	273	11376
273	273	11384
273	273	11393
273	273	11402
273	273	11411
273	273	11419
273	273	11427
273	273	11436
273	273	11445
273	273	11453
273	273	11462
273	273	11470
273	273	11479
273	273	11488
273	273	11497
273	273	11506
273	273	11515
273	273	11524
273	273	11533
273	273	11542
273	273	11551
273	273	11560
273	273	11568
273	273	11577
273	273	11586
273	273	11594
273	273	11603
273	273	11612
273	273	11620
273	273	11629
273	273	11638
273	273	11646
273	273	11654
273	273	11663
273	273	11672
273	273	11681
273	273	11689
273	273	11698
273	273	11706
273	273	11714
273	273	11723
273	273	11732
273	273	11741
273	273	11750
275	275	11759
277	277	11767
280	280	11776
285	285	11785
287	287	11793
291	291	11801
298	298	11810
301	301	11818
309	309	11826
311	311	11834
314	314	11843
318	318	11851
320	320	11860
321	321	11868
324	324	11876
325	325	11884
326	326	11892
327	327	11900
327	327	11908
327	327	11917
327	327	11925
327	327	11934
327	327	11943
327	327	11951
327	327	11960
327	327	11968
327	327	11976
327	327	11985
327	327	11994
327	327	12002
327	327	12010
327	327	12018
327	327	12027
327	327	12036
327	327	12045
327	327	12053
327	327	12062
327	327	12071
327	327	12080
327	327	12089
327	327	12098
327	327	12107
327	327	12116
322	322	12124
319	319	12133
314	314	12142
302	302	12150
276	276	12158
265	265	12167
230	230	12175
217	217	12184
181	181	12193
168	168	12202
153	153	12210
117	117	12218
104	104	12227
72	72	12236
61	61	12245
50	50	12253
24	24	12262
16	16	12271
0	0	12280
0	0	12289
0	0	12298
0	0	12306
0	0	12315
0	0	12324
0	0	12333
0	0	12342
0	0	12351
0	0	12359
0	0	12368
0	0	12376
0	0	12384
0	0	12392
0	0	12401
0	0	12410
0	0	12418
0	0	12427
0	0	12435
0	0	12443
0	0	12452
0	0	12461
0	0	12469
0	0	12478
0	0	12487
2	2	12497
5	5	12506
7	7	12514
11	11	12522
12	12	12530
14	14	12538
19	19	12546
20	20	12555
22	22	12563
23	23	12571
23	23	12580
24	24	12588
24	24	12597
25	25	12605
25	25	12614
25	25	12622
25	25	12630
70	70	12638
70	70	12647
70	70	12655
70	70	12664
69	69	12673
69	69	12682
69	69	12691
69	69	12699
68	68	12707
68	68	12715
67	67	12723
67	67	12732
67	67	12741
67	67	12749
67	67	12758
67	67	12766
67	67	12774
67	67	12782
67	67	12790
67	67	12799
67	67	12807
67	67	12816
67	67	12825
67	67	12834
67	67	12843
67	67	12851
67	67	12860
68	68	12869
68	68	12877
69	69	12885
69	69	12893
69	69	12902
70	70	12910
70	70	12919
70	70	12927
70	70	12936
70	70	12945
70	70	12954
70	70	12962
70	70	12971
70	70	12979
70	70	12988
70	70	12996
70	70	13005
68	68	13013
65	65	13022
64	64	13031
61	61	13040
59	59	13049
57	57	13058
54	54	13067
51	51	13075
51	51	13083
49	49	13092
48	48	13101
48	48	13109
48	48	13118
47	47	13127
47	47	13135
46	46	13143
46	46	13152
45	45	13161
44	44	13169
44	44	13177
42	42	13185
42	42	13193
42	42	13202
41	41	13210
41	41	13219
41	41	13227
40	40	13235
40	40	13243
39	39	13252
39	39	13260
37	37	13268
37	37	13276
34	34	13285
33	33	13294
33	33	13303
31	31	13312
31	31	13320
30	30	13329
29	29	13337
28	28	13345
28	28	13354
28	28	13362
28	28	13371
28	28	13379
28	28	13387
28	28	13396
28	28	13405
28	28	13414
28	28	13423
28	28	13432
28	28	13441
28	28	13450
28	28	13458
28	28	13466
28	28	13475
28	28	13484
28	28	13493
28	28	13501
28	28	13509
28	28	13517
28	28	13525
28	28	13533
28	28	13541
28	28	13550
28	28	13558
28	28	13566
28	28	13574
28	28	13583
28	28	13591
28	28	13600
28	28	13609
28	28	13617
28	28	13626
28	28	13634
28	28	13642
28	28	13650
28	28	13658
28	28	13667
28	28	13676
28	28	13684
28	28	13693
28	28	13701
29	29	13709
29	29	13717
29	29	13725
29	29	13734
29	29	13743
29	29	13751
29	29	13760
29	29	13769
29	29	13777
29	29	13785
29	29	13793
29	29	13802
29	29	13810
29	29	13820
29	29	13829
29	29	13837
29	29	13846
29	29	13855
29	29	13864
29	29	13872
29	29	13881
29	29	13889
29	29	13897
29	29	13906
29	29	13915
29	29	13923
30	30	13931
33	33	13939
47	47	13947
55	55	13955
70	70	13964
79	79	13973
89	89	13981
128	128	13989
145	145	13998
167	167	14007
241	241	14016
275	275	14025
362	362	14033
398	398	14041
434	434	14050
523	523	14058
554	554	14067
627	627	14075
650	650	14084
719	719	14092
731	731	14100
740	740	14109
754	754	14118
754	754	14126
754	754	14136
754	754	14145
754	754	14153
754	754	14161
754	754	14170
754	754	14179
754	754	14187
757	757	14196
757	757	14205
757	757	14213
757	757	14222
757	757	14231
757	757	14239
757	757	14247
757	757	14255
757	757	14264
757	757	14272
757	757	14281
757	757	14290
757	757	14299
757	757	14308
757	757	14317
757	757	14325
757	757	14333
757	757	14342
757	757	14350
754	754	14359
751	751	14367
749	749	14376
741	741	14384
736	736	14392
726	726	14400
721	721	14409
716	716	14417
703	703	14426
698	698	14434
693	693	14442
682	682	14451
671	671	14459
667	667	14467
663	663	14476
650	650	14484
644	644	14492
641	641	14501
638	638	14509
633	633	14518
632	632	14526
631	631	14534
631	631	14542
631	631	14551
631	631	14559
631	631	14568
631	631	14576
631	631	14584
631	631	14593
631	631	14602
632	632	14611
632	632	14620
632	632	14628
633	633	14636
633	633	14645
635	635	14653
636	636	14663
637	637	14672
641	641	14681
644	644	14689
647	647	14697
651	651	14706
654	654	14714
658	658	14722
658	658	14730
659	659	14738
661	661	14746
661	661	14754
663	663	14762
663	663	14771
663	663	14780
664	664	14789
665	665	14797
665	665	14806
665	665	14814
665	665	14822
665	665	14830
665	665	14839
665	665	14847
665	665	14856
665	665	14864
665	665	14873
665	665	14881
665	665	14890
665	665	14899
665	665	14907
665	665	14915
665	665	14924
665	665	14933
665	665	14941
665	665	14949
665	665	14958
665	665	14967
665	665	14976
665	665	14985
665	665	14994
665	665	15003
665	665	15011
665	665	15019
665	665	15027
665	665	15035
665	665	15043
665	665	15051
665	665	15060
665	665	15068
665	665	15077
665	665	15086
665	665	15095
661	661	15103
656	656	15111
648	648	15120
633	633	15129
626	626	15138
617	617	15146
593	593	15155
582	582	15163
531	531	15172
517	517	15180
470	470	15189
450	450	15198
431	431	15207
364	364	15215
339	339	15223
275	275	15232
258	258	15241
240	240	15250
187	187	15259
159	159	15267
159	159	15275
114	114	15283
95	95	15291
89	89	15299
89	89	15307
78	78	15315
78	78	15324
76	76	15333
76	76	15342
76	76	15351
76	76	15359
76	76	15367
76	76	15376
76	76	15385
76	76	15394
76	76	15402
76	76	15411
76	76	15420
76	76	15429
76	76	15438
76	76	15446
76	76	15454
76	76	15462
76	76	15471
76	76	15480
76	76	15488
76	76	15496
76	76	15505
76	76	15513
76	76	15521
76	76	15530
76	76	15539
76	76	15548
76	76	15557
76	76	15565
75	75	15573
72	72	15582
70	70	15590
69	69	15599
66	66	15607
64	64	15615
62	62	15623
58	58	15631
57	57	15639
53	53	15648
52	52	15657
50	50	15665
48	48	15673
48	48	15681
46	46	15689
46	46	15698
46	46	15706
46	46	15715
46	46	15723
46	46	15731
46	46	15739
46	46	15748
46	46	15757
46	46	15767
46	46	15776
46	46	15784
46	46	15792
46	46	15800
46	46	15808
46	46	15817
46	46	15826
46	46	15835
46	46	15844
46	46	15852
46	46	15861
46	46	15869
46	46	15878
46	46	15887
46	46	15895
46	46	15903
46	46	15912
46	46	15921
46	46	15930
46	46	15938
46	46	15946
46	46	15954
50	50	15962
55	55	15971
68	68	15980
76	76	15988
81	81	15997
85	85	16006
96	96	16015
99	99	16023
105	105	16031
108	108	16039
110	110	16048
117	117	16057
120	120	16066
125	125	16074
140	140	16082
148	148	16090
174	174	16098
186	186	16106
200	200	16114
245	245	16122
264	264	16131
326	326	16139
346	346	16148
431	431	16157
452	452	16165
515	515	16173
535	535	16182
556	556	16191
614	614	16200
629	629	16209
644	644	16218
680	680	16227
705	705	16236
731	731	16244
740	740	16253
764	764	16262
772	772	16271
779	779	16280
797	797	16289
804	804	16298
816	816	16306
821	821	16315
825	825	16323
840	840	16332
844	844	16340
854	854	16349
857	857	16358
864	864	16367
866	866	16375
869	869	16384
874	874	16393
876	876	16402
880	880	16410
882	882	16418
887	887	16427
889	889	16436
897	897	16445
898	898	16454
902	902	16462
903	903	16471
903	903	16480
905	905	16488
908	908	16497
910	910	16506
912	912	16515
914	914	16524
919	919	16532
921	921	16541
924	924	16549
927	927	16557
928	928	16566
933	933	16575
936	936	16584
943	943	16593
945	945	16602
948	948	16611
953	953	16619
955	955	16628
960	960	16637
962	962	16646
967	967	16654
968	968	16662
971	971	16671
975	975	16680
976	976	16688
980	980	16696
981	981	16704
981	981	16713
983	983	16722
983	983	16731
985	985	16739
987	987	16747
988	988	16756
988	988	16765
988	988	16774
988	988	16782
988	988	16791
988	988	16800
988	988	16808
988	988	16816
988	988	16824
988	988	16833
988	988	16841
988	988	16850
988	988	16858
988	988	16867
988	988	16876
988	988	16884
988	988	16893
988	988	16901
988	988	16909
988	988	16917
988	988	16925
988	988	16933
988	988	16942
988	988	16950
987	987	16959
986	986	16968
985	985	16977
984	984	16985
978	978	16993
972	972	17001
962	962	17010
955	955	17019
937	937	17027
929	929	17035
904	904	17044
897	897	17053
883	883	17061
878	878	17070
874	874	17079
862	862	17088
857	857	17096
841	841	17104
833	833	17113
825	825	17122
804	804	17130
796	796	17138
789	789	17147
776	776	17156
759	759	17165
755	755	17173
751	751	17182
740	740	17191
737	737	17200
728	728	17209
724	724	17217
720	720	17226
711	711	17234
707	707	17243
704	704	17252
692	692	17260
684	684	17268
681	681	17276
678	678	17285
670	670	17293
667	667	17301
658	658	17309
654	654	17318
650	650	17327
638	638	17335
634	634	17344
629	629	17353
620	620	17361
617	617	17369
610	610	17378
607	607	17387
595	595	17396
591	591	17405
582	582	17414
576	576	17422
571	571	17430
557	557	17438
552	552	17447
540	540	17455
536	536	17464
532	532	17473
522	522	17482
519	519	17491
515	515	17499
504	504	17507
496	496	17515
496	496	17524
481	481	17533
470	470	17541
466	466	17549
463	463	17558
455	455	17567
453	453	17576
445	445	17585
443	443	17593
441	441	17602
436	436	17611
435	435	17620
430	430	17628
420	420	17637
417	417	17645
413	413	17654
404	404	17662
401	401	17670
397	397	17678
390	390	17687
386	386	17696
383	383	17704
376	376	17713
373	373	17721
367	367	17730
364	364	17739
360	360	17748
359	359	17757
359	359	17766
359	359	17775
359	359	17783
359	359	17792
359	359	17801
360	360	17810
362	362	17819
369	369	17828
389	389	17836
399	399	17844
408	408	17852
433	433	17861
443	443	17869
454	454	17877
483	483	17885
492	492	17894
519	519	17902
528	528	17911
538	538	17920
560	560	17929
568	568	17937
589	589	17945
597	597	17954
604	604	17963
621	621	17971
633	633	17980
647	647	17989
652	652	17998
663	663	18006
669	669	18014
672	672	18023
680	680	18031
682	682	18039
685	685	18048
691	691	18056
693	693	18065
698	698	18073
700	700	18082
702	702	18091
705	705	18099
706	706	18108
707	707	18116
707	707	18125
707	707	18133
707	707	18142
707	707	18151
707	707	18159
707	707	18167
707	707	18175
707	707	18183
708	708	18191
709	709	18200
710	710	18208
712	712	18217
714	714	18225
718	718	18233
719	719	18242
721	721	18250
728	728	18258
731	731	18267
740	740	18275
740	740	18283
743	743	18293
750	750	18301
751	751	18310
752	752	18319
753	753	18327
753	753	18335
753	753	18344
753	753	18353
754	754	18362
754	754	18371
754	754	18380
754	754	18389
755	755	18397
755	755	18406
755	755	18414
755	755	18423
755	755	18432
755	755	18440
755	755	18448
755	755	18457
755	755	18465
755	755	18474
755	755	18483
755	755	18492
755	755	18500
755	755	18508
755	755	18517
755	755	18526
755	755	18535
755	755	18543
755	755	18552
754	754	18561
753	753	18569
747	747	18578
743	743	18586
738	738	18595
725	725	18604
717	717	18613
714	714	18621
712	712	18629
705	705	18637
702	702	18645
699	699	18653
689	689	18661
682	682	18670
674	674	18678
651	651	18687
639	639	18696
609	609	18705
596	596	18714
582	582	18722
544	544	18730
531	531	18738
495	495	18746
481	481	18755
426	426	18764
412	412	18772
397	397	18781
349	349	18790
329	329	18799
271	271	18808
251	251	18816
237	237	18824
196	196	18832
183	183	18841
150	150	18849
138	138	18858
128	128	18867
101	101	18875
75	75	18883
75	75	18892
64	64	18901
53	53	18910
49	49	18918
47	47	18927
45	45	18936
44	44	18945
43	43	18953
42	42	18962
42	42	18971
42	42	18980
39	39	18988
39	39	18996
38	38	19004
38	38	19012
38	38	19021
38	38	19029
38	38	19038
38	38	19047
38	38	19056
38	38	19064
38	38	19072
38	38	19080
38	38	19088
38	38	19097
37	37	19105
37	37	19114
35	35	19123
35	35	19132
34	34	19140
34	34	19148
34	34	19157
34	34	19166
34	34	19176
34	34	19184
34	34	19192
34	34	19201
34	34	19209
34	34	19218
34	34	19226
34	34	19235
34	34	19244
34	34	19253
34	34	19262
34	34	19270
34	34	19279
38	38	19288
44	44	19297
47	47	19306
57	57	19314
63	63	19322
71	71	19331
94	94	19340
115	115	19349
154	154	19357
168	168	19365
211	211	19373
231	231	19382
248	248	19390
305	305	19398
325	325	19407
382	382	19415
398	398	19423
413	413	19432
455	455	19441
468	468	19449
485	485	19457
524	524	19465
536	536	19473
564	564	19481
573	573	19490
581	581	19499
598	598	19507
604	604	19516
621	621	19525
626	626	19534
638	638	19543
643	643	19552
647	647	19561
656	656	19569
659	659	19577
665	665	19585
667	667	19594
670	670	19603
674	674	19611
676	676	19620
680	680	19628
681	681	19636
685	685	19644
687	687	19653
688	688	19661
690	690	19670
692	692	19679
696	696	19687
699	699	19697
703	703	19705
705	705	19713
707	707	19721
711	711	19730
713	713	19738
715	715	19747
720	720	19755
728	728	19764
729	729	19773
732	732	19782
736	736	19790
738	738	19798
740	740	19806
743	743	19816
744	744	19825
748	748	19834
750	750	19843
751	751	19851
754	754	19859
757	757	19867
757	757	19875
759	759	19884
759	759	19892
760	760	19901
760	760	19910
760	760	19918
760	760	19926
760	760	19934
760	760	19942
760	760	19950
760	760	19958
760	760	19967
760	760	19976
760	760	19984
760	760	19992
760	760	20000
760	760	20008
760	760	20016
760	760	20024
760	760	20033
760	760	20042
760	760	20051
760	760	20059
760	760	20068
760	760	20077
760	760	20085
760	760	20093
760	760	20102
760	760	20110
760	760	20118
760	760	20126
760	760	20134
760	760	20142
760	760	20151
760	760	20160
760	760	20168
758	758	20177
755	755	20185
753	753	20193
747	747	20202
744	744	20210
733	733	20219
721	721	20227
721	721	20235
693	693	20243
693	693	20251
685	685	20260
657	657	20269
641	641	20277
634	634	20286
627	627	20294
613	613	20302
607	607	20310
602	602	20319
589	589	20328
583	583	20336
571	571	20344
565	565	20352
561	561	20361
548	548	20370
541	541	20379
526	526	20388
511	511	20397
491	491	20405
482	482	20414
473	473	20422
448	448	20431
440	440	20439
414	414	20447
404	404	20455
392	392	20463
355	355	20472
340	340	20481
300	300	20490
285	285	20498
268	268	20507
219	219	20516
188	188	20524
139	139	20533
125	125	20542
91	91	20551
79	79	20560
68	68	20568
42	42	20576
34	34	20585
26	26	20594
14	14	20603
8	8	20612
7	7	20620
7	7	20629
7	7	20637
7	7	20646
7	7	20654
7	7	20663
7	7	20671
7	7	20679
7	7	20687
7	7	20695
7	7	20704
7	7	20713
7	7	20721
7	7	20729
7	7	20738
7	7	20747
7	7	20756
7	7	20765
7	7	20773
7	7	20782
9	9	20791
12	12	20800
15	15	20808
19	19	20816
21	21	20825
24	24	20833
33	33	20842
36	36	20850
40	40	20859
53	53	20867
57	57	20876
73	73	20884
78	78	20893
84	84	20902
86	86	20911
88	88	20920
90	90	20928
91	91	20937
92	92	20945
93	93	20954
93	93	20962
94	94	20971
94	94	20979
95	95	20987
95	95	20995
95	95	21003
95	95	21011
95	95	21020
96	96	21029
96	96	21037
96	96	21046
98	98	21054
98	98	21062
101	101	21071
102	102	21079
107	107	21088
110	110	21097
113	113	21105
122	122	21114
125	125	21122
128	128	21131
136	136	21140
149	149	21148
153	153	21157
164	164	21167
167	167	21175
176	176	21183
181	181	21191
185	185	21199
194	194	21208
199	199	21216
202	202	21225
210	210	21233
212	212	21241
215	215	21249
217	217	21258
219	219	21267
219	219	21275
221	221	21283
221	221	21291
221	221	21299
221	221	21307
221	221	21315
221	221	21324
221	221	21333
221	221	21341
221	221	21349
221	221	21358
221	221	21367
221	221	21376
221	221	21385
221	221	21394
221	221	21403
221	221	21411
221	221	21419
220	220	21427
219	219	21436
219	219	21445
218	218	21453
217	217	21462
216	216	21471
214	214	21480
214	214	21488
213	213	21496
213	213	21505
213	213	21513
212	212	21521
212	212	21530
212	212	21538
212	212	21547
212	212	21556
210	210	21565
208	208	21573
206	206	21581
203	203	21590
197	197	21599
190	190	21608
186	186	21617
181	181	21625
166	166	21634
161	161	21643
144	144	21652
131	131	21661
108	108	21670
100	100	21679
83	83	21687
77	77	21696
71	71	21705
58	58	21713
54	54	21722
50	50	21731
46	46	21739
43	43	21747
43	43	21756
41	41	21764
41	41	21773
41	41	21782
41	41	21790
41	41	21799
40	40	21807
39	39	21815
39	39	21823
39	39	21832
39	39	21841
39	39	21850
39	39	21859
39	39	21868
39	39	21877
39	39	21885
39	39	21894
39	39	21902
39	39	21910
39	39	21919
39	39	21927
39	39	21935
39	39	21944
39	39	21953
39	39	21962
39	39	21971
39	39	21980
39	39	21988
40	40	21997
42	42	22005
44	44	22013
45	45	22022
50	50	22031
52	52	22040
60	60	22049
65	65	22058
71	71	22067
84	84	22075
94	94	22084
104	104	22092
107	107	22100
107	107	22108
114	114	22117
118	118	22126
121	121	22134
123	123	22143
127	127	22151
128	128	22159
129	129	22168
134	134	22178
135	135	22187
139	139	22196
142	142	22205
145	145	22213
146	146	22221
148	148	22229
150	150	22237
150	150	22246
153	153	22255
154	154	22264
156	156	22273
159	159	22282
160	160	22291
162	162	22299
163	163	22307
165	165	22315
168	168	22324
172	172	22332
173	173	22341
174	174	22349
175	175	22358
176	176	22367
176	176	22376
178	178	22385
178	178	22394
179	179	22403
180	180	22411
180	180	22420
183	183	22428
183	183	22437
184	184	22446
185	185	22455
186	186	22464
187	187	22472
188	188	22481
189	189	22490
190	190	22499
193	193	22508
195	195	22517
196	196	22525
197	197	22533
198	198	22541
199	199	22549
200	200	22558
202	202	22567
202	202	22575
203	203	22584
205	205	22593
206	206	22602
206	206	22611
207	207	22619
208	208	22628
208	208	22637
208	208	22646
208	208	22654
208	208	22663
208	208	22672
208	208	22681
208	208	22690
208	208	22699
202	202	22708
191	191	22716
185	185	22724
171	171	22732
160	160	22740
156	156	22748
152	152	22757
142	142	22765
138	138	22774
135	135	22782
124	124	22791
120	120	22799
108	108	22807
103	103	22815
97	97	22824
82	82	22832
75	75	22841
62	62	22850
58	58	22859
44	44	22867
44	44	22876
38	38	22884
32	32	22892
31	31	22900
27	27	22909
27	27	22918
24	24	22927
23	23	22936
23	23	22945
22	22	22953
22	22	22961
22	22	22970
22	22	22978
22	22	22986
22	22	22994
22	22	23002
22	22	23010
22	22	23019
22	22	23028
22	22	23037
22	22	23045
22	22	23053
22	22	23061
22	22	23070
22	22	23078
22	22	23087
22	22	23097
22	22	23105
22	22	23113
22	22	23121
22	22	23130
22	22	23138
24	24	23147
26	26	23155
31	31	23163
34	34	23172
48	48	23180
55	55	23189
66	66	23198
71	71	23207
78	78	23215
97	97	23224
106	106	23233
113	113	23242
128	128	23250
159	159	23258
159	159	23267
169	169	23275
197	197	23284
216	216	23292
224	224	23301
233	233	23310
257	257	23319
267	267	23328
289	289	23337
297	297	23345
307	307	23353
329	329	23362
338	338	23370
360	360	23379
377	377	23388
400	400	23396
409	409	23405
417	417	23414
439	439	23423
447	447	23431
469	469	23440
477	477	23448
485	485	23457
506	506	23465
514	514	23474
521	521	23483
537	537	23492
561	561	23501
568	568	23510
575	575	23519
591	591	23527
596	596	23535
608	608	23544
612	612	23552
617	617	23561
627	627	23570
630	630	23579
640	640	23588
642	642	23597
648	648	23606
650	650	23615
652	652	23623
652	652	23632
654	654	23640
654	654	23649
654	654	23658
654	654	23667
654	654	23676
654	654	23685
649	649	23694
647	647	23703
644	644	23711
633	633	23720
629	629	23729
615	615	23738
608	608	23747
601	601	23755
582	582	23763
575	575	23772
551	551	23781
543	543	23790
520	520	23799
512	512	23808
504	504	23817
484	484	23826
477	477	23834
470	470	23843
447	447	23852
429	429	23861
422	422	23869
415	415	23878
402	402	23886
397	397	23894
385	385	23903
381	381	23913
375	375	23921
367	367	23930
364	364	23939
362	362	23948
356	356	23957
352	352	23965
350	350	23974
347	347	23982
343	343	23990
342	342	23998
340	340	24006
340	340	24014
338	338	24022
338	338	24030
338	338	24039
338	338	24048
338	338	24057
338	338	24066
338	338	24075
337	337	24083
337	337	24092
337	337	24101
337	337	24110
337	337	24119
337	337	24127
337	337	24135
337	337	24144
337	337	24153
337	337	24162
337	337	24171
337	337	24179
337	337	24188
337	337	24197
337	337	24206
337	337	24215
337	337	24223
335	335	24231
332	332	24240
331	331	24249
327	327	24257
326	326	24266
324	324	24275
322	322	24284
320	320	24293
320	320	24302
320	320	24311
320	320	24320
320	320	24328
320	320	24337
320	320	24346
320	320	24354
320	320	24362
320	320	24370
320	320	24378
320	320	24386
320	320	24395
320	320	24403
320	320	24412
320	320	24421
320	320	24429
320	320	24437
320	320	24445
320	320	24453
320	320	24462
320	320	24471
320	320	24480
320	320	24488
320	320	24497
320	320	24505
319	319	24513
312	312	24522
296	296	24530
290	290	24539
275	275	24548
257	257	24556
247	247	24565
238	238	24573
210	210	24581
198	198	24589
170	170	24597
159	159	24606
149	149	24615
120	120	24623
110	110	24631
84	84	24640
76	76	24649
67	67	24657
47	47	24666
42	42	24674
36	36	24683
26	26	24692
16	16	24700
14	14	24708
12	12	24717
12	12	24725
12	12	24734
11	11	24743
11	11	24751
11	11	24759
11	11	24767
11	11	24776
11	11	24785
11	11	24793
11	11	24801
254	254	24810
254	254	24819
254	254	24827
254	254	24835
254	254	24843
254	254	24851
254	254	24859
254	254	24867
254	254	24875
254	254	24884
254	254	24893
254	254	24902
254	254	24911
254	254	24920
254	254	24929
254	254	24938
254	254	24947
254	254	24956
254	254	24964
254	254	24973
254	254	24983
254	254	24992
254	254	25002
254	254	25011
254	254	25019
254	254	25027
254	254	25035
254	254	25044
254	254	25052
254	254	25061
254	254	25070
254	254	25079
254	254	25088
254	254	25097
254	254	25106
254	254	25114
254	254	25123
254	254	25131
254	254	25140
254	254	25149
255	255	25158
256	256	25166
257	257	25175
264	264	25183
268	268	25191
275	275	25200
293	293	25208
303	303	25216
331	331	25225
343	343	25234
358	358	25242
398	398	25250
412	412	25258
452	452	25266
466	466	25275
509	509	25284
520	520	25292
529	529	25301
546	546	25310
550	550	25318
553	553	25327
556	556	25336
558	558	25345
558	558	25354
558	558	25363
561	561	25372
561	561	25381
563	563	25390
563	563	25399
564	564	25407
566	566	25416
567	567	25425
569	569	25434
569	569	25443
570	570	25451
572	572	25460
575	575	25469
577	577	25478
579	579	25486
584	584	25495
586	586	25503
591	591	25512
593	593	25521
595	595	25530
599	599	25539
602	602	25548
609	609	25557
613	613	25566
620	620	25574
623	623	25583
625	625	25592
632	632	25601
634	634	25610
639	639	25618
642	642	25627
649	649	25636
651	651	25645
657	657	25654
658	658	25663
660	660	25672
663	663	25681
664	664	25689
666	666	25698
666	666	25707
666	666	25716
666	666	25725
666	666	25734
666	666	25743
666	666	25751
666	666	25760
666	666	25768
666	666	25777
666	666	25785
666	666	25794
666	666	25803
666	666	25812
666	666	25820
666	666	25828
666	666	25836
666	666	25845
666	666	25854
666	666	25863
666	666	25871
666	666	25879
666	666	25887
666	666	25896
666	666	25904
666	666	25913
666	666	25921
666	666	25929
666	666	25937
666	666	25945
666	666	25953
666	666	25962
666	666	25970
664	664	25979
655	655	25988
640	640	25997
611	611	26006
599	599	26016
557	557	26025
539	539	26034
455	455	26042
455	455	26051
373	373	26059
354	354	26068
332	332	26076
274	274	26085
254	254	26093
238	238	26101
189	189	26110
177	177	26119
144	144	26128
134	134	26137
123	123	26146
99	99	26155
75	75	26164
68	68	26172
64	64	26181
54	54	26190
50	50	26198
48	48	26207
43	43	26216
42	42	26225
38	38	26234
37	37	26243
31	31	26252
30	30	26260
28	28	26268
24	24	26277
21	21	26286
20	20	26295
19	19	26303
18	18	26312
18	18	26321
18	18	26329
18	18	26338
18	18	26346
18	18	26355
18	18	26364
18	18	26373
18	18	26381
18	18	26390
18	18	26398
18	18	26407
18	18	26416
18	18	26425
18	18	26434
18	18	26443
18	18	26452
18	18	26461
18	18	26469
18	18	26478
18	18	26487
18	18	26496
18	18	26505
18	18	26514
18	18	26523
18	18	26531
18	18	26539
18	18	26547
18	18	26555
18	18	26563
18	18	26572
18	18	26580
18	18	26589
18	18	26597
18	18	26606
19	19	26615
21	21	26624
23	23	26633
23	23	26642
24	24	26650
26	26	26659
29	29	26667
30	30	26676
34	34	26685
36	36	26694
39	39	26703
46	46	26712
49	49	26721
61	61	26729
65	65	26738
71	71	26747
84	84	26756
103	103	26764
108	108	26772
125	125	26781
132	132	26790
153	153	26799
161	161	26808
169	169	26817
192	192	26825
201	201	26833
210	210	26841
235	235	26850
245	245	26859
280	280	26868
291	291	26877
321	321	26886
333	333	26895
369	369	26903
383	383	26912
397	397	26920
437	437	26928
454	454	26937
470	470	26946
527	527	26955
598	598	26964
611	611	26973
626	626	26982
662	662	26991
674	674	26999
685	685	27008
711	711	27016
721	721	27025
741	741	27033
749	749	27041
755	755	27050
766	766	27059
776	776	27068
778	778	27077
780	780	27086
781	781	27095
782	782	27103
783	783	27111
784	784	27120
784	784	27129
785	785	27137
786	786	27145
787	787	27154
788	788	27163
790	790	27172
797	797	27181
804	804	27190
807	807	27198
811	811	27206
819	819	27215
822	822	27223
825	825	27231
833	833	27240
836	836	27249
847	847	27257
851	851	27266
859	859	27276
873	873	27285
876	876	27294
880	880	27302
890	890	27311
895	895	27320
899	899	27329
914	914	27337
921	921	27346
935	935	27354
941	941	27363
959	959	27372
963	963	27380
971	971	27389
973	973	27397
975	975	27406
977	977	27414
978	978	27423
980	980	27431
981	981	27440
982	982	27449
982	982	27457
982	982	27465
983	983	27474
983	983	27482
983	983	27491
983	983	27499
983	983	27507
983	983	27515
983	983	27524
983	983	27532
983	983	27541
983	983	27549
983	983	27557
983	983	27565
983	983	27573
983	983	27581
983	983	27590
983	983	27599
983	983	27608
983	983	27617
983	983	27626
983	983	27635
983	983	27644
983	983	27653
983	983	27662
983	983	27671
983	983	27679
983	983	27688
983	983	27696
984	984	27704
986	986	27713
988	988	27722
989	989	27730
990	990	27738
992	992	27746
994	994	27755
997	997	27763
997	997	27772
998	998	27781
998	998	27790
998	998	27799
998	998	27808
998	998	27817
998	998	27826
998	998	27835
998	998	27844
998	998	27853
997	997	27861
996	996	27870
991	991	27878
987	987	27886
974	974	27895
964	964	27904
955	955	27913
924	924	27922
909	909	27930
895	895	27939
838	838	27948
802	802	27957
790	790	27965
778	778	27973
750	750	27982
741	741	27991
718	718	27999
712	712	28008
705	705	28016
689	689	28025
683	683	28033
677	677	28041
662	662	28050
656	656	28059
636	636	28068
632	632	28077
620	620	28086
617	617	28095
612	612	28103
602	602	28112
598	598	28121
587	587	28129
583	583	28137
576	576	28146
559	559	28154
551	551	28162
526	526	28170
517	517	28179
485	485	28188
477	477	28197
469	469	28206
450	450	28215
443	443	28224
427	427	28233
420	420	28242
414	414	28251
397	397	28260
374	374	28269
367	367	28278
362	362	28286
351	351	28295
348	348	28303
345	345	28312
338	338	28321
336	336	28330
333	333	28338
328	328	28347
318	318	28355
316	316	28364
313	313	28373
307	307	28382
305	305	28391
299	299	28400
297	297	28409
295	295	28417
292	292	28425
292	292	28433
292	292	28441
292	292	28449
292	292	28457
292	292	28465
292	292	28473
292	292	28481
292	292	28490
292	292	28498
293	293	28507
295	295	28516
304	304	28525
310	310	28534
318	318	28543
338	338	28551
349	349	28560
361	361	28568
395	395	28577
407	407	28585
439	439	28594
451	451	28603
495	495	28611
508	508	28619
545	545	28628
558	558	28637
571	571	28645
610	610	28653
623	623	28662
635	635	28670
673	673	28679
688	688	28687
701	701	28695
733	733	28704
744	744	28713
771	771	28722
780	780	28731
811	811	28740
817	817	28750
834	834	28759
838	838	28767
842	842	28775
848	848	28783
850	850	28792
850	850	28800
850	850	28809
850	850	28818
850	850	28827
850	850	28836
850	850	28845
850	850	28854
850	850	28863
850	850	28871
850	850	28879
850	850	28887
850	850	28895
850	850	28904
846	846	28913
843	843	28921
839	839	28930
826	826	28939
819	819	28947
793	793	28956
785	785	28965
756	756	28973
743	743	28982
697	697	28990
677	677	28998
657	657	29007
583	583	29015
558	558	29024
530	530	29033
460	460	29041
437	437	29050
415	415	29059
353	353	29067
298	298	29075
286	286	29083
273	273	29091
242	242	29099
231	231	29108
203	203	29117
192	192	29126
183	183	29135
162	162	29144
155	155	29153
142	142	29162
138	138	29171
134	134	29179
125	125	29188
123	123	29197
119	119	29206
117	117	29214
113	113	29223
112	112	29231
109	109	29240
108	108	29249
107	107	29259
103	103	29267
95	95	29275
92	92	29284
89	89	29292
84	84	29300
82	82	29309
81	81	29318
80	80	29327
80	80	29336
80	80	29344
80	80	29352
80	80	29360
80	80	29369
80	80	29378
80	80	29386
80	80	29394
79	79	29402
74	74	29411
72	72	29420
67	67	29429
64	64	29438
61	61	29446
59	59	29455
58	58	29463
54	54	29472
53	53	29481
51	51	29490
48	48	29498
48	48	29506
45	45	29514
44	44	29522
43	43	29531
39	39	29540
37	37	29549
36	36	29557
35	35	29565
34	34	29574
34	34	29583
33	33	29592
32	32	29600
32	32	29609
32	32	29618
32	32	29626
32	32	29634
32	32	29643
32	32	29651
32	32	29660
32	32	29668
31	31	29677
31	31	29686
31	31	29695
30	30	29704
30	30	29713
30	30	29722
30	30	29731
30	30	29739
30	30	29748
30	30	29757
30	30	29766
30	30	29775
30	30	29783
30	30	29793
30	30	29803
30	30	29812
35	35	29820
36	36	29829
37	37	29838
39	39	29847
42	42	29855
47	47	29864
52	52	29872
57	57	29880
72	72	29889
91	91	29897
99	99	29906
111	111	29915
158	158	29924
172	172	29932
219	219	29940
235	235	29949
292	292	29958
309	309	29966
325	325	29974
369	369	29983
384	384	29991
397	397	30000
427	427	30008
438	438	30016
464	464	30024
473	473	30033
482	482	30042
506	506	30051
535	535	30060
541	541	30069
548	548	30078
560	560	30087
566	566	30096
570	570	30104
579	579	30113
582	582	30122
590	590	30130
597	597	30139
597	597	30147
606	606	30156
609	609	30164
614	614	30173
616	616	30181
619	619	30190
620	620	30198
621	621	30207
624	624	30215
629	629	30223
631	631	30231
637	637	30240
639	639	30249
642	642	30258
649	649	30267
657	657	30276
660	660	30285
663	663	30293
668	668	30301
671	671	30309
677	677	30318
680	680	30326
682	682	30334
688	688	30343
690	690	30352
692	692	30360
698	698	30368
700	700	30377
705	705	30385
707	707	30394
708	708	30402
713	713	30410
715	715	30418
717	717	30427
723	723	30435
725	725	30444
727	727	30453
731	731	30461
732	732	30470
734	734	30479
736	736	30488
737	737	30496
739	739	30505
741	741	30513
741	741	30521
743	743	30530
743	743	30538
743	743	30546
743	743	30554
743	743	30563
743	743	30572
743	743	30580
744	744	30588
744	744	30597
744	744	30605
745	745	30613
745	745	30622
746	746	30630
748	748	30639
748	748	30647
748	748	30655
748	748	30664
748	748	30673
748	748	30682
748	748	30691
748	748	30701
748	748	30709
748	748	30718
748	748	30727
748	748	30736
748	748	30746
748	748	30754
748	748	30763
748	748	30772
749	749	30781
749	749	30790
749	749	30798
749	749	30807
749	749	30816
749	749	30825
749	749	30834
749	749	30842
749	749	30850
749	749	30859
749	749	30868
749	749	30877
749	749	30886
749	749	30895
749	749	30904
743	743	30913
739	739	30922
735	735	30931
713	713	30940
692	692	30949
684	684	30958
678	678	30966
661	661	30974
656	656	30982
652	652	30991
641	641	30999
638	638	31007
630	630	31016
626	626	31024
623	623	31032
614	614	31041
609	609	31049
599	599	31057
596	596	31066
592	592	31075
577	577	31084
573	573	31093
562	562	31102
558	558	31111
547	547	31120
541	541	31130
534	534	31139
516	516	31148
500	500	31157
477	477	31166
469	469	31175
444	444	31184
435	435	31193
427	427	31201
403	403	31210
394	394	31219
370	370	31227
353	353	31236
328	328	31245
320	320	31254
311	311	31263
288	288	31272
280	280	31281
260	260	31290
252	252	31299
232	232	31308
228	228	31317
216	216	31326
212	212	31334
207	207	31343
196	196	31352
193	193	31360
190	190	31369
182	182	31377
179	179	31385
172	172	31394
169	169	31403
161	161	31411
158	158	31419
153	153	31428
150	150	31437
147	147	31445
141	141	31454
138	138	31462
136	136	31470
130	130	31479
128	128	31487
125	125	31496
123	123	31505
120	120	31513
119	119	31522
117	117	31530
113	113	31538
112	112	31546
109	109	31555
103	103	31563
99	99	31572
98	98	31581
97	97	31590
93	93	31598
91	91	31606
88	88	31614
86	86	31623
84	84	31631
81	81	31640
79	79	31649
78	78	31658
75	75	31667
69	69	31676
66	66	31685
64	64	31694
61	61	31703
59	59	31712
56	56	31720
55	55	31728
54	54	31736
51	51	31744
50	50	31753
46	46	31762
46	46	31771
45	45	31780
42	42	31789
42	42	31797
41	41	31805
40	40	31813
40	40	31822
39	39	31830
38	38	31838
37	37	31847
36	36	31856
34	34	31864
33	33	31872
31	31	31880
31	31	31888
30	30	31896
29	29	31905
29	29	31914
29	29	31923
29	29	31932
27	27	31941
26	26	31950
25	25	31959
24	24	31968
24	24	31976
24	24	31984
23	23	31993
23	23	32001
23	23	32009
23	23	32017
24	24	32026
25	25	32034
28	28	32043
34	34	32052
41	41	32061
44	44	32070
53	53	32079
57	57	32087
60	60	32096
72	72	32104
76	76	32113
81	81	32122
93	93	32131
108	108	32139
114	114	32147
118	118	32155
128	128	32164
132	132	32173
136	136	32182
146	146	32190
149	149	32198
154	154	32207
157	157	32216
158	158	32224
163	163	32232
164	164	32240
167	167	32248
167	167	32257
169	169	32266
171	171	32274
171	171	32283
173	173	32292
174	174	32301
176	176	32310
176	176	32319
177	177	32327
179	179	32336
179	179	32344
182	182	32352
183	183	32360
184	184	32369
186	186	32378
187	187	32387
188	188	32396
189	189	32405
190	190	32413
191	191	32422
191	191	32431
194	194	32439
194	194	32448
195	195	32457
195	195	32466
195	195	32475
195	195	32483
195	195	32492
195	195	32501
195	195	32510
195	195	32518
195	195	32527
196	196	32536
196	196	32546
197	197	32555
197	197	32564
198	198	32573
198	198	32582
199	199	32591
199	199	32600
199	199	32609
199	199	32617
199	199	32626
199	199	32635
199	199	32643
199	199	32651
196	196	32659
194	194	32668
192	192	32677
187	187	32685
184	184	32693
181	181	32702
173	173	32710
169	169	32719
164	164	32728
155	155	32737
151	151	32745
139	139	32754
135	135	32763
121	121	32772
116	116	32781
104	104	32790
101	101	32798
97	97	32807
86	86	32816
81	81	32825
79	79	32833
68	68	32841
64	64	32850
53	53	32859
50	50	32868
40	40	32877
37	37	32886
33	33	32894
32	32	32903
30	30	32911
28	28	32919
27	27	32927
25	25	32935
25	25	32943
25	25	32952
24	24	32961
24	24	32969
22	22	32978
22	22	32986
22	22	32995
22	22	33004
22	22	33013
22	22	33022
22	22	33031
22	22	33040
22	22	33049
21	21	33058
21	21	33067
21	21	33076
21	21	33084
21	21	33093
21	21	33102
21	21	33110
21	21	33119
21	21	33127
21	21	33136
21	21	33144
21	21	33153
21	21	33161
21	21	33169
21	21	33178
21	21	33186
21	21	33195
21	21	33204
22	22	33212
23	23	33221
28	28	33229
30	30	33238
33	33	33247
41	41	33256
46	46	33265
50	50	33274
64	64	33282
66	66	33291
80	80	33300
93	93	33309
99	99	33318
114	114	33327
121	121	33336
127	127	33345
141	141	33354
148	148	33363
167	167	33372
172	172	33380
183	183	33389
189	189	33397
198	198	33406
202	202	33414
205	205	33423
213	213	33431
215	215	33440
218	218	33448
221	221	33457
222	222	33466
226	226	33475
228	228	33483
232	232	33492
233	233	33501
236	236	33509
238	238	33517
242	242	33525
243	243	33533
244	244	33542
248	248	33551
249	249	33560
250	250	33568
252	252	33576
254	254	33585
257	257	33593
259	259	33602
260	260	33610
266	266	33618
269	269	33627
277	277	33636
280	280	33644
291	291	33653
294	294	33662
297	297	33671
305	305	33680
306	306	33688
310	310	33696
311	311	33704
313	313	33712
317	317	33721
318	318	33730
320	320	33738
324	324	33746
326	326	33754
326	326	33763
327	327	33772
327	327	33780
327	327	33789
327	327	33797
327	327	33805
327	327	33814
327	327	33823
327	327	33832
327	327	33841
327	327	33850
327	327	33859
327	327	33868
327	327	33877
327	327	33886
327	327	33895
327	327	33904
327	327	33913
327	327	33921
327	327	33930
325	325	33938
325	325	33947
320	320	33956
316	316	33966
313	313	33975
310	310	33983
300	300	33992
296	296	34000
290	290	34009
277	277	34017
270	270	34025
257	257	34034
250	250	34042
242	242	34050
229	229	34059
222	222	34067
204	204	34076
192	192	34086
179	179	34095
164	164	34103
157	157	34111
152	152	34120
141	141	34128
138	138	34137
129	129	34145
126	126	34154
123	123	34163
115	115	34172
112	112	34181
106	106	34190
103	103	34198
99	99	34207
97	97	34216
96	96	34225
92	92	34233
91	91	34241
89	89	34250
87	87	34258
86	86	34266
82	82	34274
81	81	34283
77	77	34292
75	75	34300
72	72	34308
71	71	34316
64	64	34324
61	61	34332
58	58	34341
54	54	34350
51	51	34359
47	47	34368
45	45	34376
44	44	34385
41	41	34393
40	40	34402
38	38	34411
34	34	34420
32	32	34429
31	31	34438
31	31	34447
30	30	34455
30	30	34463
30	30	34471
30	30	34479
30	30	34487
30	30	34496
30	30	34505
